24h( un jeu de donné)/PH_20111105220000.asc
NCOLS 95
NROWS 110
XLLCENTER 939500
YLLCENTER 1831500
CELLSIZE 1000
NODATA_VALUE -999
[rows 0 to 36 of 110, columns 0 to 83 of 95]
0.75 0.82 0.70 0.45 0.67 0.63 0.61 0.60 0.68 0.74 0.70 0.74 0.67 0.77 0.70 0.69 0.74 0.85 0.77 1.18 1.46 1.58 1.89 1.66 1.49 1.70 1.81 1.87 1.88 1.79 1.82 1.77 1.73 1.66 1.81 1.66 1.73 1.84 1.80 1.71 1.73 1.70 1.61 1.01 1.42 1.40 1.38 1.28 1.33 1.46 1.48 1.40 1.51 1.31 1.28 1.31 1.39 1.46 1.32 1.34 1.27 1.23 1.07 1.04 0.83 0.69 0.66 0.64 0.74 0.79 0.83 0.77 0.76 0.78 0.64 0.66 0.77 0.87 0.93 0.83 0.81 0.69 0.57 0.54
0.75 0.76 0.74 0.53 0.64 0.59 0.64 0.66 0.73 0.74 0.81 0.78 0.81 0.82 0.88 0.88 0.88 0.93 0.83 1.07 1.30 1.44 1.60 0.98 1.10 1.68 1.93 1.64 1.84 1.88 1.92 1.86 1.77 1.87 1.90 1.76 1.84 1.90 1.90 1.79 1.84 1.68 1.49 1.14 1.40 1.53 1.41 1.43 1.36 1.50 1.57 1.56 1.52 1.43 1.38 1.48 1.56 1.59 0.92 1.20 1.38 1.19 1.13 1.12 0.86 0.83 0.73 0.78 0.78 0.92 0.88 0.80 0.77 0.68 0.67 0.70 0.76 0.86 0.98 0.87 0.71 0.64 0.60 0.76
0.53 0.54 0.68 0.65 0.66 0.66 0.61 0.66 0.75 0.74 0.88 0.93 0.91 0.89 0.95 0.97 0.88 1.01 1.05 1.07 1.23 1.51 1.64 1.81 1.86 1.85 1.73 1.80 1.84 1.93 2.01 1.91 1.92 1.80 1.90 1.67 1.92 1.91 1.91 1.79 1.94 1.78 1.48 1.02 1.66 1.59 1.49 1.46 1.44 1.53 1.62 1.57 1.65 1.52 1.43 1.51 1.71 1.48 1.41 1.62 1.53 1.38 1.37 1.24 0.95 0.98 0.90 0.89 0.89 1.00 0.95 0.85 0.78 0.64 0.66 0.70 0.82 0.73 0.68 0.73 0.61 0.69 0.68 0.74
0.70 0.59 0.71 0.51 0.60 0.72 0.72 0.59 0.66 0.72 0.96 0.92 1.02 1.06 1.05 1.10 1.09 1.01 1.12 1.08 1.09 1.36 1.59 1.65 1.82 1.86 1.24 1.87 1.76 2.05 1.96 1.86 1.88 1.78 1.92 1.91 1.93 1.94 1.89 1.86 1.95 1.87 1.31 1.00 1.35 1.56 1.53 1.57 1.54 1.59 1.61 1.59 1.67 1.53 1.50 1.62 1.71 1.70 0.99 1.51 1.25 1.49 1.54 1.23 1.09 1.08 1.02 1.10 1.05 1.12 1.01 0.89 0.74 0.65 0.68 0.74 0.83 0.71 0.69 0.69 0.64 0.68 0.68 0.78
0.68 0.33 0.49 0.72 0.73 0.75 0.66 0.75 0.72 0.70 0.79 1.06 1.09 1.07 1.14 1.20 1.02 1.24 1.01 1.20 0.93 1.32 1.47 1.53 1.82 1.79 1.79 1.38 1.99 1.95 1.88 1.87 1.94 1.95 2.05 2.04 1.77 1.67 1.86 1.88 2.13 1.96 1.78 1.28 1.38 1.69 1.59 1.62 1.59 1.61 1.62 1.66 1.77 1.64 1.59 1.65 1.85 1.96 1.09 1.50 1.05 1.30 1.60 1.29 1.25 1.19 1.21 1.28 1.22 1.20 1.07 0.95 0.85 0.73 0.73 0.90 0.94 0.84 0.73 0.59 0.67 0.76 0.76 0.75
0.95 0.81 0.64 0.70 0.72 0.81 0.75 0.85 0.74 0.78 0.88 0.95 1.11 1.16 1.09 1.22 1.20 1.27 1.23 1.24 1.14 1.26 1.35 1.33 1.55 1.61 1.56 1.02 1.79 1.94 1.99 1.90 1.89 2.02 2.02 2.00 1.79 1.87 1.81 1.97 2.08 1.98 2.07 1.33 1.44 1.66 1.65 1.61 1.58 1.64 1.68 1.73 1.75 1.77 1.68 1.73 1.88 1.63 1.46 1.40 1.59 1.52 1.63 1.31 1.36 1.32 1.31 1.31 1.39 1.27 1.19 1.07 0.99 0.96 1.01 0.99 1.03 0.88 0.66 0.60 0.63 0.71 0.70 0.78
0.63 0.67 0.68 0.83 0.95 0.92 0.74 0.80 0.79 0.83 0.83 0.92 1.03 1.07 1.08 1.22 1.29 1.34 1.31 1.15 1.26 1.27 1.28 1.37 1.38 1.42 1.29 1.22 1.89 1.74 1.92 1.80 1.96 2.11 2.03 1.88 1.95 1.83 1.73 2.15 2.12 2.00 2.16 1.67 1.05 1.61 1.65 1.73 1.60 1.67 1.82 1.80 1.78 1.74 1.72 1.85 1.85 1.36 1.50 0.90 1.51 1.83 1.45 1.39 1.54 1.46 1.47 1.46 1.43 1.38 1.41 1.23 1.12 1.11 1.08 1.12 1.06 0.80 0.73 0.67 0.70 0.74 0.73 0.78
0.91 0.88 0.93 0.94 0.85 0.78 0.76 0.98 0.86 0.84 0.87 0.89 0.97 1.13 1.17 1.27 1.34 1.40 1.29 1.35 1.30 1.40 1.31 1.39 1.38 1.44 1.39 1.06 1.13 1.65 1.86 2.00 2.09 2.03 2.03 1.98 2.04 1.95 1.74 1.96 2.02 1.85 2.06 1.47 1.03 1.70 1.68 1.74 1.65 1.72 1.79 1.77 1.82 1.78 1.72 1.79 1.63 1.61 1.57 1.46 1.25 1.77 1.46 1.46 1.61 1.56 1.49 1.61 1.56 1.47 1.31 1.32 1.14 1.18 1.16 1.15 1.07 0.75 0.73 0.73 0.78 0.79 0.81 0.81
0.95 0.83 0.82 0.94 0.93 0.76 0.75 0.92 0.97 0.95 0.93 1.00 0.99 1.03 1.26 1.32 1.35 1.36 1.38 1.39 1.27 1.48 1.10 1.29 1.26 1.28 1.25 0.85 0.96 2.21 1.77 2.01 1.98 2.06 2.14 1.98 2.04 1.95 1.93 1.93 2.07 2.22 2.05 1.40 1.05 1.79 1.67 1.72 1.67 1.88 1.81 1.76 1.80 1.72 1.70 1.90 1.77 1.57 1.43 1.48 0.87 1.63 1.42 1.45 1.55 1.53 1.50 1.54 1.58 1.52 1.42 1.38 1.35 1.32 1.28 1.18 1.00 0.93 0.82 0.80 0.86 0.88 0.92 0.83
0.94 0.80 0.93 0.86 0.71 0.77 0.96 0.88 0.90 1.03 0.87 0.95 1.03 1.06 1.12 1.34 1.40 1.34 1.32 1.48 1.46 1.38 1.33 1.05 1.27 1.28 1.36 1.09 0.71 4.70 2.49 1.72 1.94 2.02 2.10 2.10 2.08 2.11 1.94 1.94 2.40 1.76 2.10 1.57 0.90 1.69 1.62 1.67 1.69 1.77 1.86 1.75 1.80 1.70 1.76 1.98 1.71 1.30 1.07 1.40 1.09 1.50 1.34 1.44 1.47 1.50 1.48 1.54 1.54 1.45 1.48 1.46 1.39 1.47 1.40 1.16 1.02 1.04 1.04 0.93 0.97 0.94 0.87 0.83
0.91 0.77 0.84 0.85 0.69 0.75 0.79 0.97 1.00 0.91 1.15 0.85 1.08 1.09 1.18 1.32 1.44 1.44 1.47 1.54 1.53 1.52 1.46 1.38 1.30 1.39 1.31 1.46 0.82 0.99 1.02 1.66 1.62 2.96 2.12 1.99 2.18 2.18 2.14 1.97 2.15 2.09 2.23 1.91 1.32 1.66 1.65 1.73 1.74 1.83 1.90 1.75 1.77 1.80 1.78 1.40 1.36 1.27 1.09 1.58 1.37 1.34 1.36 1.34 1.36 1.49 1.57 1.56 1.53 1.48 1.38 1.50 1.50 1.51 1.42 1.14 1.06 1.15 1.10 1.06 1.04 0.93 0.96 0.92
0.79 0.79 0.70 0.69 0.69 0.69 0.83 0.81 0.86 0.88 0.96 0.96 0.94 1.10 1.10 1.27 1.47 1.54 1.58 1.56 1.68 1.68 1.51 1.43 1.20 1.49 1.38 1.49 1.25 0.50 0.78 1.82 1.55 1.22 1.21 3.83 2.34 2.19 2.18 1.98 2.15 2.24 2.21 1.89 1.29 1.84 1.78 1.77 1.78 1.92 1.91 1.87 1.81 1.73 1.79 1.14 0.81 1.07 1.17 1.30 1.32 1.29 1.33 1.30 1.30 1.50 1.51 1.48 1.32 1.35 1.32 1.49 1.50 1.41 1.24 1.13 1.14 1.17 1.15 1.13 1.00 1.02 0.98 1.02
0.79 0.77 0.75 0.62 0.76 0.87 0.77 0.59 0.76 0.85 0.72 0.78 1.11 0.81 1.19 1.25 1.33 1.49 1.58 1.56 1.57 1.55 1.58 1.60 1.54 1.53 1.54 1.51 1.34 0.63 0.80 0.81 1.40 1.60 1.96 2.10 2.30 2.38 2.27 2.18 1.80 1.41 1.83 2.01 1.76 1.89 1.82 1.82 1.81 1.97 1.97 1.90 1.71 1.75 1.82 1.41 1.36 1.26 1.68 1.26 1.48 1.28 1.32 1.40 1.34 1.43 1.44 1.44 1.31 1.29 1.38 1.51 1.52 1.35 1.12 1.07 1.11 1.15 1.13 1.17 1.18 1.15 1.05 1.02
0.97 0.90 0.81 0.90 0.60 0.84 0.81 0.85 0.56 0.36 0.38 0.23 0.76 0.58 0.64 1.22 1.26 1.43 1.47 1.47 1.52 1.55 1.63 1.56 1.52 1.65 1.69 1.65 1.67 0.92 0.54 0.74 1.83 1.76 2.75 1.82 2.05 2.40 2.43 2.12 1.71 1.31 1.90 2.26 2.15 1.77 1.88 1.90 1.89 2.05 1.93 1.91 1.73 1.74 1.88 1.21 1.38 0.72 1.41 1.48 1.44 1.37 1.41 1.43 1.47 1.45 1.39 1.33 1.29 1.33 1.40 1.45 1.37 1.21 1.08 1.14 1.07 1.20 1.09 1.13 1.21 1.20 1.14 1.04
0.96 0.78 0.87 0.91 0.86 0.74 0.81 0.83 0.74 0.39 0.80 0.62 3.01 0.89 0.65 0.63 1.28 1.35 1.48 1.45 1.36 1.66 1.65 1.73 1.59 1.79 1.76 1.73 1.70 1.39 0.78 0.40 1.70 1.91 1.73 1.96 1.94 2.38 2.30 2.22 2.26 2.34 1.90 2.29 2.13 1.86 1.83 1.92 1.93 1.99 1.99 1.92 1.80 1.77 1.98 1.90 1.45 1.34 1.91 1.73 1.41 1.39 1.44 1.52 1.57 1.42 1.39 1.27 1.32 1.37 1.34 1.40 1.18 1.12 1.11 1.10 1.05 1.09 1.05 1.15 1.15 1.19 1.19 1.06
1.15 1.04 1.01 1.33 0.98 0.95 0.80 0.91 0.92 0.86 0.78 7.58 2.65 0.90 0.88 0.72 0.84 1.45 1.51 1.48 1.71 2.00 1.64 1.82 1.80 1.75 1.72 1.90 1.80 1.72 0.98 0.45 0.71 2.13 2.33 3.22 2.58 2.03 1.97 2.00 1.98 2.07 1.56 2.42 2.17 2.14 1.87 1.90 1.87 1.87 1.88 1.85 1.74 1.85 2.04 1.96 1.44 1.44 0.98 1.48 1.32 1.48 1.52 1.55 1.55 1.44 1.30 1.25 1.38 1.39 1.20 1.19 1.09 1.10 1.12 1.07 1.06 1.04 1.18 1.12 1.18 1.15 1.05 1.04
1.01 1.08 0.97 0.92 0.95 0.95 1.04 0.93 0.83 0.59 0.87 2.91 4.99 0.53 0.72 0.45 0.75 0.74 1.31 1.50 1.52 1.51 1.57 1.61 1.76 1.80 1.97 1.95 1.78 1.68 1.16 0.51 0.70 1.99 2.23 1.44 2.06 2.09 1.91 1.86 1.97 1.93 1.84 2.43 2.15 1.85 1.96 1.90 1.88 1.90 1.86 1.85 1.76 1.84 1.83 1.90 1.17 1.54 1.18 1.58 1.45 1.49 1.43 1.54 1.56 1.51 1.29 1.31 1.37 1.25 1.27 1.16 1.09 1.13 1.10 1.07 1.17 1.17 1.20 1.16 1.12 1.00 0.97 0.96
0.92 1.01 1.32 0.90 0.81 0.96 1.29 0.92 0.65 0.64 1.14 2.17 1.98 0.49 0.37 0.39 0.99 0.83 0.86 1.47 1.37 1.62 2.04 1.69 1.89 2.03 1.75 1.99 2.11 1.67 1.86 0.95 0.60 0.75 1.50 1.55 1.48 1.96 1.97 1.81 2.05 2.15 2.28 1.55 2.29 2.21 2.04 1.89 1.90 2.01 1.91 1.89 1.77 1.81 1.44 1.56 1.51 1.88 1.58 1.51 1.51 1.47 1.47 1.57 1.54 1.57 1.42 1.39 1.44 1.37 1.29 1.25 1.10 1.17 1.14 1.10 1.13 1.21 1.15 1.21 1.12 1.00 1.11 1.07
0.80 0.81 0.91 1.18 0.92 0.85 0.87 1.08 0.80 0.97 1.14 1.41 1.36 0.42 0.29 1.14 3.97 1.12 1.41 2.65 1.23 1.52 1.45 1.94 1.85 1.99 2.06 2.21 2.15 1.73 1.64 1.22 0.89 1.04 0.73 0.81 1.69 1.94 2.00 1.63 1.92 2.19 1.97 2.20 2.29 2.08 1.95 1.96 1.91 2.05 2.01 1.93 1.77 1.79 1.55 1.70 1.51 1.83 1.45 1.49 1.59 1.61 1.61 1.58 1.56 1.48 1.47 1.43 1.30 1.42 1.37 1.29 1.22 1.20 1.16 1.17 1.20 1.25 1.19 1.12 1.01 1.06 1.05 1.11
0.68 0.82 0.64 0.83 1.19 1.02 1.07 0.82 1.19 0.62 1.38 1.58 1.25 0.53 0.46 1.06 1.20 1.20 8.69 1.21 1.60 1.34 1.43 1.53 1.68 1.74 2.20 2.20 2.54 2.40 1.63 1.50 1.30 0.64 0.80 1.43 0.95 0.85 2.55 2.41 2.24 2.09 2.30 2.35 2.07 1.75 1.85 1.89 1.79 2.10 1.95 1.92 1.75 1.89 1.91 1.48 1.67 1.20 0.83 1.48 1.73 1.62 1.65 1.56 1.50 1.51 1.57 1.42 1.34 1.43 1.42 1.35 1.29 1.19 1.13 1.24 1.26 1.24 1.20 1.08 1.02 1.09 1.17 1.08
0.68 0.65 0.86 0.68 0.88 1.00 1.81 1.19 1.00 1.83 1.76 1.50 1.28 0.70 1.02 0.89 0.95 1.11 0.75 2.59 1.19 0.37 0.60 1.44 1.54 1.88 2.09 2.31 2.33 2.10 1.85 1.34 1.33 0.67 0.72 1.12 1.32 0.94 3.54 2.32 2.14 2.22 2.19 2.01 1.89 1.72 1.74 1.73 1.72 1.90 2.99 2.06 1.73 1.97 1.85 1.77 2.03 0.58 0.65 1.04 1.75 1.72 1.69 1.60 1.47 1.63 1.65 1.39 1.23 1.43 1.53 1.47 1.36 1.19 1.26 1.30 1.36 1.26 1.14 1.04 1.04 1.09 1.03 1.09
0.81 0.64 0.47 0.60 0.90 0.73 1.03 1.55 1.23 1.74 1.21 2.08 1.30 1.45 0.90 1.34 0.65 0.45 0.66 1.34 1.04 0.66 0.32 1.13 2.68 2.34 2.24 1.98 2.07 2.00 2.13 1.74 1.59 1.23 0.72 0.69 1.55 0.91 3.94 4.07 2.28 2.26 2.22 2.18 2.18 2.04 1.54 1.62 1.57 1.71 1.87 1.74 1.84 2.15 2.08 1.62 1.90 1.91 1.08 1.95 1.89 1.83 1.72 1.51 1.53 1.66 1.57 1.40 1.41 1.44 1.65 1.75 1.51 1.39 1.48 1.35 1.37 1.20 1.07 1.11 1.00 1.00 1.04 1.01
0.85 0.87 0.82 0.84 0.68 0.71 0.81 0.95 1.44 1.81 1.27 0.92 1.37 3.87 2.36 1.09 1.26 0.71 1.48 1.67 1.10 1.42 0.89 0.55 0.66 1.78 2.38 1.79 2.03 2.13 2.16 2.02 1.38 0.98 0.70 0.99 1.54 1.42 2.93 6.10 3.72 2.67 2.14 1.98 2.00 1.94 1.83 1.52 1.52 1.58 1.67 1.55 1.68 2.20 2.10 1.84 1.77 1.88 1.64 1.47 1.87 1.58 1.86 1.53 1.58 1.63 1.64 1.45 1.54 1.54 1.72 1.96 1.76 1.67 1.52 1.38 1.26 1.20 1.06 1.00 1.01 1.01 0.90 1.12
0.86 0.65 0.84 0.67 1.09 0.86 0.79 0.96 0.56 1.35 1.68 1.35 1.01 3.19 5.41 3.32 1.40 1.60 1.33 1.30 1.15 1.42 2.01 0.78 0.51 0.62 2.35 2.30 2.13 2.31 2.32 2.30 1.92 2.08 2.37 2.31 2.13 2.02 1.36 3.55 3.05 2.83 2.38 1.78 1.77 1.93 1.58 1.58 1.59 1.57 1.50 1.38 1.45 1.91 2.03 1.90 1.78 1.87 1.04 1.41 2.13 2.11 2.12 1.78 1.62 1.32 1.68 1.54 1.66 1.82 1.92 1.91 1.96 1.54 1.51 1.30 1.23 1.20 1.11 1.06 1.09 1.06 0.95 0.96
0.76 0.74 0.75 0.71 0.62 1.22 1.11 0.75 1.33 2.69 3.33 2.20 1.81 2.15 4.28 8.26 4.36 2.22 1.55 1.18 1.17 1.71 6.43 3.20 0.76 0.34 1.91 1.32 1.56 1.93 1.73 1.64 2.20 1.70 2.95 1.93 2.08 1.68 1.25 1.62 2.06 2.63 2.76 2.53 1.62 1.94 1.37 1.72 1.71 1.74 1.62 1.38 1.43 1.70 1.72 1.71 1.78 1.75 1.76 2.68 2.51 2.14 2.37 2.23 1.83 1.87 1.86 1.68 1.68 1.82 1.88 2.04 1.71 1.77 1.45 1.50 1.40 1.30 1.10 1.02 1.18 0.94 0.85 1.15
0.75 0.63 0.72 0.71 0.80 0.97 1.32 1.28 1.33 2.13 3.07 1.44 2.04 2.96 1.64 2.44 8.43 5.75 3.05 3.24 1.91 6.45 10.46 9.96 4.28 1.04 0.67 1.84 1.34 1.50 1.57 1.71 1.74 1.74 1.75 2.01 1.78 1.74 1.49 1.73 1.99 2.19 2.51 2.22 2.13 1.12 1.63 1.69 1.70 1.72 1.62 1.40 1.69 1.56 1.40 1.44 1.59 1.68 1.70 1.88 1.77 1.83 2.34 2.21 1.77 1.09 4.17 2.08 1.93 1.65 1.86 1.56 1.85 1.57 1.64 1.62 1.56 1.44 1.08 0.84 0.83 0.98 0.75 0.98
0.92 0.85 0.78 0.41 0.81 0.77 1.11 1.98 2.01 1.17 1.25 1.83 1.76 0.92 2.79 1.57 2.18 6.64 6.35 4.16 3.88 4.48 11.05 14.85 3.11 1.75 1.62 0.67 1.96 1.45 1.74 1.80 1.84 1.89 2.18 2.05 1.79 1.67 1.59 1.75 2.00 1.86 1.78 2.72 3.92 0.82 1.25 1.45 1.83 1.98 1.94 1.75 1.92 1.79 1.72 1.48 0.62 1.92 1.46 1.59 1.62 1.66 1.68 1.88 1.41 0.26 1.91 2.96 2.47 2.04 1.20 1.26 1.67 1.58 1.71 1.58 1.55 1.36 1.21 0.88 0.94 1.06 1.23 1.16
0.67 0.70 1.00 0.87 0.63 0.43 0.82 0.78 1.28 1.34 1.51 1.69 1.65 1.28 1.48 3.14 1.92 1.56 5.95 7.21 4.14 4.97 5.08 10.04 1.50 1.77 1.49 2.72 0.36 1.34 1.13 1.64 1.98 2.06 2.38 2.55 1.85 2.16 1.50 1.81 1.79 1.74 1.64 1.74 2.41 1.43 0.97 1.67 1.83 1.92 1.72 1.81 1.87 1.84 1.75 1.01 0.47 0.24 0.21 0.86 1.57 1.57 1.65 1.48 1.76 1.75 1.93 1.98 2.08 1.98 1.88 1.31 1.69 1.80 1.62 1.45 1.27 1.49 1.17 1.13 1.35 1.37 1.23 1.30
1.91 0.81 0.46 0.94 1.09 0.83 0.37 0.30 0.50 0.98 1.37 1.45 2.37 2.54 4.77 2.46 2.44 2.01 1.42 3.59 6.29 3.81 3.71 3.47 1.65 1.49 8.84 4.29 1.41 1.12 1.46 1.34 1.94 2.48 1.62 2.34 3.51 2.15 2.08 2.01 4.78 1.97 1.77 1.77 2.06 1.45 1.02 1.03 1.84 1.76 1.37 1.26 1.54 1.96 1.81 0.95 0.30 0.22 0.30 0.34 1.23 1.43 4.13 1.80 1.90 1.92 1.94 2.62 1.86 1.99 2.06 1.66 1.78 1.72 1.53 1.40 1.46 1.56 1.50 1.48 1.31 1.39 1.27 0.98
1.13 1.67 1.46 1.02 0.64 0.67 1.13 0.68 1.27 1.01 1.25 1.65 2.04 2.86 2.03 4.54 3.27 2.33 2.23 1.76 3.80 8.34 4.40 3.01 3.92 5.38 7.77 7.74 3.39 1.36 1.98 1.73 1.22 1.38 1.29 1.47 3.18 3.28 1.87 2.47 2.38 2.13 2.24 2.65 1.84 1.64 1.09 0.97 1.71 1.71 1.24 1.22 1.77 1.55 1.06 0.72 0.26 0.21 0.62 0.27 0.49 1.10 1.19 0.83 1.53 2.43 2.00 2.15 2.14 2.32 1.90 1.68 1.69 1.60 1.38 1.55 1.38 1.51 1.53 2.55 1.48 1.23 0.95 0.63
1.65 1.39 1.07 1.46 1.02 0.74 0.25 0.18 1.06 0.36 1.39 2.44 2.34 1.90 1.79 1.78 4.90 5.27 3.14 3.46 2.64 3.01 5.72 3.77 2.56 3.28 5.33 8.15 6.75 3.11 1.29 3.19 3.22 1.34 1.23 1.60 2.17 4.82 3.29 2.45 2.34 2.33 2.14 2.26 2.08 1.77 1.95 1.91 1.79 1.53 1.62 1.60 1.76 1.77 1.12 0.89 0.27 0.26 0.50 0.58 1.02 1.61 1.46 1.13 1.50 1.85 2.01 1.92 2.62 2.80 4.72 2.37 1.80 1.61 1.76 1.45 1.52 1.38 2.20 1.77 1.04 1.54 1.15 0.96
1.25 2.25 1.59 1.54 1.46 1.23 0.90 0.59 0.24 1.48 3.13 2.75 1.35 1.52 1.92 2.10 2.18 2.22 5.28 3.48 3.37 4.02 3.05 6.87 5.56 5.11 3.37 4.13 7.69 7.07 3.85 2.03 2.88 4.64 1.52 0.95 0.87 1.64 0.97 0.93 2.36 4.00 2.19 2.03 2.20 1.91 2.05 2.03 1.96 1.40 1.55 1.62 1.63 1.46 1.40 0.52 0.26 0.80 0.95 1.46 1.51 1.72 1.63 1.70 1.45 1.38 1.76 1.83 1.86 2.51 2.44 3.22 1.77 1.92 1.74 1.90 2.32 1.99 1.84 1.78 1.93 1.49 1.04 1.31
3.60 2.68 1.52 2.27 2.76 1.65 2.03 1.68 0.89 2.86 2.12 1.12 0.31 1.69 1.98 2.18 1.79 1.78 1.75 5.34 4.53 5.14 6.12 5.44 9.05 4.84 4.16 5.81 6.46 5.51 4.17 1.71 1.40 0.69 0.84 0.84 0.46 0.81 0.83 1.37 2.08 2.07 1.83 1.30 1.43 2.00 2.11 2.32 1.01 0.46 0.64 0.62 0.92 1.24 0.88 0.32 0.24 0.43 1.02 1.48 1.50 1.63 1.92 1.93 1.86 1.59 1.57 1.72 1.80 1.87 2.11 2.22 1.92 1.86 1.81 1.93 2.39 1.26 1.77 1.67 0.98 1.52 2.10 1.32
4.37 4.03 4.68 4.41 2.54 2.81 3.62 2.57 1.57 3.38 1.65 1.08 0.69 1.08 3.92 2.48 1.83 1.90 1.87 5.25 4.92 6.46 5.35 7.80 6.48 6.13 5.49 4.48 3.19 2.35 1.47 1.60 1.15 1.31 1.58 0.70 1.89 1.98 1.20 1.94 2.05 2.04 2.41 1.08 1.03 1.12 1.09 1.32 0.81 0.36 0.39 0.22 0.95 0.39 0.40 0.21 0.18 0.28 0.22 0.59 2.01 2.00 1.83 1.79 1.82 1.68 1.83 1.85 2.13 1.99 1.98 1.79 1.54 1.39 1.48 1.37 0.91 1.33 1.87 2.48 2.48 1.49 1.16 4.00
2.64 4.22 8.21 4.47 6.03 6.96 3.89 3.59 4.05 3.75 4.37 3.62 1.89 1.09 2.20 2.62 1.69 1.79 1.99 3.21 6.97 3.91 4.66 5.68 6.12 6.69 7.21 4.12 3.80 2.10 1.70 1.77 1.68 1.25 2.05 1.73 1.79 1.88 1.56 1.78 1.92 1.79 2.70 1.25 1.04 1.19 0.76 0.79 2.15 1.78 1.36 0.48 0.32 0.27 0.30 0.19 0.34 0.29 0.45 1.13 2.34 2.29 2.12 1.79 1.58 1.77 2.10 2.14 2.07 2.17 2.25 1.84 1.54 1.40 1.53 1.59 1.37 0.87 1.03 2.94 1.73 1.88 3.93 3.39
1.72 1.72 3.01 4.45 10.46 4.67 8.39 8.22 7.17 4.12 6.15 6.69 4.30 4.13 2.36 2.35 2.37 2.33 2.18 2.14 2.60 4.34 3.47 3.76 5.08 8.33 7.27 1.10 2.80 1.48 1.71 1.79 1.93 2.10 1.86 1.99 1.84 2.03 1.87 1.80 1.83 2.14 1.99 2.09 1.59 1.15 0.95 2.16 2.20 2.05 2.22 2.12 1.73 0.28 0.19 0.51 0.68 0.30 0.95 1.37 2.17 2.79 2.76 2.08 1.84 1.97 2.15 2.40 2.12 2.10 1.91 1.87 1.68 1.63 2.02 1.32 1.27 0.77 0.87 1.25 3.56 3.37 3.42 3.19
1.63 1.81 1.75 1.72 3.56 6.99 4.54 9.24 2.11 2.15 15.87 10.68 11.18 9.87 2.47 2.48 2.35 2.26 2.23 2.21 2.30 2.98 3.50 5.04 3.53 4.96 9.39 2.03 0.95 1.69 1.78 1.85 1.94 5.97 2.13 1.97 1.93 2.09 1.92 1.76 1.64 1.49 2.39 2.48 2.37 2.29 2.34 1.86 2.24 1.81 1.87 1.30 1.27 1.45 0.19 0.18 0.46 0.73 1.28 1.69 3.04 3.13 2.93 2.44 2.10 2.24 2.30 2.78 2.30 2.38 0.54 1.89 0.91 1.06 1.34 2.95 1.06 1.50 3.15 2.25 2.98 2.14 1.89 1.82
