24h( un jeu de donné)/PH_20111105230000.asc
NCOLS 95
NROWS 110
XLLCENTER 939500
YLLCENTER 1831500
CELLSIZE 1000
NODATA_VALUE -999
[rows 37 to 73 of 110, columns 0 to 81 of 95]
1.53 1.93 1.54 1.41 1.30 1.38 1.38 1.36 1.32 1.31 1.39 2.43 8.94 7.15 1.61 1.56 1.59 1.55 1.45 1.51 1.64 2.58 3.42 4.04 4.11 3.69 2.37 2.32 1.54 1.46 1.48 1.67 1.73 1.82 2.15 2.31 2.18 2.34 0.75 2.15 1.39 1.60 2.30 2.17 2.56 2.73 2.86 2.85 3.01 2.49 2.19 1.57 1.32 1.12 1.33 0.00 0.27 0.91 1.38 1.84 2.15 2.10 2.23 2.54 1.81 1.95 2.01 2.17 2.34 2.27 0.56 0.88 1.85 0.91 1.35 2.33 2.81 2.82 3.34 2.37 2.45 2.98
1.58 1.58 1.61 1.52 1.68 1.42 1.45 1.44 1.38 1.45 1.46 1.63 1.52 1.57 1.53 1.54 1.66 3.23 2.56 4.01 2.71 2.03 2.26 2.99 3.47 3.11 1.23 1.53 1.64 1.55 1.41 1.68 1.96 1.85 2.02 2.16 2.45 2.25 0.71 0.25 0.38 0.50 1.65 2.08 2.41 2.42 2.65 2.87 1.95 1.15 1.44 1.80 2.01 0.17 0.00 0.00 0.00 1.15 1.45 2.04 2.34 2.54 2.38 2.39 1.95 1.90 1.92 2.26 2.39 2.21 1.91 1.45 1.28 1.91 2.53 2.64 2.30 1.93 2.23 2.42 2.83 3.78
1.63 1.65 2.68 1.56 1.47 1.47 1.54 1.85 1.41 1.48 1.51 1.62 1.55 1.54 1.50 1.47 1.52 5.85 4.59 4.64 5.26 3.57 3.05 2.45 2.60 3.33 2.42 1.68 1.56 1.54 1.48 1.66 1.92 1.97 2.00 2.12 2.98 2.10 1.33 0.40 0.33 0.60 1.22 2.17 2.34 2.48 2.48 2.75 2.35 1.90 0.69 1.45 0.25 0.00 0.00 0.00 0.32 0.94 1.20 1.96 2.01 2.06 2.26 3.08 2.67 1.95 1.90 2.20 2.23 2.02 1.96 1.89 2.15 3.59 3.30 2.90 2.38 1.92 2.44 3.10 2.65 2.82
1.65 1.64 1.72 1.64 1.57 1.60 1.67 1.89 1.86 1.59 1.60 1.64 1.47 1.54 1.60 1.53 1.43 1.32 1.99 3.82 4.24 4.39 1.87 1.70 3.34 2.07 2.06 2.25 1.69 1.50 1.70 1.86 5.70 3.28 3.28 3.16 3.52 2.62 1.53 1.50 0.32 0.29 1.11 1.82 2.49 2.61 2.76 2.45 2.84 2.90 2.35 2.00 0.09 0.00 0.19 1.17 1.10 1.29 1.72 2.10 2.05 1.74 2.70 2.29 3.43 2.31 2.02 2.01 1.80 1.92 2.13 2.49 3.88 4.11 2.97 3.27 3.64 3.89 1.87 2.01 3.55 4.64
1.71 1.83 1.86 1.73 1.72 1.65 1.76 1.70 1.71 1.43 1.80 1.76 1.55 1.57 1.69 1.63 1.40 1.40 1.51 1.62 2.67 2.09 2.10 1.78 2.86 4.73 2.23 1.42 1.58 1.77 1.89 2.71 3.06 4.69 3.76 3.19 3.17 3.63 1.92 1.67 0.76 0.25 1.55 2.09 2.75 2.79 3.19 2.88 2.90 2.62 1.93 1.60 1.86 0.98 1.17 1.56 1.62 1.85 1.89 2.20 2.42 2.85 2.79 3.49 2.56 2.74 2.91 2.87 3.75 2.67 2.31 2.17 3.07 3.34 3.84 4.23 2.56 3.08 4.24 5.23 5.88 5.73
1.77 1.87 1.92 1.77 1.73 1.57 1.71 1.75 1.78 1.83 1.72 1.69 1.69 1.63 1.60 1.80 1.80 2.08 1.80 2.73 2.82 2.62 1.84 1.91 3.68 5.70 1.64 2.81 2.03 1.74 1.61 2.01 2.39 2.82 3.15 3.82 3.48 3.37 2.52 1.88 2.28 0.40 1.60 1.90 3.05 2.98 3.26 3.03 2.85 2.41 2.03 1.43 1.52 1.49 1.88 1.96 1.92 2.12 1.98 2.23 3.03 3.83 3.28 3.84 3.30 3.39 3.25 3.91 5.97 6.32 3.05 1.85 2.47 2.84 2.40 4.63 5.45 6.16 7.40 7.13 6.24 5.79
1.90 1.95 1.85 1.89 1.80 1.77 1.73 1.75 1.83 1.61 1.84 1.87 1.73 1.53 1.57 2.07 2.25 2.89 2.61 2.69 2.87 1.79 1.62 3.76 4.31 3.84 1.51 1.41 3.51 2.28 2.29 1.82 1.85 2.45 3.17 3.09 3.53 3.37 3.32 2.91 2.71 2.88 2.46 2.67 3.66 3.17 3.12 3.06 2.79 2.30 2.31 1.82 1.80 2.23 2.22 1.76 1.90 1.95 2.06 2.20 2.51 3.48 3.79 4.40 2.04 2.74 3.29 7.12 7.51 9.36 2.85 2.60 2.22 4.96 6.22 6.75 8.67 6.90 6.58 4.31 3.18 3.71
2.01 2.08 2.00 2.02 2.01 1.90 1.74 1.78 1.82 1.72 1.83 1.90 1.67 1.66 1.72 1.81 2.10 2.22 2.15 2.63 2.74 1.74 1.71 3.44 3.83 4.00 3.82 2.76 3.01 4.18 2.06 1.99 2.19 2.30 2.85 3.11 2.92 3.03 2.97 3.24 2.93 2.65 2.84 2.60 3.05 3.11 3.08 3.02 3.20 2.64 2.48 2.39 2.49 2.56 2.68 2.41 2.36 2.19 2.58 2.76 3.38 4.87 6.06 6.27 2.49 2.50 4.10 6.98 7.12 8.40 7.19 2.98 2.47 7.57 6.95 5.43 4.40 4.78 5.60 6.02 5.18 4.60
2.03 2.00 2.10 2.17 1.90 2.03 2.01 1.95 1.98 2.06 2.23 1.83 1.74 1.68 1.81 1.87 2.16 2.41 2.43 2.41 2.34 2.00 1.92 3.32 4.00 4.01 4.17 4.12 3.19 3.35 3.48 3.93 3.25 3.42 3.37 3.39 3.44 3.29 2.38 3.07 2.87 2.66 2.73 2.86 2.85 3.11 3.01 3.11 3.12 3.36 3.15 3.18 2.75 2.91 3.09 3.01 2.92 2.72 2.88 4.05 5.09 5.05 5.52 7.24 4.17 2.26 3.84 6.44 7.34 7.38 7.81 3.42 2.10 4.65 4.65 4.80 6.57 7.61 7.22 5.99 2.63 1.92
1.99 1.98 2.03 2.18 2.13 2.16 1.98 2.06 2.10 2.13 2.11 2.02 2.65 2.34 2.20 2.47 2.51 2.98 2.64 2.27 2.30 2.49 2.51 2.62 2.86 3.37 4.01 4.49 4.18 4.76 4.18 3.83 3.81 4.20 4.21 4.46 4.00 3.47 3.42 2.92 2.73 2.62 2.83 3.19 2.97 3.14 3.27 3.35 3.44 3.51 3.70 3.44 3.46 3.77 3.38 3.58 3.64 3.67 3.65 4.33 4.94 5.61 6.80 6.32 5.20 3.12 4.88 6.99 6.95 8.00 6.37 2.85 1.89 5.21 7.47 5.44 7.34 8.59 5.55 5.95 1.37 1.19
1.94 2.03 1.93 2.01 2.07 2.07 2.01 2.20 2.25 2.42 2.45 2.30 2.32 2.39 2.53 2.69 2.82 2.89 3.22 3.02 2.63 2.58 2.54 2.66 2.86 3.15 3.31 3.65 3.61 4.28 5.01 4.40 4.28 4.19 4.41 4.51 4.64 4.23 3.75 3.54 3.01 3.06 3.42 3.37 3.51 3.29 3.36 3.27 3.36 3.80 3.87 3.79 4.14 4.02 3.96 4.29 4.56 4.90 4.90 5.64 6.65 7.60 7.94 7.37 5.79 6.54 7.38 8.60 11.24 10.16 8.18 8.97 6.61 7.58 7.32 6.42 6.15 9.68 9.16 10.56 4.35 2.27
1.77 1.84 1.90 1.84 2.27 2.04 2.06 2.06 2.04 2.22 2.75 2.97 2.74 3.03 3.41 3.34 3.85 3.40 3.58 3.66 3.24 2.64 2.86 2.87 3.17 3.24 3.42 3.26 3.04 3.48 3.80 4.09 4.07 4.94 5.63 5.49 5.04 4.64 4.57 4.44 4.02 3.79 3.40 3.31 3.06 3.29 3.40 3.29 3.78 4.15 4.26 4.08 4.60 4.81 5.15 5.11 5.14 5.65 6.64 8.72 8.85 8.83 8.09 7.36 4.94 5.71 8.36 7.36 10.15 12.18 11.12 11.56 9.07 8.58 9.64 9.82 10.81 9.93 9.16 8.46 8.19 7.12
1.71 1.71 1.81 1.84 1.83 1.93 2.00 1.75 2.18 1.94 2.22 2.51 2.68 2.71 3.17 2.86 3.66 4.52 4.54 5.26 4.84 4.92 4.28 2.75 3.10 2.38 2.90 2.26 2.70 3.40 3.59 3.81 4.42 4.70 4.93 4.72 4.66 4.81 4.75 4.68 4.69 4.39 4.17 3.73 3.74 3.61 4.03 3.88 3.79 4.16 4.30 5.04 5.21 5.55 5.28 5.83 6.79 7.71 8.61 9.17 10.91 11.44 10.26 7.12 6.59 7.29 9.10 10.94 11.81 11.44 10.56 9.56 8.46 8.09 10.36 11.39 9.45 10.12 9.34 6.79 5.75 5.01
1.62 1.66 1.78 1.79 1.80 1.90 1.87 1.73 1.93 1.93 2.09 2.15 2.19 2.36 2.30 2.39 2.33 3.82 5.88 6.52 6.79 6.38 3.42 2.55 2.23 2.37 2.47 3.43 3.89 4.12 3.69 4.18 4.27 4.14 4.03 3.86 4.01 4.23 4.30 4.44 4.98 5.42 5.44 5.06 4.92 4.83 4.46 3.96 3.91 3.89 4.09 4.81 5.05 5.47 6.14 6.46 7.25 9.05 10.80 12.47 13.07 9.31 12.25 8.60 8.18 8.55 9.01 11.08 10.96 11.68 10.32 8.17 7.21 7.42 10.50 11.10 10.32 8.61 9.37 7.76 5.35 6.89
1.75 1.79 1.81 1.78 1.82 1.87 1.88 1.81 1.82 1.93 1.95 2.18 2.17 2.22 2.31 2.41 3.47 4.41 5.23 5.98 7.03 6.03 2.79 4.18 5.58 5.64 5.22 4.55 4.78 4.14 3.97 4.22 4.70 4.50 3.85 4.01 4.52 4.91 4.88 4.93 5.21 5.29 5.47 5.58 5.11 5.19 5.08 4.51 0.00 4.77 5.36 5.60 5.99 6.25 6.32 6.68 7.48 8.53 8.96 11.20 12.23 12.04 10.93 9.75 9.81 12.38 12.89 13.23 11.28 10.27 8.24 7.12 6.67 5.92 7.21 8.10 6.40 6.17 5.96 5.03 4.66 5.18
1.61 1.66 1.86 1.83 1.85 1.92 1.84 1.77 1.82 1.88 1.91 1.95 2.15 2.26 2.23 1.85 2.27 4.67 5.11 5.60 6.49 6.13 4.82 5.65 6.27 5.74 5.33 6.01 7.24 5.90 5.53 4.52 4.51 5.28 4.78 4.33 4.57 4.78 4.67 4.60 4.96 4.69 4.52 4.51 4.58 4.64 4.91 0.00 0.00 2.53 7.21 7.61 6.36 6.51 6.83 7.37 8.36 9.21 9.70 9.65 9.72 9.22 10.12 9.55 10.76 10.82 12.83 14.76 12.11 8.04 6.64 6.21 7.00 6.93 8.05 6.80 4.44 3.58 4.87 5.71 4.93 4.73
1.66 1.66 1.75 1.80 1.86 1.79 1.82 1.72 1.80 1.89 1.96 1.96 2.16 2.00 2.28 2.19 2.31 2.06 3.47 4.45 3.95 3.67 6.10 7.24 6.89 5.66 5.31 7.51 10.31 8.35 8.15 7.40 5.77 5.93 5.99 5.94 6.47 6.26 5.67 4.58 4.74 4.82 4.61 4.79 5.27 5.53 6.00 6.32 0.56 6.79 7.88 8.20 7.32 7.06 8.24 8.06 9.73 10.77 10.37 9.36 8.04 9.31 10.81 9.00 7.48 8.89 11.26 12.27 10.78 8.65 6.69 7.50 7.45 8.60 9.92 7.43 4.31 3.37 3.15 4.25 5.41 4.06
1.65 1.69 1.83 1.87 1.81 1.79 1.78 1.78 1.79 1.90 1.98 2.27 2.32 2.41 2.37 2.23 2.07 2.62 4.53 2.39 3.54 5.33 6.22 7.87 8.62 7.63 6.30 6.50 8.44 6.93 7.66 8.55 7.50 6.42 6.91 8.41 8.22 8.86 7.92 6.06 5.81 6.25 5.77 6.25 6.64 6.89 6.55 6.58 6.50 7.22 6.97 6.69 7.40 7.90 8.74 10.16 12.33 11.84 11.37 9.85 10.27 10.86 12.18 11.09 9.31 7.70 6.76 7.09 7.71 8.14 8.37 6.97 5.44 6.01 6.68 5.29 2.55 3.47 4.42 4.38 4.77 4.29
1.66 1.78 1.75 1.77 1.61 1.71 1.78 1.77 1.92 1.86 1.70 1.97 2.10 2.11 2.03 2.17 3.24 3.43 3.33 2.37 4.97 5.86 7.04 7.47 6.85 7.40 7.76 7.98 8.43 7.66 8.48 9.24 8.36 7.48 7.48 8.07 8.15 6.81 7.75 8.38 7.67 7.31 7.34 7.93 8.35 8.60 8.33 7.44 6.93 8.11 7.79 7.41 7.91 8.71 9.19 9.94 10.32 10.44 9.71 11.04 11.62 11.47 11.52 13.66 14.17 12.52 7.03 5.19 6.10 7.86 7.37 5.45 4.33 5.05 3.80 3.24 4.00 1.89 3.50 3.15 2.30 3.02
1.76 1.71 1.67 1.75 1.72 1.76 1.73 1.82 1.89 1.93 2.32 2.25 1.84 2.04 2.15 1.72 2.16 2.06 3.32 6.97 6.85 7.73 9.70 9.26 9.88 9.34 8.76 9.57 10.47 8.73 8.41 9.10 8.79 7.55 7.58 8.12 8.55 8.81 8.89 8.24 8.15 7.88 9.13 9.86 9.14 8.95 9.26 8.62 7.85 9.19 9.72 9.99 9.38 9.79 10.45 10.78 12.05 12.42 10.99 10.16 10.58 11.10 12.33 13.32 16.08 16.26 11.25 7.52 6.30 7.34 7.18 5.83 5.01 5.80 4.29 2.53 3.47 2.26 4.68 4.43 2.72 2.12
1.63 1.65 1.64 1.70 1.68 1.77 1.81 1.85 1.64 1.86 2.40 2.21 2.20 2.09 2.12 2.11 2.02 4.47 6.08 7.44 7.99 7.14 7.67 8.19 8.06 8.84 10.02 9.75 10.78 10.71 10.84 11.97 11.62 10.63 9.76 9.73 8.70 9.89 9.18 9.49 7.95 8.36 8.32 8.40 9.72 10.13 9.41 8.57 8.45 8.84 9.37 9.89 11.82 9.03 9.29 10.27 10.66 11.33 11.37 11.35 11.43 10.66 9.21 10.50 12.15 13.46 13.22 7.99 6.59 6.88 7.16 7.27 5.02 4.94 5.60 3.12 2.56 3.41 3.04 2.09 1.66 2.81
1.65 1.58 1.62 1.67 1.76 1.78 1.88 1.89 2.01 1.89 1.87 2.21 2.18 2.14 3.34 3.07 2.73 3.00 4.13 4.78 5.13 6.94 8.16 9.41 4.90 9.99 10.97 13.06 11.79 10.17 10.36 12.03 12.22 11.83 11.94 10.50 8.30 9.45 12.64 11.15 12.63 8.43 7.43 7.75 8.28 9.38 9.58 9.61 9.12 7.72 8.80 9.64 10.19 -999 9.15 9.52 10.04 10.73 10.89 10.05 9.76 10.29 9.55 8.32 8.15 9.12 9.25 7.59 5.42 4.84 4.67 4.48 4.52 4.11 2.68 2.22 1.74 1.28 1.51 1.37 1.30 1.59
1.72 1.58 1.60 1.59 1.58 1.69 1.79 1.69 1.77 2.00 2.09 2.05 1.92 2.09 3.59 3.32 1.82 3.41 3.89 2.12 2.36 2.16 3.33 9.54 9.79 9.50 11.21 12.06 11.92 11.26 10.53 10.83 11.08 11.11 15.01 12.51 12.42 9.79 11.74 11.22 11.41 10.44 10.38 7.92 8.09 9.19 9.67 9.67 9.36 7.98 8.15 8.18 8.47 8.62 -999 7.81 8.00 8.61 9.63 8.67 7.67 7.39 7.77 7.48 5.74 5.41 5.41 4.99 3.66 2.64 1.94 1.58 2.01 2.62 2.22 1.43 0.58 0.68 0.87 1.45 0.86 0.84
1.55 1.49 1.59 1.60 1.59 1.60 1.66 1.85 1.75 2.14 2.54 2.72 2.15 3.32 4.47 6.54 6.88 7.67 8.67 5.92 2.55 2.71 10.30 9.20 10.14 10.05 8.61 9.02 9.19 7.87 9.18 12.69 10.95 12.08 15.83 12.33 10.13 9.08 10.45 10.00 10.16 11.25 12.52 8.78 7.93 7.27 8.03 8.23 8.65 7.80 7.64 7.38 7.35 6.88 6.40 -999 5.62 5.38 5.32 5.10 4.62 3.67 3.31 3.12 2.23 1.90 1.86 1.95 1.43 1.27 0.59 0.40 0.44 0.56 0.61 0.76 0.57 0.54 0.33 0.33 0.35 0.58
1.55 1.57 1.74 1.62 1.42 1.52 1.55 1.42 1.65 1.84 2.02 3.78 4.68 9.65 9.66 9.85 11.27 11.51 12.02 12.66 7.32 6.56 10.04 10.31 8.63 9.78 8.38 10.54 13.61 14.14 12.23 12.32 9.20 6.13 2.82 7.42 12.74 7.89 12.81 13.45 12.57 14.10 15.02 13.23 9.74 8.80 9.08 7.54 7.04 6.66 6.95 7.81 6.13 5.71 5.37 -999 -999 3.98 3.61 3.49 3.59 2.78 2.26 1.96 1.48 1.26 1.08 1.19 0.85 0.58 0.54 0.28 0.35 0.24 0.45 0.53 0.46 0.50 0.43 0.32 0.28 0.26
1.46 1.53 1.50 1.89 1.40 1.56 1.55 1.52 1.87 1.76 2.32 3.19 10.00 12.51 15.35 14.45 11.55 10.15 3.83 3.13 4.45 3.94 4.01 3.52 8.26 9.75 11.47 12.49 15.06 16.47 14.73 14.49 11.38 9.33 5.55 8.22 7.38 5.93 12.14 13.23 15.58 14.88 12.83 11.97 11.13 10.87 10.24 10.51 9.37 8.63 7.49 7.46 6.21 6.01 5.58 5.57 -999 -999 3.72 3.66 3.36 2.90 2.39 2.56 2.33 2.18 1.50 2.03 1.29 0.61 0.50 0.38 0.37 0.38 0.52 1.09 0.67 0.52 0.42 0.33 0.48 0.48
1.80 1.44 1.54 1.49 1.52 1.48 1.48 2.82 2.07 3.39 3.56 8.78 9.06 6.40 8.27 6.60 8.82 5.07 2.59 2.68 4.54 8.64 12.35 12.09 11.86 10.44 10.49 9.77 12.75 18.76 17.14 19.25 16.80 11.67 11.21 13.78 14.05 17.66 19.85 15.81 15.82 13.63 11.37 13.75 12.80 11.66 13.42 12.68 10.54 9.15 8.01 7.72 6.47 6.55 6.38 5.49 5.48 -999 -999 4.45 3.90 3.38 2.79 2.53 2.55 2.25 2.35 1.64 0.88 0.81 0.53 0.48 0.58 0.60 0.77 1.00 0.71 0.62 0.71 0.58 0.76 0.57
1.40 1.43 1.41 2.50 1.98 2.30 2.36 2.23 5.31 6.80 6.15 5.90 7.34 3.80 8.07 5.96 13.44 13.83 11.27 6.75 11.66 13.84 16.19 20.79 16.73 11.65 12.68 10.08 10.76 17.74 26.47 25.96 21.51 16.30 11.28 12.51 13.13 16.80 20.02 19.15 14.60 12.33 12.27 11.54 11.10 12.28 13.08 11.77 9.66 6.81 6.60 7.70 7.39 6.71 6.11 4.80 3.91 0.15 -999 -999 3.74 3.05 2.38 2.08 2.04 2.33 2.23 2.30 2.74 0.76 0.64 1.18 1.28 1.62 1.45 1.15 1.27 0.73 0.63 0.63 0.97 1.48
1.33 1.33 2.15 3.11 3.99 5.84 4.20 5.97 4.33 5.58 6.31 6.74 8.96 9.76 11.51 12.21 12.29 8.92 12.84 11.67 11.01 15.80 15.03 17.93 16.59 13.36 16.96 13.74 16.21 17.33 20.45 22.45 15.72 13.22 12.81 10.97 12.58 16.70 18.70 21.29 18.79 11.79 9.68 9.68 9.99 10.92 11.32 10.20 7.90 5.69 5.27 6.86 8.53 6.12 4.02 3.22 2.82 2.45 -999 -999 -999 2.41 2.29 2.12 1.63 2.08 2.35 2.23 2.83 1.94 1.25 1.25 1.97 1.72 1.75 2.10 2.29 1.05 0.89 1.68 2.24 1.21
1.30 2.49 2.09 2.99 3.31 4.69 6.24 7.70 8.23 6.83 8.39 9.20 12.80 9.01 7.40 8.86 12.67 12.30 11.57 8.48 3.20 12.64 11.54 14.92 17.89 14.40 15.30 15.10 12.96 14.67 18.72 20.48 16.05 18.67 17.79 15.35 14.02 16.74 16.29 15.05 14.79 12.96 10.40 9.60 9.37 10.08 9.10 8.19 6.86 5.43 4.82 4.26 4.05 4.11 4.37 3.88 3.85 4.08 3.90 -999 -999 -999 2.10 2.63 2.12 2.56 2.35 2.44 1.62 2.03 1.99 2.05 1.72 1.88 2.82 3.91 2.47 1.88 1.14 1.45 1.55 2.23
2.60 3.06 2.99 4.16 3.60 7.96 7.45 3.44 8.88 6.74 8.27 7.51 6.04 6.75 11.10 12.28 10.47 11.60 10.32 9.97 9.93 11.83 12.57 14.72 16.16 16.80 12.30 13.78 14.74 15.67 10.99 14.15 19.50 20.28 14.93 13.15 11.44 16.61 16.69 16.31 17.32 14.99 13.23 10.76 9.79 7.65 6.54 6.58 6.25 5.41 5.58 5.84 5.80 4.58 4.72 4.88 4.28 6.01 6.90 0.00 -999 -999 -999 3.70 3.88 3.04 3.12 2.63 2.40 2.46 2.54 2.42 2.37 2.12 2.27 1.57 1.84 1.76 1.39 1.35 1.21 1.90
1.93 2.30 3.27 1.93 1.28 4.94 8.68 9.24 7.95 7.73 6.60 6.64 10.80 9.80 15.48 14.10 6.37 5.31 13.16 10.22 12.24 14.76 15.79 21.00 19.78 14.63 14.00 11.48 14.95 12.88 10.92 13.14 15.72 18.49 12.88 13.18 12.90 14.62 13.44 12.18 14.28 13.37 12.09 9.87 7.98 7.54 7.33 7.40 7.37 6.16 5.37 5.81 4.94 4.48 4.13 5.15 4.59 5.94 6.19 4.47 -999 -999 -999 -999 4.89 6.00 4.58 3.15 2.73 3.29 3.44 3.12 2.48 2.20 2.45 2.04 2.35 3.90 4.55 2.39 1.35 2.24
1.19 1.22 1.19 2.15 4.22 3.81 4.54 4.59 1.52 10.36 7.42 10.03 14.36 14.18 13.86 12.00 13.40 13.55 12.90 13.32 14.33 18.91 19.29 17.21 18.34 17.46 13.21 11.97 13.08 11.77 16.43 19.75 17.15 14.62 13.31 14.22 15.36 12.55 11.17 13.98 14.46 14.64 10.57 10.53 7.95 6.36 6.46 6.27 5.66 5.21 5.55 5.42 6.18 6.14 4.76 4.47 4.82 3.98 3.95 3.82 3.84 -999 -999 -999 -999 4.87 4.34 3.34 2.86 2.68 2.83 2.74 2.53 4.18 4.37 4.59 6.51 4.34 3.21 3.51 2.59 1.86
1.42 2.66 2.63 1.80 2.47 2.88 1.36 3.27 4.02 1.94 6.59 10.80 10.94 11.23 12.98 12.93 13.80 16.31 16.91 13.49 16.90 24.16 14.82 15.82 16.81 20.19 14.02 11.14 12.07 15.18 18.25 19.60 20.40 17.31 15.32 13.84 14.33 17.06 15.59 15.09 14.49 12.09 11.16 9.31 8.92 7.30 7.10 6.73 6.94 5.89 6.56 6.56 4.50 4.95 4.16 4.22 3.95 4.21 3.76 4.84 6.05 0.00 -999 -999 -999 -999 2.85 3.32 3.54 3.35 4.29 4.07 3.45 3.02 4.33 4.01 4.00 2.67 2.99 2.84 2.33 3.34
1.53 1.43 1.92 1.19 2.88 3.78 4.86 8.88 9.37 4.66 4.04 8.91 9.25 13.44 9.60 10.27 12.26 12.48 16.91 18.33 17.39 15.60 18.01 15.72 14.99 17.71 17.77 15.81 12.56 17.17 16.91 15.63 17.87 24.99 21.96 12.62 13.63 16.82 17.72 15.86 16.26 14.55 12.80 11.05 10.97 8.50 6.79 7.06 7.41 6.50 7.18 7.80 5.58 5.12 4.53 4.03 4.01 4.56 5.25 5.42 5.98 4.00 -999 -999 -999 -999 -999 7.28 6.56 5.01 3.95 3.16 3.64 3.72 3.44 2.90 3.27 3.14 3.47 4.00 2.71 4.81
1.66 1.20 1.82 1.76 3.38 4.69 5.80 6.51 9.40 5.57 6.67 10.54 8.69 9.43 12.37 11.65 11.59 14.24 19.95 16.03 20.17 21.28 16.49 14.80 10.49 15.06 18.36 15.29 11.77 14.13 21.29 16.09 17.03 17.31 16.69 12.49 17.31 14.69 16.94 15.47 15.04 14.71 12.08 10.84 9.59 9.41 8.54 7.11 5.82 5.49 5.77 6.46 8.02 7.70 6.26 4.01 4.02 4.55 6.19 6.14 5.55 3.83 3.77 -999 -999 -999 -999 -999 7.88 3.65 2.54 2.00 2.15 2.75 2.99 3.54 4.05 4.97 3.53 3.02 3.62 4.42
1.78 1.64 2.85 3.62 4.61 4.74 8.50 10.28 7.73 9.30 8.28 8.32 8.70 8.34 9.78 12.77 13.18 12.35 12.10 14.16 13.76 15.52 16.47 21.12 15.92 14.56 14.44 16.24 13.54 15.66 16.22 14.83 13.52 14.75 13.60 11.99 11.23 14.30 13.34 12.24 11.94 13.17 11.98 10.46 7.85 8.15 7.66 7.06 6.46 6.89 6.97 7.16 7.33 7.37 6.67 4.38 4.57 4.56 5.46 6.17 6.07 5.78 4.63 0.00 -999 -999 -999 -999 -999 2.41 2.10 2.62 3.25 4.71 3.95 4.07 4.01 2.91 2.03 2.17 2.39 3.51
