24h( un jeu de donné)/PH_20111105200000.asc
NCOLS 95
NROWS 110
XLLCENTER 939500
YLLCENTER 1831500
CELLSIZE 1000
NODATA_VALUE -999
[rows 0 to 36 of 110, columns 0 to 83 of 95]
0.57 0.64 0.53 0.51 0.35 0.41 0.43 0.43 0.34 0.33 0.27 0.24 0.21 0.23 0.28 0.34 0.43 0.40 0.31 0.42 0.47 0.63 0.63 0.62 0.70 1.00 1.03 0.94 1.08 1.14 1.10 1.18 1.21 1.24 1.25 1.25 1.39 1.42 1.36 1.36 1.44 1.40 1.34 1.27 1.51 1.38 1.39 1.37 1.33 1.48 1.47 1.47 1.44 1.47 1.52 1.61 1.85 1.31 1.06 1.86 1.83 1.79 1.76 1.74 1.60 1.61 1.80 1.80 1.90 2.07 2.10 2.13 2.09 2.01 1.83 1.79 1.79 1.75 1.82 1.48 1.45 1.38 1.40 1.41
0.49 0.58 0.43 0.52 0.34 0.49 0.48 0.38 0.32 0.39 0.28 0.25 0.31 0.40 0.39 0.40 0.52 0.50 0.53 0.32 0.49 0.64 0.81 0.27 0.55 0.58 1.01 1.06 1.10 1.07 1.14 1.17 1.28 1.34 1.27 1.36 1.39 1.40 1.43 1.50 1.50 1.43 1.40 1.50 1.54 1.40 1.39 1.43 1.45 1.54 1.63 1.64 1.63 1.53 1.55 1.69 1.84 1.60 1.22 1.29 1.54 1.94 1.61 1.75 1.47 1.59 1.90 1.82 1.84 2.02 2.04 2.13 1.96 1.86 1.80 1.86 1.91 1.85 1.41 1.25 1.46 1.43 1.43 1.45
0.70 0.61 0.53 0.49 0.56 0.49 0.48 0.35 0.35 0.25 0.38 0.32 0.29 0.49 0.55 0.47 0.51 0.61 0.55 0.56 0.56 0.68 0.75 0.51 0.35 0.36 0.38 1.20 1.17 1.19 1.17 1.20 1.31 1.31 1.44 1.45 1.36 1.46 1.53 1.54 1.66 1.68 1.54 1.25 1.54 1.46 1.38 1.48 1.56 1.59 1.68 1.58 1.63 1.57 1.58 1.66 1.81 1.50 1.48 1.71 1.91 2.07 1.49 1.59 1.48 1.61 1.84 1.95 1.98 2.11 2.06 2.09 1.92 1.81 1.84 1.84 1.83 1.73 1.47 1.42 1.50 1.40 1.41 1.45
0.65 0.72 0.59 0.64 0.57 0.43 0.41 0.43 0.25 0.22 0.30 0.40 0.44 0.39 0.45 0.52 0.61 0.63 0.56 0.65 0.48 0.65 0.73 0.75 0.36 0.47 0.36 1.12 1.21 1.12 1.13 1.29 1.39 1.40 1.43 1.53 1.39 1.36 1.57 1.66 1.64 1.65 1.44 1.58 1.45 1.50 1.52 1.59 1.57 1.64 1.76 1.62 1.60 1.68 1.73 1.74 2.00 1.95 1.48 1.75 1.66 2.11 1.79 1.58 1.38 1.65 1.76 1.83 1.91 2.05 2.11 2.14 1.85 1.78 1.80 1.89 1.89 1.74 1.61 1.58 1.43 1.44 1.47 1.52
0.79 0.74 0.67 0.64 0.59 0.49 0.39 0.38 0.26 0.37 0.35 0.37 0.46 0.53 0.58 0.61 0.65 0.71 0.75 0.64 0.72 0.53 0.67 0.71 0.51 0.77 0.39 0.53 1.31 1.20 1.19 1.30 1.32 1.49 1.47 1.36 1.50 1.42 1.59 3.23 1.86 1.87 1.66 1.70 1.52 1.55 1.60 1.61 1.57 1.75 1.88 1.77 1.74 1.63 1.82 1.92 2.04 1.90 1.59 1.72 1.80 1.81 1.65 1.45 1.50 1.64 1.79 1.80 1.89 2.00 1.96 1.96 1.81 1.81 1.85 1.92 1.52 1.48 1.57 1.55 1.63 1.54 1.62 1.56
0.83 0.74 0.67 0.68 0.63 0.50 0.47 0.53 0.35 0.39 0.30 0.35 0.55 0.67 0.55 0.55 0.54 0.68 0.81 0.69 0.77 0.64 0.63 0.70 0.79 0.61 0.51 0.35 1.15 1.22 1.31 1.33 1.30 1.55 1.53 1.36 1.60 1.61 2.26 2.98 2.41 1.90 1.70 1.57 1.46 1.68 1.69 1.79 1.67 1.81 1.93 1.81 1.81 1.81 1.84 1.93 1.71 1.84 1.76 1.41 1.89 1.69 1.85 1.49 1.70 1.67 1.77 1.85 2.01 1.94 1.89 1.90 1.86 2.01 1.89 1.91 1.78 1.69 1.51 1.49 1.56 1.63 1.56 1.62
0.70 0.68 0.58 0.67 0.62 0.58 0.45 0.51 0.38 0.33 0.33 0.45 0.47 0.66 0.57 0.73 0.78 0.85 0.84 0.72 0.86 0.77 0.74 0.69 0.87 0.54 0.87 0.29 1.15 1.32 1.30 1.43 1.35 1.58 1.48 1.41 1.65 1.66 2.03 2.51 3.30 2.23 1.95 1.55 1.63 1.75 1.74 1.83 1.86 1.92 1.90 1.91 2.00 1.93 2.02 2.09 1.93 1.71 1.65 1.58 1.92 1.47 1.36 1.54 1.62 1.76 1.71 1.95 1.94 1.83 1.83 1.78 1.94 2.01 2.00 1.92 1.62 1.76 1.52 1.45 1.56 1.62 1.57 1.53
0.61 0.61 0.67 0.60 0.56 0.59 0.55 0.45 0.56 0.51 0.42 0.50 0.58 0.54 0.66 0.73 0.76 0.97 0.97 0.89 0.97 0.86 0.72 0.53 0.79 0.80 0.39 0.73 0.42 1.19 1.32 1.39 1.38 1.48 1.43 1.47 1.67 1.59 2.12 2.29 3.23 3.22 2.42 1.46 1.76 1.80 1.82 1.93 1.90 1.87 2.01 2.00 2.04 2.03 2.02 2.26 2.13 1.89 1.84 1.88 1.73 2.07 1.65 1.67 1.65 1.75 1.74 1.84 1.77 1.82 1.84 1.85 1.88 2.04 2.12 1.97 1.71 1.59 1.59 1.55 1.68 1.68 1.61 1.47
0.54 0.75 0.66 0.51 0.53 0.53 0.54 0.59 0.45 0.50 0.59 0.50 0.53 0.73 0.76 0.91 1.02 0.96 1.09 1.04 1.05 0.92 0.82 0.76 0.42 0.60 0.35 0.96 1.11 3.16 2.96 1.44 1.26 1.34 1.57 1.58 1.54 1.45 1.88 3.20 2.82 2.92 2.40 1.78 1.70 1.87 1.90 1.96 1.85 1.98 2.01 2.11 2.14 2.09 2.20 2.29 1.81 1.90 2.12 2.10 1.97 1.69 1.69 1.79 1.79 1.76 1.86 1.91 1.95 1.89 1.80 1.86 2.04 2.04 2.10 1.58 1.52 1.45 1.50 1.61 1.63 1.62 1.54 1.58
0.63 0.59 0.65 0.57 0.45 0.48 0.47 0.64 0.55 0.44 0.43 0.65 0.71 0.74 0.86 0.98 0.99 1.07 1.04 1.04 1.21 1.03 0.99 0.95 0.79 0.75 0.66 0.44 1.21 7.63 2.21 1.46 1.71 1.44 1.52 1.68 1.54 1.56 1.62 2.24 3.20 2.05 2.01 1.85 1.69 1.60 1.84 1.88 1.90 2.01 2.10 2.03 2.22 2.25 2.27 2.39 2.02 1.91 2.09 2.06 1.78 1.64 1.83 1.88 2.03 1.91 1.99 2.03 1.96 1.84 1.83 1.88 1.91 1.98 1.92 1.60 1.46 1.52 1.55 1.64 1.66 1.53 1.54 1.67
0.70 0.53 0.59 0.64 0.42 0.40 0.35 0.43 0.59 0.46 0.56 0.51 0.80 0.92 0.96 1.06 1.16 1.22 1.34 1.30 1.41 1.33 1.16 0.93 0.89 0.77 0.88 0.58 0.91 1.00 0.76 1.87 2.44 6.31 1.51 1.62 1.67 1.51 1.65 2.13 3.41 2.33 2.07 2.06 1.83 1.65 1.65 1.75 1.83 2.02 1.94 2.04 2.13 2.20 2.31 2.16 2.11 2.08 1.70 2.44 2.43 2.05 2.05 2.16 2.06 1.98 1.96 2.18 2.07 1.89 1.95 1.88 1.95 1.57 1.73 1.45 1.45 1.49 1.59 1.66 1.63 1.54 1.51 1.56
0.82 0.62 0.52 0.63 0.55 0.43 0.34 0.36 0.41 0.61 0.53 0.47 0.70 1.00 1.05 1.11 1.21 1.11 1.20 1.42 1.49 1.30 1.48 1.28 1.20 1.13 0.92 0.83 0.35 0.82 5.61 1.83 1.48 1.38 1.93 2.08 1.50 1.48 1.68 2.08 3.58 2.95 2.77 1.89 1.76 1.87 1.64 1.75 1.81 1.92 1.95 2.02 2.07 2.20 2.26 1.72 2.05 2.02 2.50 1.78 1.87 1.89 2.13 2.08 2.10 2.08 2.05 2.14 2.10 2.00 2.00 2.02 1.77 1.27 1.57 1.56 1.57 1.69 1.73 1.68 1.52 1.57 1.56 1.47
0.72 0.66 0.66 0.49 0.44 0.41 0.36 0.48 0.40 0.44 0.93 0.80 2.10 0.83 1.06 1.18 1.21 1.24 1.25 1.62 1.36 1.74 1.43 1.52 1.59 1.32 1.05 0.77 0.47 0.52 0.41 0.84 1.01 1.76 1.78 1.55 1.57 1.62 1.64 1.67 2.80 2.34 2.94 1.88 1.77 1.85 1.68 1.76 1.82 1.98 2.04 2.11 2.05 2.16 2.37 2.25 2.01 2.19 2.26 2.18 1.90 1.99 2.28 2.09 2.11 2.15 2.29 2.30 1.90 1.98 2.04 2.06 1.54 1.88 1.64 1.56 1.57 1.62 1.63 1.54 1.53 1.60 1.60 1.30
0.63 0.47 0.55 0.56 0.47 0.38 0.37 0.35 0.51 1.59 1.46 0.67 1.51 0.34 0.68 1.14 1.18 1.28 1.40 1.63 2.00 1.59 1.70 1.90 1.56 1.58 1.40 1.06 0.70 0.55 0.65 0.55 1.38 3.25 2.76 1.67 1.79 2.00 1.79 1.86 1.52 0.98 2.81 1.88 1.79 1.84 1.79 1.78 1.83 2.05 2.13 2.12 2.07 2.12 2.30 2.30 2.07 1.88 2.03 2.29 1.75 1.96 2.08 2.07 2.15 2.21 2.30 1.96 2.27 2.17 2.08 1.58 1.46 1.70 1.67 1.65 1.62 1.58 1.60 1.56 1.63 1.55 1.60 1.23
0.64 0.43 0.51 0.46 0.28 0.23 0.29 0.38 0.60 0.91 0.87 1.50 0.79 0.44 0.43 0.56 1.10 1.24 1.46 1.51 2.44 2.25 1.71 1.95 1.84 1.52 1.45 1.21 1.12 0.50 0.46 0.57 1.68 2.32 2.13 2.04 2.02 1.98 1.77 1.84 1.97 2.42 3.46 2.01 2.12 1.93 1.95 1.91 1.91 2.06 2.04 2.20 2.04 2.23 2.40 2.43 2.03 1.75 2.38 1.70 1.91 2.03 2.03 2.02 2.21 2.31 2.27 1.96 2.23 2.17 2.19 1.71 1.74 1.67 1.74 1.71 1.69 1.64 1.75 1.77 1.63 1.61 1.57 1.49
0.62 0.49 0.45 0.30 0.30 0.30 0.55 0.36 0.52 0.60 0.81 0.77 0.95 0.43 0.46 0.54 0.53 1.31 1.49 1.36 1.77 2.77 1.59 1.49 2.02 1.75 1.58 1.32 1.11 0.74 0.55 0.17 0.75 1.35 1.54 2.55 1.82 1.36 1.18 1.26 1.39 1.76 2.69 2.17 2.21 2.18 2.14 2.09 2.09 2.16 2.06 2.08 1.95 2.31 2.44 2.16 2.01 2.26 2.18 1.16 1.88 1.95 1.99 2.13 2.25 2.28 1.99 2.13 2.15 2.23 2.09 1.83 1.81 1.78 1.90 1.72 1.55 1.58 1.85 1.81 1.58 1.61 1.46 1.38
0.51 0.60 0.58 0.54 0.62 0.37 0.56 0.48 0.37 0.46 0.43 3.04 8.35 0.44 0.41 0.48 0.47 0.57 1.30 1.33 1.47 1.55 2.18 1.46 1.37 1.79 1.55 1.76 1.45 1.37 0.96 0.68 0.63 0.89 1.91 1.59 1.23 1.45 1.44 1.21 1.48 1.11 2.02 2.38 2.14 2.17 2.18 2.17 2.22 2.29 2.32 2.16 2.04 2.11 2.35 2.38 2.09 2.20 1.89 1.72 1.82 1.96 2.02 2.12 2.23 2.34 2.08 2.04 2.15 2.24 2.00 1.86 1.86 1.90 1.93 1.86 1.73 1.74 1.79 1.73 1.55 1.46 1.31 1.48
0.48 0.39 0.64 1.09 0.74 1.09 0.72 0.64 0.65 0.56 0.80 4.11 1.76 0.31 0.35 0.36 0.94 0.80 0.80 1.43 1.57 1.54 2.04 2.48 1.80 1.51 1.68 1.70 1.76 1.42 1.55 0.64 0.95 1.24 1.87 1.34 1.44 1.56 1.61 1.25 1.23 1.22 1.76 2.94 1.92 2.05 2.07 2.18 2.24 2.38 2.48 2.32 2.08 2.18 2.28 2.19 1.83 2.45 1.99 1.83 1.80 1.86 1.95 2.06 2.17 1.95 1.82 1.97 2.09 1.98 1.86 1.89 1.95 2.07 2.05 1.81 1.78 1.76 1.38 1.53 1.52 1.39 1.51 1.47
0.71 0.51 0.50 1.17 1.45 1.28 1.33 0.64 0.67 0.98 1.32 1.58 1.45 0.36 0.38 1.35 2.09 1.06 1.03 2.00 1.62 1.58 1.53 2.10 1.96 1.22 1.57 1.38 1.63 1.34 1.68 0.99 1.03 1.01 1.47 1.21 1.17 1.38 1.93 2.59 1.70 2.12 1.97 2.73 1.87 1.96 1.96 2.08 2.29 2.53 2.40 2.33 2.19 2.27 2.30 2.21 2.07 2.33 1.90 1.71 1.86 1.88 1.97 1.98 2.09 1.69 2.07 2.08 2.05 1.70 1.93 2.02 2.02 2.11 2.07 1.94 1.80 1.56 1.57 1.69 1.44 1.37 1.45 1.45
0.44 0.64 0.41 0.56 1.00 1.74 1.34 0.71 1.01 0.55 1.35 4.34 1.44 0.53 1.13 1.65 0.55 1.27 0.97 1.09 1.68 1.10 1.75 1.58 2.04 1.62 1.30 1.43 1.54 1.76 1.54 1.35 0.69 0.85 1.38 1.51 1.16 1.65 2.30 1.89 1.87 1.93 1.95 1.64 1.72 1.83 1.75 1.87 2.09 2.40 2.51 2.37 2.25 2.39 2.10 2.12 2.24 2.00 1.07 0.82 1.88 1.95 2.00 2.00 1.63 1.73 1.99 2.03 1.60 1.87 1.92 2.01 2.02 2.04 2.01 2.03 1.81 1.73 1.51 1.66 1.61 1.53 1.46 1.48
0.83 0.77 0.68 0.84 0.72 0.79 1.72 1.88 0.91 1.43 1.24 1.41 1.31 0.80 0.85 1.09 0.98 1.29 1.27 1.16 1.24 0.55 0.79 1.56 1.65 1.77 1.40 1.38 1.80 1.91 1.65 1.62 0.86 0.50 1.05 1.46 1.93 1.36 2.12 1.77 2.00 2.13 2.01 1.22 2.58 1.73 1.83 1.81 1.99 2.37 4.54 2.88 2.28 2.47 2.02 2.11 2.26 1.43 0.03 0.20 2.03 1.97 2.10 2.04 2.04 1.95 1.93 1.90 1.94 1.84 1.98 2.06 2.09 2.04 2.15 1.95 1.83 1.87 1.66 1.79 1.69 1.56 1.51 1.50
0.99 1.54 0.79 1.06 1.27 0.88 0.95 1.17 1.72 1.38 1.69 1.50 0.89 1.05 1.08 0.75 0.56 0.55 0.83 1.41 1.61 0.68 0.53 1.87 4.62 1.99 1.74 1.45 1.60 1.94 1.93 1.72 1.38 0.58 0.69 1.27 1.56 1.00 1.24 2.07 2.05 3.10 2.31 2.24 2.00 2.14 1.92 1.82 1.95 2.14 2.22 2.16 2.31 2.83 2.17 1.99 2.21 2.26 0.95 2.05 2.32 2.02 2.08 1.64 1.85 2.03 1.96 1.77 1.81 1.97 2.11 2.13 2.08 2.33 2.38 2.19 1.91 1.73 1.72 1.81 1.65 1.50 1.44 1.29
1.18 1.17 1.74 1.76 1.77 1.09 0.84 0.53 1.02 1.78 1.27 2.04 1.34 1.43 1.55 1.22 0.67 0.40 1.17 1.39 1.46 2.63 1.28 0.90 2.41 1.98 2.11 1.69 1.46 1.78 1.85 1.78 1.61 0.74 1.00 0.51 1.34 1.01 0.85 1.73 3.88 3.48 2.09 1.40 2.33 2.52 2.40 1.91 2.02 2.11 2.07 2.02 2.09 2.30 3.41 2.42 2.36 2.30 2.41 2.18 2.22 2.16 2.17 1.62 2.04 2.04 1.89 1.79 1.83 1.95 2.10 2.01 2.21 2.40 2.11 1.87 1.94 1.97 1.81 1.73 1.60 1.48 1.44 1.44
1.43 1.72 1.18 1.31 1.76 2.19 1.62 1.03 0.79 1.20 2.45 1.40 1.99 3.52 1.52 1.43 1.65 1.18 1.66 1.36 1.60 2.18 3.69 1.24 4.32 3.36 3.14 2.06 1.75 1.89 1.78 1.98 1.70 1.79 1.87 1.91 2.18 2.18 1.28 1.25 2.30 3.68 2.94 1.75 2.54 2.72 2.47 2.12 2.01 2.04 2.03 1.90 2.02 1.78 2.49 2.61 2.48 2.45 1.80 1.77 1.82 2.28 2.35 1.98 1.97 2.09 1.78 1.79 1.94 2.09 1.90 1.99 2.07 1.84 1.72 1.79 2.00 2.07 1.86 1.73 1.68 1.56 1.37 1.38
1.61 1.57 1.58 1.65 1.18 2.13 2.25 2.24 1.14 2.21 1.94 2.13 2.03 2.52 3.69 1.96 1.20 2.05 1.74 1.71 1.53 1.69 1.88 4.39 1.20 1.41 1.76 2.07 1.85 2.10 2.07 2.04 2.06 2.04 1.53 1.98 2.10 2.04 1.27 1.74 2.31 1.98 3.93 2.09 1.96 2.22 2.79 1.87 1.71 1.85 1.89 1.80 1.82 1.16 2.39 2.45 2.39 2.26 1.75 1.95 2.67 2.18 2.79 2.42 1.88 2.22 1.87 1.87 1.98 1.90 1.74 1.81 1.90 1.32 1.84 1.83 1.97 1.91 1.73 1.55 1.60 1.55 1.30 1.73
1.39 1.19 1.66 1.53 1.67 1.52 2.42 2.52 1.79 1.93 2.60 1.87 1.95 2.34 2.44 3.61 2.30 1.49 3.01 1.46 1.30 1.62 1.78 2.77 5.35 3.04 1.89 2.31 2.03 2.06 1.92 2.20 2.03 2.10 2.30 2.41 2.19 2.54 1.84 1.65 1.96 1.98 2.80 3.88 3.14 0.84 2.40 1.87 1.89 1.93 1.95 1.68 1.78 1.39 1.88 1.99 2.48 2.07 1.97 2.57 2.15 2.32 3.24 2.55 1.75 0.50 4.17 2.45 2.26 1.78 1.75 1.62 1.27 1.62 1.62 1.79 1.82 1.77 1.50 1.38 1.62 1.65 1.83 2.12
0.94 0.50 1.25 1.29 2.37 3.02 2.44 2.41 3.50 2.03 2.45 2.16 3.04 1.50 3.30 3.31 3.24 2.94 1.66 2.18 1.36 1.65 1.72 1.93 1.70 2.10 2.94 1.72 4.24 2.35 2.00 2.16 2.20 2.25 2.42 2.60 2.47 2.15 2.21 2.14 1.79 2.00 1.85 5.56 6.41 2.51 2.14 1.64 1.94 2.52 2.50 2.14 2.81 2.58 2.53 2.53 3.33 2.18 1.99 2.41 3.27 2.44 2.10 2.14 1.82 0.58 2.24 3.19 2.50 2.31 1.64 1.27 1.51 1.59 1.66 1.55 1.74 1.71 1.77 1.95 1.84 2.06 2.44 2.01
0.61 0.56 0.96 1.09 1.41 1.84 3.07 2.89 2.63 2.44 1.52 2.04 2.55 2.68 1.62 2.70 3.60 2.67 3.04 1.49 2.50 1.92 1.80 2.04 2.11 2.12 1.81 3.72 3.40 3.66 2.39 1.92 2.02 2.15 2.80 2.71 4.63 2.25 2.35 2.28 2.10 2.04 1.72 4.81 5.78 3.40 1.10 2.09 2.22 2.41 2.20 2.01 2.37 2.59 2.69 4.33 3.58 2.99 0.55 0.43 2.43 2.47 2.35 2.15 2.04 2.02 2.21 2.27 2.56 2.45 1.89 1.48 1.57 1.49 1.43 1.59 1.47 1.48 1.73 1.84 2.33 2.90 2.30 1.75
0.66 0.67 0.77 0.59 0.78 1.21 2.24 2.65 3.14 1.22 2.27 2.43 2.61 1.94 3.21 1.93 2.84 3.29 2.78 2.62 2.83 1.43 1.91 2.16 2.26 1.98 2.31 2.70 3.61 6.35 3.94 2.09 1.81 2.05 0.81 1.28 2.83 2.18 2.00 2.81 1.85 2.44 2.67 4.81 5.70 1.71 2.12 2.22 2.17 2.17 1.91 1.79 1.91 2.61 2.27 7.37 5.37 2.59 1.13 1.67 2.32 2.37 2.42 2.25 2.22 2.88 2.46 2.48 2.52 2.36 1.97 1.68 1.58 1.42 1.39 1.26 1.33 1.56 1.73 2.44 2.87 2.41 2.16 1.68
1.08 1.03 1.04 0.93 0.71 0.96 1.57 1.74 1.08 1.80 1.29 1.80 11.43 3.56 2.28 4.48 2.43 2.62 3.16 3.80 3.05 1.85 1.39 1.74 1.47 1.55 1.92 2.35 3.20 4.25 5.03 1.99 1.24 1.05 0.87 1.35 1.34 1.99 2.40 2.21 2.30 2.12 2.44 3.77 1.84 1.78 1.98 2.01 2.09 2.12 2.16 1.50 2.40 3.51 5.72 8.89 5.28 1.60 4.02 4.88 1.00 0.81 0.92 0.70 2.50 3.08 2.50 2.71 2.75 5.29 2.31 1.82 1.65 1.49 1.19 1.50 1.44 1.68 2.54 2.88 2.79 1.28 2.02 3.59
2.69 3.33 2.88 1.74 1.23 1.09 1.46 1.50 1.75 2.43 2.51 7.40 5.08 2.02 1.87 2.03 5.96 2.43 2.81 3.74 4.22 2.63 2.53 1.63 2.43 1.52 2.36 2.39 2.21 4.82 5.30 2.55 3.12 1.94 1.56 1.09 1.08 1.64 2.29 5.48 2.31 1.95 1.72 2.28 1.97 1.97 2.00 2.09 2.17 2.23 2.21 2.20 2.62 2.76 7.59 12.80 6.60 2.94 7.35 2.75 1.67 2.51 2.10 2.08 0.86 2.62 2.71 2.72 2.99 2.22 3.82 2.46 1.73 1.42 1.26 1.49 2.10 2.22 2.12 1.42 0.68 2.83 2.77 2.57
4.90 3.92 6.73 6.93 4.24 2.49 1.48 1.63 1.86 2.42 5.05 2.64 2.49 2.44 2.01 2.84 2.96 2.11 2.14 2.25 4.46 3.45 4.95 3.40 1.93 2.64 1.84 2.44 3.06 2.18 3.23 3.09 4.89 1.87 1.37 1.08 0.69 1.10 1.74 1.78 2.54 2.08 2.12 2.85 4.00 1.99 2.16 2.39 2.41 2.16 1.97 1.71 2.70 3.28 6.48 6.84 2.36 3.84 2.67 2.40 2.42 2.42 2.66 2.70 1.73 2.28 2.75 2.85 2.79 3.84 2.57 4.28 1.88 1.96 1.74 2.85 2.62 2.24 0.62 1.09 3.33 2.95 2.61 1.77
3.52 4.46 7.38 7.15 8.19 10.10 7.43 3.40 1.96 2.65 4.55 2.44 2.08 2.06 2.34 2.57 2.39 2.35 2.25 1.54 2.15 3.76 4.05 3.12 3.58 3.01 1.94 2.07 2.15 3.20 3.03 2.51 4.20 3.04 1.38 1.01 0.58 0.66 1.65 1.82 2.07 1.79 2.24 2.42 3.44 2.41 2.07 2.91 2.24 2.49 1.36 1.46 1.51 2.40 5.13 2.34 1.91 4.06 2.00 2.13 2.08 2.17 2.47 2.75 2.83 2.97 3.20 3.06 3.43 3.32 2.52 2.32 2.35 2.11 2.04 2.62 2.20 0.57 1.90 2.61 1.95 1.65 2.03 4.42
2.27 3.23 2.76 5.48 6.97 10.58 8.94 9.90 3.21 1.92 2.41 5.49 4.53 3.20 2.53 2.75 2.83 2.20 2.29 2.01 3.40 1.40 2.07 3.15 3.07 2.87 2.46 2.95 2.35 1.79 1.99 1.96 2.22 3.35 2.69 1.36 2.08 2.41 1.83 2.17 2.09 2.33 1.92 2.21 2.90 5.54 3.45 4.08 1.78 0.51 0.52 0.38 1.12 2.04 4.25 2.08 1.78 2.23 0.47 1.95 2.13 2.11 2.17 2.31 2.48 2.48 2.99 3.26 3.53 3.34 2.62 2.51 2.71 2.10 2.05 1.82 1.13 2.67 1.82 1.19 1.16 3.75 1.17 1.51
1.43 1.44 1.49 2.86 3.34 7.30 7.82 11.62 6.54 2.07 11.20 8.73 7.40 6.66 2.39 2.61 3.17 2.97 2.43 2.48 2.73 3.09 2.58 3.43 5.86 2.71 3.04 2.34 2.73 1.97 2.09 2.02 1.89 1.99 3.46 2.35 2.44 2.65 3.19 2.27 2.38 3.61 2.33 2.47 3.13 4.45 3.42 3.99 2.67 2.84 2.22 1.48 1.41 1.32 1.46 0.78 3.26 1.26 1.06 2.20 3.02 2.14 2.42 2.34 2.45 2.22 2.36 2.42 2.95 3.15 2.80 2.61 2.32 2.26 2.16 2.16 2.54 0.98 0.64 1.48 1.06 1.39 1.69 3.66
1.45 1.48 1.54 1.55 1.51 3.50 3.56 7.27 7.37 6.75 13.70 15.09 13.30 10.63 2.41 2.36 2.35 2.63 2.31 3.56 3.12 2.71 3.57 3.57 2.87 3.12 6.70 3.08 2.33 2.08 2.14 2.01 1.97 1.97 1.93 2.59 2.74 2.80 3.18 2.41 2.33 2.85 2.48 2.66 2.67 3.25 3.91 3.29 2.48 3.22 1.90 2.37 2.54 1.92 1.41 1.45 2.24 0.36 1.52 1.99 2.16 2.34 2.40 2.08 1.79 1.90 1.93 2.06 2.50 2.47 2.46 2.18 2.11 2.09 2.01 1.09 1.03 1.34 1.33 1.35 3.62 3.39 3.19 2.77
1.39 1.54 1.62 1.65 1.70 1.67 1.64 1.82 1.97 2.14 7.14 11.89 14.43 13.95 2.55 2.70 2.52 2.49 2.28 2.37 3.76 3.08 3.49 3.38 4.23 3.32 3.43 1.89 2.14 2.03 2.04 1.87 2.07 2.42 2.23 2.47 2.73 3.12 2.88 2.71 2.10 1.80 2.74 2.49 2.30 2.65 3.11 4.79 1.20 3.01 4.29 2.47 2.17 1.63 1.11 2.17 1.31 0.89 1.54 1.98 2.06 2.52 2.39 2.68 1.57 1.70 1.95 2.16 2.50 2.42 2.34 1.57 1.73 2.05 1.15 1.17 0.82 0.99 4.48 3.31 2.77 2.70 2.62 2.64
