24h( un jeu de donné)/PH_20111105140000.asc
NCOLS 95
NROWS 110
XLLCENTER 939500
YLLCENTER 1831500
CELLSIZE 1000
NODATA_VALUE -999
[rows 38 to 75 of 110, columns 0 to 83 of 95]
0.20 0.22 0.24 0.29 0.11 0.11 0.16 0.21 0.13 0.01 0.08 0.10 0.17 0.14 0.14 0.17 0.20 0.38 0.28 0.55 1.23 0.91 1.35 2.93 2.11 1.13 1.74 0.76 0.37 0.31 1.02 1.48 1.57 1.18 1.76 2.06 1.61 0.46 0.50 0.35 0.28 0.39 1.01 1.40 0.98 1.99 1.62 1.36 0.79 0.40 0.44 0.89 1.14 0.26 0.00 0.00 0.19 0.21 0.16 0.10 0.19 0.10 0.15 0.14 0.09 0.19 0.51 0.94 0.76 0.91 0.70 0.25 0.16 0.07 0.42 0.36 0.20 0.28 0.34 0.37 0.68 0.49 0.24 0.25
0.31 0.28 0.33 0.20 0.31 0.49 0.33 0.17 0.13 0.10 0.10 0.09 0.12 0.16 0.17 0.23 0.19 0.14 0.28 0.34 0.62 1.47 1.77 2.34 1.46 1.57 1.29 0.60 0.33 0.62 1.62 1.53 1.62 0.88 1.35 2.32 1.13 0.53 0.54 0.68 0.32 0.38 0.85 1.46 1.15 1.81 1.77 1.38 0.88 0.55 0.50 0.71 1.05 0.49 0.04 0.03 0.00 0.13 0.11 0.08 0.10 0.10 0.15 0.12 0.13 0.21 0.24 0.74 0.91 0.97 0.86 0.23 0.12 0.11 0.13 0.15 0.25 0.39 0.27 0.27 0.41 0.43 0.32 0.22
0.24 0.32 0.29 0.26 0.50 0.78 0.31 0.18 0.10 0.16 0.10 0.15 0.14 0.17 0.16 0.13 0.32 0.16 0.20 0.41 0.55 0.85 0.87 0.84 1.23 0.48 0.89 1.45 0.48 0.77 2.41 1.85 1.59 1.59 1.14 1.25 1.33 0.80 0.81 0.20 0.16 0.25 0.43 0.99 1.69 1.25 1.41 1.39 0.89 0.66 0.59 0.71 0.81 0.72 0.18 0.17 0.22 0.09 0.17 0.11 0.08 0.06 0.17 0.12 0.26 0.15 0.44 0.88 1.30 1.07 0.99 0.88 0.19 0.14 0.15 0.39 0.50 0.21 0.18 0.24 0.29 0.33 0.64 0.34
0.16 0.28 0.29 0.28 0.40 0.39 0.41 0.16 0.32 0.23 0.24 0.18 0.09 0.10 0.07 0.21 0.20 0.15 0.23 0.45 0.58 0.91 0.58 0.26 0.47 0.27 0.36 0.63 1.53 1.41 2.75 2.28 1.07 1.13 1.42 1.03 1.20 1.26 0.90 0.22 0.16 0.37 0.68 0.64 0.91 0.92 1.16 1.07 0.90 0.69 0.56 0.80 0.88 1.06 0.60 0.29 0.16 0.13 0.13 0.11 0.09 0.11 0.11 0.16 0.22 1.29 1.21 0.91 1.02 0.71 1.25 1.08 0.55 0.31 0.19 0.26 0.26 0.17 0.26 0.15 0.30 0.29 0.53 0.37
0.24 0.32 0.28 0.38 0.50 0.41 0.39 0.14 0.16 0.17 0.19 0.20 0.14 0.10 0.17 0.19 0.19 0.19 0.21 0.49 0.47 0.68 0.71 0.52 0.27 0.37 0.47 1.09 0.87 2.06 2.90 1.44 0.60 0.60 1.00 1.15 0.88 0.69 0.36 0.40 0.52 1.45 0.97 0.79 0.64 0.80 0.71 0.65 0.70 0.56 0.84 0.77 0.69 0.84 0.92 0.38 0.25 0.20 0.15 0.15 0.13 0.14 0.15 0.29 0.59 1.01 1.25 1.07 0.60 1.02 1.05 1.10 1.02 0.40 0.33 0.20 0.27 0.14 0.34 0.23 0.48 0.59 0.26 0.39
0.46 0.44 0.20 0.54 0.57 0.47 0.42 0.18 0.23 0.56 0.40 0.40 0.28 0.13 0.05 0.15 0.15 0.29 0.30 0.42 0.39 0.41 0.76 0.61 0.33 0.69 1.31 0.93 0.82 1.13 1.86 0.33 0.15 0.37 0.57 0.55 0.76 0.44 0.30 0.36 0.79 1.21 0.86 0.70 0.39 0.57 0.54 0.89 0.74 0.59 0.56 0.78 0.62 0.59 0.82 0.55 0.34 0.22 0.17 0.19 0.15 0.23 0.51 0.97 1.43 1.46 1.46 1.11 0.67 1.07 1.66 1.84 1.37 0.66 0.36 0.34 0.29 0.46 0.13 0.26 0.25 0.57 0.39 0.27
0.22 0.39 0.37 0.46 0.49 0.23 0.40 0.26 0.30 0.41 0.58 0.22 0.17 0.19 0.13 0.21 0.21 0.32 0.33 0.36 0.28 0.18 0.64 0.83 0.80 1.33 1.08 0.89 0.43 1.05 0.41 0.21 0.03 0.49 0.53 0.55 0.51 0.33 0.32 0.63 1.06 1.34 0.90 0.45 0.45 0.47 0.48 0.87 0.82 0.49 0.39 0.66 0.80 0.58 0.55 0.56 0.37 0.24 0.20 0.16 0.25 0.51 0.74 1.76 2.85 1.85 1.77 0.92 0.74 1.49 2.84 3.01 1.76 1.09 0.65 0.42 0.23 0.21 0.18 0.26 0.50 0.78 0.33 0.49
0.29 0.80 0.70 0.98 0.35 0.49 0.86 0.54 0.34 0.64 0.40 0.21 0.20 0.21 0.15 0.20 0.24 0.25 0.21 0.30 0.20 0.21 0.76 0.99 1.40 1.61 0.63 0.28 0.10 0.23 0.40 0.20 0.18 0.32 0.60 0.40 0.44 0.27 0.55 1.19 1.39 1.40 0.56 0.55 0.45 0.44 0.50 1.08 0.91 0.57 0.64 0.96 0.96 0.54 0.47 0.39 0.40 0.22 0.28 0.31 0.56 0.67 1.01 2.03 1.67 1.72 2.35 1.21 1.20 2.07 3.04 2.28 1.41 0.88 1.54 0.35 0.22 0.26 0.21 0.29 0.55 0.71 0.69 0.67
0.39 0.91 0.73 0.74 0.32 0.58 0.79 0.57 0.32 0.56 0.29 0.27 0.16 0.11 0.15 0.15 0.27 0.12 0.17 0.27 0.25 0.36 1.19 1.03 1.58 0.91 0.52 0.13 0.20 0.06 0.12 0.13 0.14 0.34 0.45 0.26 0.36 0.30 0.70 1.05 1.51 0.81 0.41 0.56 0.88 0.88 0.85 1.06 0.99 0.93 0.97 1.28 1.24 0.66 0.51 0.30 0.33 0.31 0.47 0.62 0.50 0.43 0.79 1.44 2.01 1.95 2.52 2.21 1.91 3.52 2.04 1.05 1.20 0.43 0.50 0.36 0.44 0.35 0.29 0.32 0.40 0.65 0.46 0.61
0.27 0.42 0.52 0.54 0.61 0.60 0.44 0.79 0.56 0.56 0.39 0.29 0.22 0.19 0.25 0.15 0.24 0.19 0.15 0.20 0.17 0.34 1.13 0.77 0.52 0.41 0.42 0.12 0.12 0.08 0.12 0.08 0.09 0.14 0.28 0.33 0.30 0.33 0.62 0.87 1.23 0.49 0.51 0.91 1.54 1.24 1.41 1.09 1.04 1.19 1.02 1.00 0.66 0.56 0.73 0.40 0.35 0.44 0.51 0.47 0.31 0.34 0.73 1.01 1.84 1.81 2.15 3.66 4.17 4.10 2.02 1.29 1.21 1.26 0.66 0.64 0.62 0.45 0.30 0.31 0.41 0.56 0.54 0.59
0.19 0.42 0.42 0.47 0.57 0.57 0.63 0.59 0.62 0.39 0.27 0.17 0.22 0.22 0.24 0.33 0.21 0.16 0.11 0.16 0.17 0.26 0.61 0.37 0.26 0.23 0.10 0.41 0.33 0.25 0.11 0.04 0.01 0.04 0.13 0.23 0.84 0.48 0.47 0.38 0.58 0.39 0.68 1.37 2.10 1.66 1.98 1.10 0.99 1.24 0.98 0.82 0.74 0.55 1.14 0.78 0.48 0.62 0.48 0.46 0.44 0.30 0.82 1.08 1.30 3.08 2.50 3.44 5.01 3.41 1.29 0.85 0.56 0.69 0.79 0.90 0.81 0.49 0.47 0.67 0.75 0.45 0.61 0.61
0.32 0.53 0.66 0.32 0.58 0.79 0.68 0.61 0.51 0.45 0.26 0.34 0.29 0.09 0.37 0.26 0.18 0.06 0.16 0.20 0.16 0.29 0.16 0.11 0.10 0.05 0.18 1.38 0.96 0.63 0.30 0.07 0.04 0.03 0.06 0.18 1.16 0.62 0.35 0.22 0.39 0.44 1.05 1.81 2.42 1.75 1.36 0.83 0.79 0.98 1.69 1.29 0.83 1.33 1.94 1.16 0.66 1.02 0.56 0.36 0.42 0.69 0.96 0.85 0.65 1.25 4.64 4.46 3.95 3.33 2.81 1.61 1.43 1.23 1.16 1.68 1.30 0.77 0.72 0.67 0.59 0.54 0.88 0.61
0.40 0.74 1.02 0.46 0.59 0.95 0.87 0.59 0.63 0.62 0.54 0.63 0.25 0.26 0.28 0.14 0.24 0.10 0.19 0.04 0.19 0.12 0.13 0.03 0.14 0.11 0.27 0.74 0.84 0.47 0.18 0.08 0.14 0.11 0.12 0.21 0.66 0.54 0.27 0.29 0.45 0.61 1.00 1.38 1.19 0.86 0.99 0.74 0.81 1.41 2.73 2.13 1.76 2.28 2.54 1.05 0.96 1.32 0.70 0.41 0.42 0.52 0.69 0.49 0.45 0.53 1.87 3.63 6.03 4.88 3.45 3.82 2.84 4.00 2.75 2.71 1.90 1.16 0.96 1.12 0.87 0.89 0.80 0.78
0.19 0.55 0.84 0.54 0.89 1.02 1.00 0.53 0.59 0.58 0.63 0.70 0.30 0.31 0.24 0.45 0.24 0.13 0.18 0.15 0.24 0.17 0.06 0.14 0.16 0.24 0.64 0.62 0.48 0.38 0.15 0.11 0.13 0.11 0.11 0.12 0.38 0.30 0.31 0.53 0.54 0.70 0.87 0.93 0.80 0.68 0.81 0.74 0.01 1.94 2.65 2.36 1.81 2.32 1.89 0.98 1.57 1.14 0.67 0.68 0.61 0.59 0.53 0.45 0.33 0.57 1.26 2.15 2.49 4.21 4.45 4.33 3.38 7.92 4.38 5.76 1.54 1.75 1.40 1.37 0.72 1.99 0.70 0.69
0.25 0.52 0.82 1.21 1.09 1.00 0.70 0.42 0.72 0.80 0.66 0.63 0.35 0.54 0.36 0.49 0.26 0.13 0.30 0.23 0.28 0.16 0.07 0.05 0.26 0.30 0.92 0.47 0.19 0.09 0.14 0.14 0.11 0.15 0.15 0.06 0.08 0.14 0.27 1.04 0.78 0.71 0.62 0.57 0.56 1.33 1.12 0.00 0.00 0.00 1.84 1.45 1.07 1.47 1.35 1.44 2.37 1.22 0.94 0.91 0.84 0.57 0.44 0.29 0.43 1.01 1.83 1.20 0.96 2.77 5.13 5.46 3.62 4.35 2.27 1.24 1.34 1.87 1.63 1.09 0.74 0.88 0.89 0.87
0.42 0.57 1.02 1.00 1.17 0.93 0.32 0.42 0.52 0.50 0.60 0.63 0.61 0.47 0.48 0.17 0.39 0.22 0.39 0.25 0.28 0.24 0.09 0.04 0.34 0.31 0.74 0.22 0.12 0.09 0.38 0.47 0.48 0.60 0.24 0.09 0.09 0.09 0.49 2.15 0.85 0.37 0.37 0.26 0.28 1.77 1.60 1.10 0.01 1.63 1.33 0.74 0.85 1.71 1.75 2.48 3.23 1.51 1.06 1.11 0.87 0.58 0.30 0.28 0.48 0.96 0.85 0.65 0.70 1.59 3.15 3.76 4.11 5.86 5.39 4.29 5.15 4.67 2.15 1.30 0.95 1.55 1.29 1.26
1.07 2.02 1.65 0.93 0.64 0.55 0.33 0.39 0.41 0.48 0.78 0.46 0.42 0.53 0.41 0.43 0.50 0.38 0.40 0.35 0.32 0.25 0.09 0.07 0.24 0.30 0.23 0.13 0.14 0.44 0.94 0.80 0.73 0.40 0.20 0.14 0.12 0.12 0.23 0.93 0.50 0.19 0.31 0.22 0.22 1.11 2.84 1.72 2.33 1.08 0.51 0.44 1.94 3.20 2.26 2.79 4.02 3.53 1.37 1.18 0.71 0.53 0.41 0.59 0.79 0.76 0.41 0.32 0.52 1.21 1.69 1.68 2.72 4.62 7.76 7.11 7.11 6.70 1.78 1.70 1.54 1.88 0.91 0.93
0.92 1.95 1.34 0.75 0.56 0.27 0.25 0.39 0.42 0.34 0.25 0.31 0.55 0.29 0.44 0.40 0.27 0.31 0.29 0.26 0.27 0.18 0.09 0.24 0.27 0.15 0.06 0.08 0.29 0.54 1.08 0.53 0.73 0.33 0.16 0.20 0.15 0.11 0.10 0.14 0.28 0.21 0.19 0.33 0.53 1.01 1.19 1.07 0.95 0.74 0.57 0.65 1.71 3.13 2.84 2.58 3.50 2.54 1.41 1.64 1.10 0.57 0.57 1.00 0.86 0.91 0.38 0.17 0.87 1.91 1.25 0.91 1.76 4.96 4.29 5.63 4.51 3.01 2.54 3.19 3.57 1.70 1.12 1.05
0.38 1.05 1.21 0.73 0.82 0.22 0.27 0.28 0.86 0.69 0.86 0.33 0.29 0.34 0.66 0.44 0.18 0.26 0.47 0.37 0.13 0.18 0.21 0.37 0.46 0.10 0.04 0.10 0.37 0.61 0.65 0.21 0.22 0.12 0.11 0.23 0.23 0.14 0.11 0.08 0.32 0.16 0.12 0.40 0.59 0.89 0.90 0.38 0.64 0.60 1.09 1.82 1.91 2.33 1.35 1.61 1.93 1.63 1.74 2.24 1.30 0.94 0.58 0.69 0.84 1.07 0.39 0.37 1.32 1.62 1.05 0.59 0.92 1.81 4.40 3.88 5.11 2.74 1.85 2.62 4.43 2.15 1.29 1.38
0.42 0.70 0.83 0.85 0.69 0.35 0.24 0.47 0.68 0.81 0.39 0.40 0.43 0.64 0.65 0.36 0.24 0.32 0.39 0.21 0.12 0.07 0.39 0.81 0.35 0.14 0.07 0.05 0.40 0.44 0.41 0.11 0.12 0.14 0.17 0.26 0.31 0.11 0.15 0.09 0.13 0.21 0.39 0.32 0.41 0.71 0.71 0.23 0.48 0.61 0.90 2.39 1.78 1.46 0.54 0.99 1.48 1.58 2.68 2.66 2.16 1.52 0.77 0.71 0.69 0.99 0.59 0.67 1.36 1.08 0.51 0.39 0.98 1.39 2.07 1.78 4.11 3.06 3.95 5.44 5.14 2.33 1.56 1.93
0.81 0.78 0.93 0.48 0.37 0.54 0.63 0.48 1.27 0.47 0.26 0.23 0.38 0.75 0.48 0.25 0.23 0.41 0.30 0.22 0.29 0.14 0.43 0.59 0.23 0.03 0.04 0.08 0.42 0.29 0.20 0.15 0.17 0.09 0.24 0.59 0.43 0.18 0.12 0.10 0.06 0.16 0.54 0.36 0.15 0.32 0.42 0.18 0.42 0.63 0.65 1.34 0.82 -999 0.41 1.10 2.62 2.35 2.70 3.35 2.73 1.46 1.23 0.64 0.53 0.56 0.67 1.40 2.12 1.23 0.44 0.57 1.49 2.46 1.94 1.59 3.82 4.88 3.73 5.64 4.44 2.11 1.75 1.43
0.86 1.11 0.90 0.54 0.50 0.45 0.87 1.22 1.39 0.73 0.47 0.35 1.18 1.25 1.17 0.28 0.22 0.37 1.70 0.16 0.19 0.25 0.32 0.52 0.18 0.06 0.08 0.30 0.20 0.10 0.02 0.10 0.26 0.12 0.31 0.65 0.36 0.05 0.10 0.09 0.08 0.10 0.25 0.35 0.09 0.19 0.31 0.15 0.51 0.45 0.16 0.66 0.55 0.54 -999 1.64 1.84 2.73 2.52 2.45 2.06 1.46 1.21 0.70 0.56 0.78 0.88 1.55 1.65 0.42 0.57 1.63 2.08 1.48 0.93 0.99 1.91 4.18 9.19 7.88 2.38 1.80 2.50 2.12
1.06 1.18 0.69 0.32 0.91 0.79 1.33 2.39 1.34 0.67 0.21 0.45 2.38 2.47 1.51 0.60 0.50 0.67 0.24 0.25 0.20 0.30 0.32 0.23 0.17 0.04 0.36 0.60 0.13 0.01 0.01 0.26 0.38 0.14 0.06 0.04 0.02 0.13 0.18 0.17 0.11 0.10 0.09 0.08 0.05 0.17 0.13 0.09 0.53 0.40 0.04 0.29 0.24 0.61 1.33 -999 2.81 1.84 3.07 1.70 1.89 1.51 1.37 0.75 0.65 1.06 0.78 1.13 1.26 0.92 1.75 2.25 1.02 0.50 0.40 0.44 1.53 2.68 1.92 2.05 2.56 3.20 2.56 1.63
3.37 3.12 0.91 0.36 1.22 1.21 1.89 1.74 0.85 0.38 0.41 1.12 1.16 1.57 0.81 0.30 0.36 0.39 0.49 0.27 0.06 0.10 0.26 0.13 0.12 0.11 0.54 1.67 0.26 0.03 0.03 0.20 0.29 0.29 0.11 0.04 0.00 0.15 0.30 0.24 0.12 0.14 0.08 0.01 0.04 0.12 0.10 0.03 0.25 0.32 0.02 0.04 0.05 0.52 1.48 -999 -999 1.67 1.13 1.61 1.30 1.27 1.92 1.11 0.99 0.94 1.16 1.10 1.03 1.25 1.79 1.60 0.56 0.22 0.45 0.44 0.64 1.16 1.18 1.58 2.79 4.72 6.31 3.14
4.06 2.89 0.70 0.53 0.95 1.02 0.81 1.45 1.02 0.37 0.27 0.50 1.55 1.19 0.32 0.51 0.64 0.49 0.38 0.08 0.24 0.47 0.34 0.35 0.15 0.20 0.75 0.77 0.11 0.01 0.03 0.08 0.09 0.04 0.05 0.05 0.02 0.10 0.30 0.33 0.20 0.22 0.07 0.01 0.05 0.07 0.08 0.02 0.05 0.19 0.01 0.00 0.03 0.27 0.80 0.77 -999 -999 0.94 1.13 1.25 1.21 1.60 0.95 0.77 0.57 0.79 0.82 0.79 1.61 1.91 1.35 0.99 0.21 0.80 0.77 0.70 0.98 0.82 1.59 3.36 2.82 2.08 1.35
4.10 2.01 0.68 0.48 0.80 0.92 0.97 0.64 0.46 0.43 0.60 0.47 1.22 0.47 0.20 0.16 0.29 0.22 0.41 0.25 0.24 0.37 0.49 0.25 0.15 0.11 0.41 1.48 0.16 0.04 0.01 0.05 0.22 0.07 0.03 0.12 0.03 0.12 0.47 0.78 0.19 0.24 0.13 0.05 0.06 0.07 0.05 0.04 0.01 0.02 0.00 0.00 0.02 0.13 0.39 0.51 0.79 -999 -999 1.35 1.22 0.75 0.52 0.69 0.35 0.53 0.68 0.79 1.45 1.77 1.67 1.03 0.59 0.20 2.00 1.42 1.30 0.88 0.84 1.45 1.43 1.28 1.20 1.07
1.71 1.77 0.54 0.64 0.84 1.03 1.02 0.54 0.44 0.32 0.40 0.47 1.14 0.35 0.22 0.09 0.24 0.21 0.20 0.16 0.62 2.01 1.84 0.28 0.11 0.11 0.22 0.27 0.23 0.03 0.02 0.07 0.03 0.11 0.03 0.12 0.07 0.13 0.23 0.36 0.16 0.16 0.14 0.09 0.06 0.06 0.04 0.06 0.01 0.01 0.00 0.00 0.01 0.06 0.10 0.26 0.54 -999 -999 -999 1.13 0.69 0.63 0.60 0.29 0.88 0.90 0.56 0.84 2.10 1.63 0.82 0.84 1.10 2.86 1.31 1.76 1.24 0.81 0.79 1.10 1.26 2.14 2.58
1.46 2.34 1.43 1.32 1.94 1.45 0.58 0.31 0.23 0.22 0.30 0.41 0.86 0.58 0.22 0.18 0.37 0.48 0.27 0.51 0.88 1.94 0.70 0.18 0.22 0.17 0.46 0.42 0.26 0.04 0.01 0.01 0.03 0.06 0.03 0.12 0.15 0.19 0.13 0.13 0.10 0.31 0.35 0.16 0.05 0.05 0.01 0.03 0.01 0.00 0.00 0.00 0.01 0.01 0.01 0.09 0.43 0.94 -999 -999 -999 0.78 0.80 0.56 0.24 0.56 0.41 0.27 0.68 1.91 0.76 0.62 1.02 2.18 3.18 1.49 0.97 1.10 1.04 0.99 1.09 1.21 1.53 2.48
1.30 1.63 1.77 1.25 2.81 1.66 0.35 0.31 0.59 0.41 0.47 0.70 0.48 0.45 0.32 0.21 0.41 1.17 0.28 0.09 0.08 0.41 0.54 0.28 0.26 0.22 0.39 0.50 0.15 0.02 0.02 0.01 0.03 0.07 0.03 0.07 0.23 0.20 0.12 0.07 0.14 0.57 0.65 0.25 0.05 0.06 0.01 0.02 0.01 0.00 0.00 0.00 0.00 0.00 0.00 0.07 0.51 0.93 0.60 -999 -999 -999 0.69 0.89 0.55 0.77 0.37 0.13 0.44 1.20 0.36 0.43 1.53 2.89 1.56 0.34 0.33 1.42 0.88 1.38 2.11 1.06 1.20 1.57
1.22 1.77 1.34 1.14 3.58 2.07 0.60 0.44 0.87 1.42 1.35 1.09 0.74 0.52 0.18 0.30 0.47 1.02 0.18 0.11 0.10 0.28 0.45 0.52 0.33 0.66 0.45 0.14 0.09 0.02 0.03 0.01 0.01 0.03 0.03 0.25 0.17 0.24 0.16 0.08 0.12 0.47 0.94 0.21 0.03 0.04 0.00 0.01 0.01 0.00 0.01 0.00 0.00 0.01 0.01 0.06 0.50 0.55 0.55 -999 -999 -999 -999 1.00 0.96 0.68 0.17 0.12 0.13 0.24 0.28 0.82 2.94 2.37 0.99 0.28 0.55 1.05 1.33 0.53 0.57 1.29 1.30 1.42
0.70 1.44 1.12 0.88 4.73 1.50 0.94 0.92 1.18 1.86 1.10 0.77 0.58 0.48 0.26 0.14 0.12 0.10 0.12 0.14 0.12 0.26 0.65 0.25 0.40 1.22 0.29 0.14 0.06 0.06 0.06 0.03 0.02 0.01 0.01 0.31 0.26 0.25 0.06 0.12 0.08 0.35 0.67 0.21 0.01 0.01 0.00 0.02 0.01 0.00 0.18 0.00 0.00 0.00 0.00 0.04 0.39 0.21 0.33 0.68 -999 -999 -999 -999 0.93 0.54 0.13 0.07 0.07 0.41 0.18 1.34 2.55 1.78 0.71 0.74 1.43 1.69 1.19 0.52 0.76 0.62 0.65 1.42
0.49 1.27 1.78 0.70 3.33 2.91 1.81 1.98 2.03 1.92 0.69 0.55 0.57 0.23 0.20 0.15 0.21 0.15 0.21 0.16 0.15 0.56 0.65 0.13 0.33 0.49 0.38 0.11 0.11 0.24 0.16 0.05 0.02 0.04 0.02 0.04 0.12 0.17 0.04 0.08 0.11 0.13 0.09 0.12 0.01 0.02 0.00 0.01 0.00 0.00 0.07 0.01 0.00 0.00 0.00 0.04 0.05 0.07 0.11 0.54 0.80 -999 -999 -999 -999 0.49 0.29 0.24 0.20 0.28 0.32 0.83 0.85 0.70 0.88 0.97 2.34 2.30 0.68 0.35 0.64 0.41 1.24 1.56
0.48 0.92 0.94 1.49 1.86 2.92 2.37 1.99 3.09 1.84 0.33 0.34 0.50 0.48 0.42 0.26 0.38 0.40 0.36 0.19 0.23 0.18 0.22 0.10 0.20 0.23 0.23 0.17 0.19 0.27 0.44 0.09 0.04 0.04 0.03 0.01 0.02 0.09 0.06 0.08 0.19 0.15 0.05 0.04 0.00 0.01 0.00 0.01 0.00 0.00 0.01 0.02 0.01 0.00 0.00 0.00 0.00 0.01 0.07 0.40 0.77 -999 -999 -999 -999 -999 0.25 0.28 0.27 0.23 0.25 0.92 0.58 0.23 1.48 1.44 2.38 0.88 0.11 0.37 0.47 0.35 1.32 1.51
0.71 1.32 1.70 1.10 1.29 1.04 1.70 1.45 2.65 2.24 0.36 0.30 0.69 1.43 0.87 0.37 0.67 0.74 0.51 0.29 0.20 0.10 0.08 0.10 0.19 0.14 0.18 0.17 0.18 0.37 0.38 0.08 0.06 0.03 0.06 0.02 0.03 0.07 0.02 0.08 0.29 0.16 0.06 0.02 0.00 0.01 0.01 0.00 0.01 0.02 0.02 0.05 0.01 0.00 0.00 0.00 0.00 0.00 0.06 0.22 0.34 1.23 -999 -999 -999 -999 -999 0.33 0.17 0.23 0.11 0.18 0.10 0.40 1.19 1.02 1.78 0.20 0.15 0.43 0.61 1.25 2.76 1.41
0.81 0.84 1.53 1.07 0.59 1.01 1.92 1.76 4.17 2.21 0.48 0.63 1.06 2.16 1.61 0.64 0.89 1.19 0.58 0.23 0.18 0.14 0.12 0.13 0.11 0.14 0.19 0.11 0.13 0.50 0.23 0.15 0.03 0.04 0.03 0.01 0.01 0.02 0.01 0.07 0.39 0.11 0.02 0.00 0.00 0.01 0.01 0.03 0.04 0.02 0.05 0.05 0.02 0.01 0.00 0.00 0.00 0.00 0.09 0.09 0.26 0.95 1.05 -999 -999 -999 -999 -999 0.10 0.04 0.08 0.07 0.08 0.45 1.13 1.38 1.03 0.49 0.14 0.34 1.73 2.05 1.32 0.87
0.81 0.85 1.45 0.86 0.76 1.46 1.94 1.57 1.23 1.49 1.25 0.80 1.50 3.71 2.24 0.70 1.33 0.82 0.20 0.20 0.26 0.33 0.13 0.08 0.08 0.07 0.21 0.17 0.27 0.23 0.37 0.25 0.07 0.04 0.02 0.01 0.00 0.00 0.00 0.12 0.25 0.05 0.03 0.00 0.00 0.00 0.01 0.05 0.04 0.03 0.07 0.08 0.00 0.00 0.00 0.00 0.00 0.00 0.00 0.05 0.15 0.91 0.64 -999 -999 -999 -999 -999 -999 0.05 0.13 0.06 0.09 0.38 0.42 0.16 0.37 0.04 0.51 1.35 1.43 1.88 1.68 0.70
1.89 1.08 1.05 1.16 0.90 1.39 1.71 1.75 1.44 1.10 1.07 1.48 2.76 4.95 1.42 0.46 0.68 0.59 0.30 0.36 0.27 0.38 0.28 0.17 0.05 0.12 0.44 0.55 0.24 0.18 0.10 0.21 0.18 0.04 0.04 0.00 0.00 0.00 0.00 0.13 0.07 0.00 0.01 0.00 0.00 0.00 0.00 0.03 0.02 0.04 0.05 0.03 0.00 0.01 0.00 0.00 0.00 0.00 0.00 0.07 0.09 0.72 0.46 0.81 -999 -999 -999 -999 -999 -999 0.25 0.08 0.05 0.09 0.12 0.02 0.20 0.07 0.60 0.61 0.65 0.77 0.69 0.39
2.47 1.70 1.42 1.24 1.18 2.69 2.36 2.10 1.04 1.18 1.21 1.49 2.42 5.44 0.72 0.25 0.88 1.29 1.13 0.47 0.31 0.43 0.64 0.15 0.07 0.19 0.82 0.42 0.41 0.16 0.07 0.20 0.07 0.16 0.06 0.00 0.00 0.00 0.02 0.03 0.00 0.00 0.00 0.00 0.00 0.00 0.00 0.05 0.01 0.00 0.00 0.07 0.04 0.04 0.04 0.01 0.00 0.00 0.00 0.02 0.04 0.20 0.32 0.86 0.62 -999 -999 -999 -999 -999 -999 0.06 0.05 0.05 0.03 0.00 0.06 0.07 0.27 0.49 0.33 0.55 0.47 0.26
