24h( un jeu de donné)/PH_20111105220000.asc
NCOLS 95
NROWS 110
XLLCENTER 939500
YLLCENTER 1831500
CELLSIZE 1000
NODATA_VALUE -999
[rows 37 to 73 of 110, columns 0 to 83 of 95]
1.74 1.82 1.80 1.81 1.68 1.87 1.91 7.75 3.39 1.96 8.29 19.66 22.44 11.65 2.31 2.54 2.47 2.42 2.38 2.36 1.84 2.20 2.83 2.61 4.37 6.65 3.28 1.96 1.31 1.94 2.07 2.07 2.05 2.14 2.42 2.46 2.32 2.23 0.60 1.24 0.96 1.15 1.51 2.09 2.15 2.19 2.27 2.25 2.61 1.44 1.77 1.14 0.89 0.62 0.22 0.17 0.33 1.31 1.84 2.30 2.70 2.81 3.11 2.54 2.39 2.22 2.49 2.77 2.62 2.91 1.30 0.83 0.55 0.86 1.54 0.77 2.31 4.00 2.89 2.05 1.72 1.08 1.66 2.92
1.81 1.80 1.92 1.85 1.91 1.83 1.95 1.98 1.88 1.98 2.11 9.67 8.05 2.19 2.27 2.38 2.49 11.86 8.24 7.55 3.15 2.39 2.22 2.28 3.21 4.24 1.91 2.28 1.98 2.05 2.16 2.16 2.25 2.56 2.59 2.67 2.09 1.94 0.72 0.27 0.40 0.59 1.31 1.83 1.75 1.76 1.83 2.09 1.88 0.65 0.68 1.19 0.66 0.17 0.00 0.23 0.00 0.70 2.05 2.27 2.20 2.55 2.32 2.67 2.95 2.31 2.46 2.67 2.75 3.05 2.82 0.81 1.76 0.38 0.73 1.40 1.73 1.95 1.70 1.32 1.66 1.70 2.25 2.81
1.73 1.85 1.91 2.01 1.88 1.92 1.95 1.94 1.83 1.94 1.99 2.49 2.06 2.01 2.11 2.10 2.34 9.54 7.31 7.05 7.62 6.62 3.31 2.40 2.61 2.64 3.08 2.39 2.30 2.13 2.33 2.16 2.34 2.43 2.61 2.79 2.07 0.82 0.72 0.26 0.25 0.50 0.84 1.41 1.57 1.41 1.46 1.76 1.82 2.03 1.19 1.37 0.38 0.00 0.00 0.00 0.67 1.13 1.58 1.98 1.98 1.97 2.08 3.59 4.42 2.44 2.51 2.15 2.42 2.57 2.44 1.03 1.39 1.82 2.06 1.46 0.92 1.65 2.02 1.84 1.85 2.47 1.45 2.20
1.91 1.94 1.92 2.05 2.03 1.97 2.03 2.49 1.91 1.97 1.98 1.98 1.80 1.95 1.95 2.13 2.04 5.78 6.80 7.46 5.81 7.07 4.08 3.50 3.16 2.09 1.55 2.33 2.60 2.47 2.49 2.68 3.84 2.95 3.63 2.60 2.39 1.73 0.40 1.09 0.09 0.35 0.82 1.20 1.50 1.27 1.27 1.43 1.63 1.73 1.70 0.95 0.51 0.00 0.04 0.49 0.96 1.23 1.59 1.71 1.62 1.72 2.64 2.96 4.01 3.21 2.59 2.43 2.23 2.22 2.36 2.41 3.82 2.20 2.81 2.42 2.09 2.51 1.83 1.44 1.30 2.30 3.88 2.68
1.85 1.88 1.96 2.07 2.05 2.08 2.00 1.99 2.11 2.24 2.12 2.01 1.96 1.98 2.02 2.07 1.91 2.09 5.41 4.26 4.06 6.83 2.69 2.48 6.82 3.62 2.00 1.06 2.75 2.70 2.52 3.65 4.11 7.75 5.37 3.46 2.38 1.98 1.11 1.14 0.05 0.36 0.89 1.15 1.43 1.29 1.35 1.34 1.39 1.39 1.10 1.12 0.98 0.92 0.35 0.77 1.05 1.28 1.47 1.53 1.61 2.03 2.39 2.57 2.22 3.47 2.23 2.12 2.10 2.51 2.50 3.03 2.38 2.39 2.79 2.67 3.01 3.09 2.99 2.94 2.61 2.05 2.17 2.24
1.89 1.84 2.01 2.09 2.17 2.12 1.94 2.07 2.18 2.27 2.18 1.93 2.11 2.12 2.08 2.08 1.95 2.04 2.17 2.28 2.86 4.26 2.32 1.95 10.77 4.07 2.46 3.12 1.97 1.61 2.26 1.84 2.44 2.72 4.95 5.36 4.78 3.03 0.76 1.26 0.89 0.81 1.28 1.00 1.51 1.37 1.40 1.45 1.29 1.13 1.04 0.81 0.74 0.89 0.95 0.84 1.03 1.14 1.26 1.51 2.23 2.48 2.37 2.29 1.11 2.05 2.85 3.16 3.18 2.87 2.59 3.19 2.15 3.55 2.87 3.61 4.75 4.05 3.74 2.49 2.29 3.38 3.77 3.24
1.92 1.86 1.95 2.07 2.11 2.09 2.00 1.92 2.19 2.21 2.08 2.15 2.10 2.11 2.03 2.16 2.19 2.36 2.58 2.56 2.65 2.30 2.02 3.02 5.10 4.78 3.22 2.35 4.80 2.13 2.01 2.06 2.22 2.20 2.82 3.47 4.86 3.95 3.04 1.50 1.65 1.44 1.60 1.71 1.73 1.57 1.47 1.30 1.26 1.10 1.10 0.93 0.83 0.83 0.82 1.10 1.06 1.19 1.24 1.63 2.00 2.40 2.17 1.72 1.10 1.47 3.20 4.11 3.31 3.63 2.32 2.39 1.64 3.45 3.62 3.65 2.66 3.89 5.89 6.17 4.41 3.90 3.82 3.78
1.85 1.83 1.95 2.10 2.08 2.14 1.95 2.12 2.23 2.01 1.92 2.06 2.11 2.17 2.16 2.16 2.13 2.53 2.34 2.62 2.56 2.29 2.30 2.52 3.23 3.32 2.89 3.86 4.50 4.51 3.26 2.01 2.41 2.29 2.40 2.61 2.78 4.13 3.21 2.23 2.04 2.12 1.88 2.05 1.97 1.93 1.73 1.52 1.30 1.22 1.29 1.22 1.20 1.00 1.03 1.15 1.28 1.53 1.86 1.93 2.09 2.34 2.57 1.88 2.13 1.99 1.04 3.70 4.37 4.20 4.08 2.04 1.72 3.31 3.14 4.14 4.42 4.44 4.49 5.79 7.07 6.99 6.62 5.78
1.94 1.97 2.10 2.14 2.20 2.07 1.95 2.12 2.15 2.23 2.12 2.09 2.06 2.12 2.26 2.84 2.63 2.59 2.51 2.36 2.15 2.08 1.87 2.64 3.33 3.88 3.97 4.04 2.71 2.89 3.20 2.43 2.14 3.13 2.46 2.60 2.68 2.80 2.63 2.83 2.21 1.93 1.92 1.90 2.12 2.38 2.04 1.89 1.76 1.57 1.63 1.55 1.63 1.53 1.36 1.49 1.48 1.93 2.30 2.75 2.86 2.58 2.54 2.51 2.97 3.27 2.01 3.85 4.17 4.23 4.20 2.16 2.30 2.30 3.10 3.61 5.60 7.30 6.72 6.70 4.20 2.42 7.98 5.90
1.96 1.94 2.04 2.18 2.17 2.19 2.10 2.10 2.15 2.22 2.22 2.22 2.15 2.24 2.41 3.00 3.63 3.60 3.38 3.05 2.40 2.19 2.57 2.61 2.78 3.06 3.67 4.41 4.79 4.11 3.27 2.93 2.75 2.84 3.47 3.26 3.01 2.71 2.13 2.10 2.39 2.26 2.29 2.34 2.20 2.32 2.41 2.26 2.15 2.10 2.27 2.08 1.96 1.91 1.91 2.04 2.09 2.38 2.49 2.70 2.75 2.86 3.32 2.48 2.75 3.14 3.06 3.86 4.20 5.27 5.82 2.47 2.30 3.98 5.45 5.20 5.61 6.41 7.39 6.94 3.54 3.14 4.24 7.63
1.79 1.88 2.07 2.08 2.20 2.18 2.01 2.09 2.11 2.11 2.31 2.21 3.27 3.73 3.57 3.39 3.82 3.66 4.94 3.69 2.79 2.33 2.10 2.12 2.44 2.89 3.30 3.21 3.27 3.73 3.96 3.73 3.47 3.42 3.54 3.66 3.35 3.11 2.62 2.15 1.99 2.20 2.26 2.44 2.64 2.53 2.46 2.40 2.46 2.58 2.76 2.55 2.44 2.59 2.76 2.48 2.66 3.03 3.07 3.08 3.74 3.36 3.44 2.69 2.86 3.53 3.83 3.91 4.21 5.37 5.30 2.45 2.64 4.68 6.63 6.09 4.51 5.90 7.14 4.75 4.77 3.52 5.28 5.62
1.79 1.94 1.95 2.10 2.19 2.20 2.06 2.07 2.09 2.01 1.98 2.05 2.63 3.16 3.64 2.73 3.81 5.17 4.24 4.42 3.95 3.41 3.57 3.39 2.95 2.72 3.02 2.84 2.81 3.21 3.43 3.34 3.46 3.53 3.61 3.79 3.91 3.61 3.30 2.86 2.41 2.49 2.62 2.68 2.73 2.76 2.58 2.44 2.68 3.02 2.89 2.85 3.01 3.01 3.66 3.91 3.85 3.69 3.65 4.08 4.12 4.54 4.86 4.55 3.84 4.58 4.26 4.58 4.35 6.11 6.94 4.98 4.74 5.08 5.29 5.28 4.65 4.62 5.80 5.19 4.74 4.83 5.96 3.48
1.69 1.77 1.73 1.79 1.95 2.05 2.02 2.01 1.99 1.84 1.83 2.16 2.42 2.56 2.38 2.48 3.05 3.56 4.50 4.81 4.17 4.03 3.85 2.22 2.52 2.61 2.79 2.39 2.73 3.19 2.88 2.70 3.12 3.34 3.48 3.66 4.01 4.12 3.88 3.61 3.37 3.19 2.84 2.82 2.75 2.79 2.88 2.79 2.73 2.86 2.90 3.15 3.39 3.55 3.67 4.20 4.78 5.25 5.32 5.62 5.62 6.04 7.48 7.42 5.46 6.07 5.94 6.08 4.54 6.04 5.97 5.21 4.39 6.44 5.61 4.80 3.57 3.78 4.42 5.33 3.44 5.33 5.27 3.54
1.58 1.71 1.76 1.85 1.92 1.91 1.99 1.96 2.41 2.94 2.62 2.59 2.77 2.01 1.98 2.03 2.95 3.58 4.17 4.20 3.99 3.82 2.39 2.11 2.15 2.45 2.61 2.68 3.24 3.38 3.41 3.29 3.14 3.15 3.35 3.51 3.55 3.48 3.45 3.84 3.89 3.76 3.55 3.14 3.04 2.93 2.92 3.01 2.80 2.91 3.00 3.39 3.51 3.88 4.50 5.26 6.07 6.82 7.44 8.05 9.01 9.06 9.38 10.97 10.46 8.10 8.33 8.73 6.98 5.44 6.96 5.20 3.26 4.10 4.47 4.21 3.16 3.38 3.43 3.02 3.01 3.49 3.52 2.58
1.58 1.65 1.72 1.69 1.83 1.86 1.87 1.86 1.78 2.27 2.71 3.03 2.69 1.85 2.04 2.02 3.09 3.64 4.50 4.83 4.94 4.60 2.81 5.12 4.36 5.15 4.48 4.17 3.92 3.50 3.68 3.99 3.67 3.57 3.18 2.98 3.14 3.53 3.81 3.70 3.85 3.69 3.63 3.67 3.74 3.63 3.29 2.93 0.27 3.12 3.53 3.87 3.81 3.72 4.37 5.04 6.06 6.66 7.37 7.16 8.23 10.43 12.56 11.62 13.26 10.82 9.16 10.73 8.23 6.92 6.37 5.01 3.75 3.80 3.68 2.90 2.54 2.27 1.92 1.40 1.61 1.82 2.42 2.01
1.54 1.57 1.61 1.75 1.78 1.77 1.88 1.58 1.44 2.05 2.56 2.51 2.36 1.72 2.05 2.39 1.98 4.02 4.00 4.53 4.87 4.30 2.97 4.74 5.56 5.47 5.68 5.07 5.05 4.42 4.20 4.25 4.85 4.70 4.15 3.66 3.25 3.35 4.02 4.22 4.03 3.63 3.48 3.36 3.48 4.20 4.20 0.00 0.00 2.71 4.29 4.67 4.63 4.02 3.93 4.06 4.54 5.81 7.48 7.20 7.61 7.42 10.18 10.79 11.66 13.12 11.22 10.35 7.63 7.16 5.76 4.64 4.04 3.04 2.82 2.48 2.22 1.72 1.86 1.31 1.21 1.30 1.82 2.15
1.60 1.55 1.56 1.66 2.86 1.85 1.87 1.72 1.72 1.83 2.24 2.44 2.45 1.79 1.83 1.96 1.72 1.55 2.39 3.02 2.15 3.02 3.99 4.37 5.02 5.30 5.23 5.96 6.57 6.13 5.64 6.09 6.00 6.77 6.69 5.44 4.66 4.41 4.77 5.51 5.19 4.80 4.20 3.80 3.99 4.64 5.55 5.59 0.26 4.57 4.70 5.15 5.17 5.39 5.51 5.24 5.52 6.00 6.48 6.96 6.16 6.52 8.53 9.53 9.96 10.57 12.56 10.34 7.62 5.53 3.97 2.91 2.14 2.14 2.09 1.68 1.17 0.83 0.73 0.61 0.73 0.73 1.12 1.07
1.53 1.48 1.53 1.45 1.63 1.78 1.70 1.66 1.64 1.65 1.66 2.02 2.12 2.75 2.50 1.70 1.84 2.52 3.39 1.78 1.94 4.01 4.31 4.73 5.04 5.39 5.15 5.98 6.02 6.58 6.30 7.11 7.54 7.48 8.09 8.52 7.53 6.26 6.19 6.42 6.64 6.48 5.70 5.20 4.51 4.60 5.48 6.10 5.67 5.28 5.71 6.01 6.37 6.13 6.79 8.33 8.96 7.43 6.75 6.84 9.15 9.25 10.52 11.05 10.84 9.34 9.62 8.32 6.17 6.28 4.68 2.78 1.69 1.54 1.63 1.06 0.58 0.56 0.44 0.53 0.61 0.58 0.62 0.61
1.50 1.41 1.41 1.42 1.46 1.45 1.58 1.74 1.67 1.60 1.16 1.67 1.45 1.73 1.85 2.71 3.12 2.82 2.67 0.97 3.92 5.00 5.22 5.47 5.69 6.17 6.17 6.09 6.99 7.00 7.45 8.13 8.56 7.39 7.32 8.25 8.04 7.50 7.48 7.15 7.08 7.11 6.61 6.32 5.92 5.81 6.82 7.19 6.87 5.81 5.68 4.81 5.57 5.88 6.08 6.98 9.14 10.05 8.25 8.28 8.94 8.24 9.63 10.94 12.37 7.97 7.21 7.60 7.33 7.16 5.32 3.20 1.75 1.36 1.14 1.13 0.90 0.70 0.51 0.47 0.39 0.42 0.43 0.42
1.45 1.52 1.44 1.42 1.51 1.12 1.65 1.67 1.64 1.62 1.82 2.51 1.96 1.47 1.78 1.30 1.73 1.48 3.06 3.88 4.74 5.07 7.03 6.27 6.50 7.56 7.77 6.88 7.40 8.75 9.33 9.10 9.37 9.28 8.72 9.11 9.85 10.84 9.63 8.50 8.01 6.95 7.38 7.55 8.07 8.94 8.47 8.25 9.03 8.76 7.23 7.45 5.93 7.20 7.25 7.53 7.60 7.21 6.64 6.49 7.26 7.38 7.55 9.30 10.80 11.08 9.15 7.04 7.21 7.38 5.39 3.88 2.50 1.67 1.48 1.22 0.74 0.52 0.62 0.50 0.43 0.45 0.48 0.47
1.38 1.40 1.33 1.36 1.36 1.42 1.56 1.41 1.51 1.73 2.86 3.04 3.29 2.52 2.44 2.45 1.93 3.36 4.88 4.94 5.53 6.42 6.88 8.36 7.15 7.75 8.41 9.09 8.93 9.78 10.90 9.66 10.31 10.07 9.61 9.84 9.63 11.42 12.16 11.42 9.30 8.95 7.80 8.55 9.06 9.06 8.55 8.02 8.42 7.89 7.96 8.95 8.17 10.01 10.32 10.75 10.87 9.45 7.68 7.72 8.20 8.11 8.98 9.00 10.20 9.93 10.74 8.78 7.88 6.37 5.14 4.68 3.29 2.31 1.75 1.51 1.10 0.86 0.53 0.49 0.37 0.36 0.40 0.41
1.40 1.52 1.44 1.34 1.44 1.44 1.41 1.70 1.81 1.60 1.90 2.92 3.15 3.60 3.71 3.76 3.24 2.96 4.69 4.41 4.03 6.13 7.40 9.14 5.37 8.64 9.50 8.29 8.51 10.85 10.50 9.97 9.95 10.41 11.38 9.74 9.97 10.89 12.31 10.80 9.57 8.10 8.16 9.43 9.80 10.18 10.14 9.22 8.50 7.80 8.77 8.43 8.00 -999 9.98 10.06 10.42 10.63 10.15 9.07 9.45 11.08 10.86 11.97 10.87 10.70 10.17 9.23 7.70 6.52 5.63 5.43 3.23 2.38 1.81 1.45 1.12 0.88 0.60 0.50 0.41 0.41 0.48 0.41
1.47 1.54 1.46 1.38 1.40 1.43 1.50 1.79 1.94 1.57 1.75 2.76 2.16 1.53 3.49 3.08 1.47 1.66 2.78 1.66 2.05 1.39 3.06 10.07 9.34 6.73 6.17 6.98 9.05 10.61 13.05 12.17 9.04 9.12 8.13 8.52 11.92 11.28 11.24 11.72 9.57 8.51 7.42 9.71 10.12 9.90 9.72 7.49 7.48 7.63 8.60 7.46 7.45 8.05 -999 8.32 9.05 10.49 8.40 8.22 9.39 8.84 9.20 8.59 8.64 9.47 9.06 7.66 6.63 5.43 3.92 3.83 2.82 2.51 2.01 1.29 0.86 0.75 0.46 0.45 0.41 0.50 0.38 0.38
1.50 4.31 5.99 1.41 1.46 1.41 1.37 1.51 2.32 1.57 1.72 2.78 1.98 2.46 6.48 7.89 9.35 8.19 8.03 5.98 1.58 2.17 6.30 6.77 6.42 7.59 7.24 8.01 8.71 6.69 9.66 9.97 7.73 5.81 7.68 10.18 10.02 12.15 12.83 11.29 10.47 8.42 7.27 7.13 8.67 9.49 9.28 7.36 6.19 6.23 7.26 6.87 6.56 6.68 6.09 -999 8.48 7.55 8.74 6.46 6.38 7.18 7.87 6.41 5.84 6.84 6.00 5.60 4.40 2.94 2.73 2.02 1.63 1.58 1.06 0.87 0.88 0.81 0.53 0.54 0.54 0.33 0.38 0.36
1.32 1.49 2.17 1.66 1.32 1.45 1.40 1.21 1.49 1.58 1.81 3.35 5.84 9.59 10.19 10.83 11.46 10.98 8.42 6.41 3.50 4.14 7.46 8.43 6.09 5.94 4.85 4.77 7.47 8.45 9.70 9.38 6.73 2.51 1.91 3.86 4.85 9.13 10.34 10.57 8.87 8.17 7.94 8.96 9.96 9.33 9.58 8.17 7.27 6.03 5.33 5.79 6.06 6.24 5.15 -999 -999 5.87 5.34 5.64 4.49 4.24 4.22 4.02 3.77 3.39 2.94 2.72 2.20 2.30 1.81 1.51 1.15 0.91 0.70 0.56 0.61 0.67 0.64 0.51 0.46 0.43 0.41 0.41
1.72 1.52 1.56 2.24 2.14 1.71 1.57 1.82 1.48 1.57 1.54 4.09 10.50 10.77 9.74 9.19 7.33 5.14 3.63 4.68 2.87 3.51 1.89 2.01 2.48 3.75 4.17 4.23 5.71 6.71 8.08 10.80 7.36 3.07 2.03 4.87 6.14 7.79 11.68 8.59 7.99 7.75 8.67 9.50 10.68 10.84 9.61 7.36 6.84 6.46 6.45 7.63 6.76 5.89 5.80 5.80 -999 -999 5.20 5.10 5.76 5.71 5.29 4.56 3.90 3.38 2.90 3.18 3.13 2.60 1.95 1.59 1.11 0.83 0.73 0.68 0.83 0.77 0.73 0.70 0.60 0.43 0.45 0.61
1.30 1.28 1.39 1.45 2.00 2.52 2.49 2.67 2.63 5.54 7.61 9.67 8.26 7.63 5.23 6.84 15.65 9.71 2.79 1.94 2.58 6.30 4.03 5.26 5.56 4.92 5.38 4.65 4.85 6.56 5.97 5.55 6.18 6.81 7.78 10.01 11.06 9.46 9.22 10.12 7.58 6.89 7.74 9.26 10.30 10.04 9.59 8.19 6.76 5.96 5.98 7.44 7.70 7.00 5.58 4.88 4.08 -999 -999 6.16 6.19 5.75 5.92 6.32 6.03 4.86 3.49 3.72 3.30 2.43 2.54 1.70 2.22 1.64 1.18 1.90 1.75 1.25 0.88 0.96 0.72 0.69 1.25 1.08
1.28 1.32 2.18 2.23 2.06 3.06 3.01 5.98 8.71 8.03 6.98 9.78 11.82 12.78 10.14 9.53 11.28 12.26 6.14 6.62 6.90 8.58 7.68 6.49 6.53 5.86 5.76 6.19 4.93 5.09 5.51 5.27 6.43 6.34 6.12 6.28 8.11 8.85 8.35 8.52 8.22 7.43 6.32 6.75 7.49 8.83 9.76 7.85 6.93 5.03 5.09 6.50 6.41 5.81 5.05 4.35 4.28 1.76 -999 -999 5.72 4.60 3.48 3.70 4.56 3.12 3.06 2.62 2.35 2.09 1.38 1.42 1.39 1.15 1.79 2.23 2.21 1.76 1.34 1.23 0.77 0.76 1.56 1.52
1.24 1.26 2.50 4.24 4.06 5.13 6.21 5.37 6.34 12.68 15.75 14.83 12.93 13.19 11.12 11.36 10.54 12.57 11.74 10.59 9.61 11.19 8.98 7.43 7.45 7.14 7.10 4.97 5.02 5.05 6.34 7.87 8.13 7.24 7.24 6.37 5.53 6.52 6.70 6.10 7.19 6.11 5.41 4.90 5.32 6.23 6.82 6.30 5.63 4.06 3.69 3.90 3.84 3.87 3.73 3.22 2.88 2.38 -999 -999 -999 2.70 2.94 3.03 2.91 2.87 2.47 1.83 2.47 1.91 1.58 1.28 1.09 0.86 0.98 1.28 1.77 1.68 1.42 0.85 0.76 1.37 1.69 1.63
2.98 4.06 4.85 4.52 3.29 4.69 6.42 8.76 9.68 8.44 8.44 7.99 7.50 7.44 7.26 9.29 13.66 13.02 12.14 7.63 4.97 12.34 9.19 6.98 9.84 9.53 6.88 5.81 6.38 5.62 6.46 7.84 6.60 7.18 7.48 6.71 5.69 6.30 6.19 6.16 5.83 5.58 5.23 4.25 4.12 4.61 4.11 4.45 3.82 3.38 2.75 2.57 2.45 2.55 2.36 2.24 2.43 2.24 1.92 -999 -999 -999 2.53 2.97 3.18 3.19 3.61 3.18 1.97 2.32 2.24 2.29 2.03 1.52 1.21 1.33 1.22 1.30 1.22 1.28 0.99 1.07 1.70 2.89
2.80 2.01 4.20 5.75 5.32 6.73 5.03 5.90 4.97 4.65 6.35 6.84 6.60 6.29 7.02 9.74 7.35 7.06 13.54 8.86 8.30 9.34 8.74 8.82 10.61 7.78 7.64 7.68 7.02 8.01 6.35 7.66 8.40 7.96 7.75 6.09 5.69 6.08 6.71 6.81 5.64 4.78 5.71 3.88 4.06 4.01 3.52 3.38 3.49 2.69 2.37 2.09 1.86 2.08 2.37 2.30 2.57 2.21 2.11 0.59 -999 -999 -999 2.48 2.55 2.27 3.24 3.39 3.26 2.18 2.88 2.90 3.06 3.93 1.98 1.03 0.79 1.01 1.63 2.31 2.12 2.27 2.20 1.67
1.37 1.38 3.59 1.77 1.73 2.12 2.10 4.64 5.14 6.16 6.20 5.84 7.91 8.28 7.94 7.49 2.83 2.25 6.87 9.51 8.37 8.15 7.44 8.89 8.42 6.08 8.85 8.26 7.52 8.67 5.94 6.78 7.63 7.45 6.96 5.54 5.36 5.55 6.37 5.26 5.38 4.58 4.56 4.04 3.52 3.77 3.18 2.91 2.54 1.68 2.14 1.95 1.86 2.01 2.41 2.59 2.21 2.22 2.40 1.97 -999 -999 -999 -999 1.90 1.75 1.75 2.98 2.94 2.27 1.84 1.54 1.67 2.08 1.43 1.11 1.04 1.25 2.20 2.22 1.62 1.33 1.25 1.58
1.72 1.63 1.48 1.49 1.59 1.96 2.06 3.70 4.88 2.21 2.94 5.54 6.46 8.36 9.75 10.47 6.52 6.02 7.73 8.96 9.01 7.68 9.06 11.68 7.88 8.03 9.12 10.20 6.45 6.31 6.36 6.88 6.20 5.49 5.30 6.76 5.61 5.66 4.46 4.68 4.57 3.95 3.87 3.31 3.42 3.30 2.49 2.06 1.83 1.56 1.59 1.76 1.68 1.77 1.68 1.86 1.89 1.84 2.29 2.22 1.77 -999 -999 -999 -999 1.70 1.80 1.91 1.90 2.06 1.68 1.45 1.17 1.16 1.08 0.99 1.65 1.49 1.44 1.90 1.90 0.95 0.91 1.12
1.43 1.73 1.52 1.39 1.39 1.77 1.99 3.68 2.28 1.29 1.49 2.98 6.60 7.46 5.96 6.79 5.86 5.14 7.15 7.17 9.09 11.76 15.20 7.11 7.41 8.12 9.66 7.86 6.81 6.42 6.60 5.91 6.58 6.08 7.18 8.41 7.68 4.79 4.85 4.96 3.28 3.61 3.63 3.10 3.26 2.77 2.44 1.77 1.53 1.44 1.33 1.47 1.41 1.69 1.33 1.57 1.55 1.55 1.80 2.02 1.88 0.02 -999 -999 -999 -999 1.21 1.62 1.83 1.23 0.96 1.01 1.40 1.27 1.12 1.17 1.45 1.70 1.38 1.30 1.31 1.15 1.18 1.09
1.27 1.44 1.41 1.45 1.47 1.98 2.01 2.21 2.53 1.46 1.44 3.41 4.94 5.32 6.75 5.71 5.22 6.03 7.06 11.07 12.86 9.68 11.83 8.50 7.75 10.01 8.08 8.45 9.31 9.35 7.62 5.57 5.27 6.44 5.84 6.02 6.07 6.11 6.16 4.48 5.06 4.99 3.76 3.38 3.13 2.16 2.27 1.68 1.59 1.47 1.37 1.19 1.18 1.32 1.17 1.50 1.71 1.65 1.54 1.51 1.44 1.04 -999 -999 -999 -999 -999 1.03 1.16 1.25 0.86 0.62 1.12 1.32 0.97 0.91 0.91 1.38 1.23 1.25 1.44 1.18 1.06 2.10
1.25 1.25 2.54 1.85 2.07 2.17 1.57 1.89 3.19 2.16 2.56 5.97 5.12 5.06 5.62 6.83 5.17 5.22 9.41 9.57 8.24 7.66 9.43 8.11 8.98 9.00 8.49 12.63 11.13 9.90 8.66 5.35 5.48 4.82 5.06 7.10 7.09 5.55 5.62 4.23 4.37 3.87 3.21 3.18 2.71 1.88 1.84 2.66 1.66 1.39 1.25 1.19 1.25 1.26 1.32 1.55 1.79 1.61 1.37 1.11 1.18 0.99 0.90 -999 -999 -999 -999 -999 0.99 1.14 1.19 0.84 0.75 0.69 1.06 1.00 0.76 0.77 0.94 1.22 1.80 1.52 1.71 1.77
2.23 1.98 2.86 1.40 1.32 1.59 3.52 5.40 2.98 3.98 5.31 5.41 6.68 5.67 6.09 4.09 4.41 8.92 5.07 7.57 9.00 10.55 9.23 8.49 7.96 9.77 9.00 11.65 10.47 9.38 6.79 3.91 4.01 4.02 4.94 5.68 6.36 6.52 4.70 3.53 2.89 2.57 2.57 2.38 2.38 2.03 1.87 1.41 1.26 1.19 1.38 1.30 1.28 1.50 1.55 1.44 1.53 1.33 1.10 1.09 1.14 1.21 1.16 0.00 -999 -999 -999 -999 -999 0.70 1.04 1.10 0.68 0.62 0.71 1.06 1.06 0.78 0.79 1.04 1.27 1.59 1.53 1.34
