24h( un jeu de donné)/PH_20111105200000.asc
NCOLS 95
NROWS 110
XLLCENTER 939500
YLLCENTER 1831500
CELLSIZE 1000
NODATA_VALUE -999
[rows 37 to 73 of 110, columns 0 to 83 of 95]
1.77 1.58 1.52 2.00 2.09 1.65 1.71 1.87 2.06 2.18 2.28 3.96 6.09 3.68 2.63 2.73 2.60 2.34 2.24 2.01 4.09 3.86 3.57 3.65 3.64 4.12 2.08 2.01 2.42 2.22 1.98 1.95 2.22 3.63 2.41 2.69 2.88 3.29 1.43 1.04 0.64 1.79 2.14 2.16 2.18 2.56 2.73 3.15 4.30 1.85 2.94 2.81 1.88 0.84 0.46 0.48 0.51 1.22 1.56 1.98 2.22 2.39 2.87 3.87 1.52 1.64 1.91 2.40 2.43 2.34 1.34 2.20 1.26 1.09 1.29 0.90 2.05 2.91 2.81 2.27 1.56 1.50 1.68 3.29
1.50 1.65 1.60 1.75 1.79 1.84 2.18 2.56 2.02 2.05 2.19 1.95 2.16 2.29 2.49 2.62 2.51 3.84 3.93 5.21 3.73 3.66 4.48 4.49 3.94 3.16 1.88 2.11 2.27 2.21 2.10 1.88 1.91 3.02 2.97 2.85 3.26 4.17 1.33 0.53 0.64 1.06 2.45 2.34 2.56 2.41 2.55 2.66 2.89 0.73 0.95 3.57 2.60 0.70 0.23 0.18 0.06 1.68 1.68 1.78 1.85 2.03 2.33 2.73 1.58 1.65 1.63 2.05 2.30 2.26 2.15 1.12 1.42 1.49 3.77 3.80 2.96 2.10 1.96 2.78 3.84 4.87 3.32 2.75
1.51 1.85 1.76 1.79 1.83 2.23 2.71 1.92 2.02 2.04 2.09 1.98 2.11 2.26 2.20 2.47 2.40 3.07 5.92 4.06 4.14 4.42 3.20 4.11 5.23 4.17 2.46 2.20 2.25 2.28 2.31 2.16 2.40 4.42 2.47 3.21 3.93 2.54 1.20 0.65 0.67 1.02 1.86 2.63 2.63 2.25 2.39 2.49 3.58 4.02 2.06 3.60 0.71 0.19 0.00 0.13 1.54 1.92 1.72 1.71 1.76 1.95 2.08 2.66 2.03 1.70 1.63 1.87 2.07 2.05 2.35 2.02 4.14 6.00 4.55 3.39 1.98 1.95 3.40 4.83 4.39 4.13 3.90 5.87
1.71 1.75 1.76 1.75 1.92 2.71 2.50 1.86 1.92 2.10 2.10 2.16 2.20 2.15 2.19 2.38 2.26 3.23 3.31 2.95 3.20 3.12 1.98 1.92 3.54 3.89 4.39 2.14 2.30 2.41 2.46 2.80 3.27 3.87 4.78 4.83 3.41 3.19 1.94 1.51 0.20 1.13 1.79 2.77 2.79 2.40 2.55 2.69 3.34 3.34 3.07 2.75 1.53 0.00 0.42 1.44 1.75 1.76 1.69 1.96 2.04 2.14 2.44 1.82 2.01 2.30 1.96 1.82 1.83 1.67 2.05 2.14 5.35 4.52 4.11 3.49 5.27 5.97 5.37 4.10 4.36 4.68 6.39 5.77
1.58 1.77 1.88 1.82 1.79 2.03 2.23 2.36 1.97 2.13 1.84 1.98 2.10 1.98 2.04 2.01 1.85 3.60 2.82 2.89 2.64 2.99 1.77 1.76 2.62 4.26 3.43 2.03 2.35 2.81 2.78 3.24 3.49 4.43 4.58 4.34 4.17 3.81 2.90 1.51 0.15 1.09 1.56 1.93 2.33 2.74 2.85 2.69 2.81 2.92 1.93 0.94 2.08 1.57 1.18 1.75 1.58 1.60 1.79 1.94 2.39 2.45 2.77 2.51 2.52 2.67 2.55 2.26 3.38 2.24 2.17 2.11 3.24 5.35 6.03 4.60 4.19 3.98 4.42 5.25 5.01 5.18 4.23 6.23
1.62 1.68 1.74 1.83 1.85 1.94 2.02 2.67 2.36 2.17 2.00 2.22 2.11 2.16 1.72 2.07 2.32 3.21 3.21 2.95 2.81 2.41 1.77 2.26 4.59 5.94 3.26 2.30 2.59 2.37 1.95 3.16 3.37 3.72 3.32 2.99 3.36 4.26 3.47 2.81 2.43 1.50 1.63 1.67 2.88 2.87 2.66 2.66 2.64 2.57 1.37 1.08 1.27 1.53 1.36 1.39 1.44 1.55 1.72 2.00 2.22 2.89 2.90 3.76 3.41 2.96 3.18 2.62 6.22 5.44 2.60 2.51 2.16 5.28 4.85 6.69 6.60 6.14 4.88 4.85 5.19 7.78 7.08 4.45
1.44 1.74 1.94 1.81 1.71 1.81 1.82 2.17 2.00 2.22 1.95 2.21 2.01 2.07 2.46 2.10 3.29 3.99 3.39 3.14 2.86 2.16 2.63 2.94 3.66 4.17 3.04 2.35 2.96 3.44 3.16 2.55 3.63 3.49 2.49 2.63 2.66 3.05 3.50 3.00 2.85 2.26 2.02 2.56 3.00 3.08 2.87 2.74 2.50 2.13 1.52 1.32 1.51 1.23 1.38 1.35 1.39 1.55 1.61 1.79 2.11 2.91 3.79 3.05 1.09 2.41 3.35 6.34 6.10 6.50 2.98 2.51 2.20 5.20 5.77 5.39 5.29 5.58 4.85 4.64 5.15 3.50 3.12 4.37
1.79 1.87 2.26 1.43 1.64 1.77 1.67 2.49 2.80 1.76 1.91 1.98 1.62 1.91 3.08 2.90 3.04 3.21 3.38 3.25 3.10 1.67 1.82 3.34 3.64 3.81 3.87 4.33 4.32 5.11 3.89 3.49 3.46 3.45 2.94 2.36 2.94 3.05 2.86 2.57 2.35 2.28 2.11 2.27 2.73 2.89 2.72 2.52 2.44 2.58 1.79 1.27 1.37 1.40 1.57 1.34 1.43 1.51 1.64 1.79 2.49 3.65 4.26 4.87 4.45 1.85 2.69 5.47 5.63 5.64 6.25 2.53 2.27 3.38 4.66 4.63 4.37 4.77 4.09 3.98 4.83 3.57 8.18 7.50
1.66 1.75 3.14 2.93 1.91 1.64 1.77 2.24 2.42 2.35 2.40 1.71 1.40 2.00 2.47 3.05 3.24 2.69 2.96 3.38 2.92 2.33 2.19 2.64 2.83 3.56 4.56 4.65 4.55 4.74 4.59 4.13 3.34 3.43 3.37 3.10 2.52 2.75 2.65 1.91 1.52 1.73 2.15 2.30 2.38 2.42 2.18 2.26 2.24 2.39 2.40 1.72 1.54 1.46 1.74 1.84 1.72 1.70 1.76 2.42 2.51 2.41 3.20 3.67 2.17 2.11 1.92 4.02 3.99 3.65 3.38 2.12 2.12 2.26 4.13 5.05 5.88 6.46 6.80 6.07 5.59 1.44 7.59 8.60
1.74 3.15 2.89 2.49 1.86 1.46 1.69 1.87 3.02 3.25 2.72 2.92 2.21 3.45 3.74 3.22 3.38 3.76 3.13 3.22 3.22 2.71 2.94 2.62 2.67 3.06 3.41 4.63 4.50 4.63 4.40 4.56 4.15 3.67 3.15 2.77 2.58 2.48 2.22 1.68 1.55 1.75 1.80 2.12 1.97 1.91 1.85 2.13 2.05 1.91 2.59 2.31 1.74 1.84 2.10 2.50 2.19 2.03 2.32 2.21 2.41 2.49 2.82 3.28 2.81 1.58 4.03 3.39 3.18 3.80 3.43 2.19 2.18 3.76 5.02 4.92 5.63 6.30 5.70 6.61 5.43 3.43 4.32 5.10
1.82 2.19 2.80 2.15 1.62 1.67 1.70 1.76 2.99 2.87 2.86 2.86 3.20 3.76 4.00 4.32 4.83 4.29 3.90 3.86 3.27 3.53 3.11 2.70 2.91 2.90 2.84 3.99 4.14 4.07 3.77 3.50 3.74 3.46 3.31 2.65 2.51 2.23 2.01 2.03 1.79 1.91 1.68 1.73 1.67 1.74 1.99 1.99 2.16 1.96 2.19 2.12 2.05 1.86 1.89 2.10 2.73 2.48 2.22 2.57 2.66 2.98 2.66 3.11 3.12 3.33 4.63 3.11 3.29 3.78 2.70 2.44 2.05 3.44 3.80 4.74 4.81 6.31 5.48 4.30 4.08 3.15 6.77 6.65
1.82 2.24 2.17 2.42 1.66 1.65 1.75 1.83 2.68 2.77 3.10 3.26 3.03 3.14 3.67 3.79 3.87 4.42 4.52 4.44 3.73 4.43 3.87 3.50 3.18 3.41 2.86 4.09 4.50 4.01 3.29 3.25 3.67 4.17 3.58 2.70 2.77 2.38 2.18 2.20 1.84 1.70 1.34 1.39 1.54 1.60 1.75 1.71 1.60 1.66 1.71 1.81 1.95 2.01 2.25 2.16 2.44 3.10 2.96 3.57 3.80 3.61 3.75 4.07 3.82 3.89 4.14 4.16 3.74 3.36 3.95 3.88 4.21 3.58 3.80 5.13 4.85 4.89 6.91 7.69 7.31 6.53 9.03 7.64
2.76 2.91 3.88 1.73 1.62 1.54 1.83 1.84 1.84 2.03 2.72 2.90 2.75 2.80 3.05 2.59 3.03 4.57 3.87 3.98 3.57 3.66 3.48 2.60 2.42 2.70 2.61 2.52 3.09 3.24 3.01 2.95 2.81 2.87 2.46 2.85 3.31 2.81 2.62 2.77 2.22 1.85 1.56 1.46 1.48 1.56 1.51 1.47 1.64 1.69 1.52 1.76 2.24 2.32 2.34 2.82 3.32 4.38 4.53 5.06 6.06 5.89 6.28 7.40 6.79 5.25 5.39 5.52 5.93 4.40 4.74 4.52 4.25 3.71 3.43 3.82 4.90 4.08 4.39 5.83 5.80 6.79 7.46 5.44
1.56 1.66 1.76 1.66 1.69 1.73 1.77 1.80 2.06 2.49 3.06 2.70 3.74 2.92 2.26 2.10 3.45 5.96 5.23 4.52 4.12 4.54 3.37 2.30 2.29 2.17 2.03 2.35 2.45 2.60 2.32 2.16 2.21 2.29 2.58 2.76 2.67 2.57 2.42 2.63 2.39 2.07 1.83 1.77 1.43 1.44 1.44 1.47 1.45 1.31 1.28 1.50 1.65 2.06 2.32 2.45 2.99 3.43 4.63 6.26 7.85 8.26 9.54 10.86 11.06 8.53 8.04 7.75 8.05 6.14 6.96 6.57 5.11 5.71 4.49 4.57 4.36 4.95 5.50 6.34 5.32 7.08 6.44 5.76
4.58 4.80 4.23 1.55 1.61 3.10 2.79 2.11 2.10 2.83 3.67 3.53 3.04 2.07 2.05 2.37 5.12 6.11 5.65 6.04 4.89 4.77 2.95 4.07 4.00 3.05 3.16 2.60 2.20 2.52 2.53 2.26 2.37 2.15 1.99 2.22 1.90 2.13 2.06 2.25 2.19 2.00 1.94 1.84 1.69 1.49 1.47 1.58 0.00 1.56 1.57 1.50 1.53 1.71 1.92 1.99 2.48 2.57 3.20 4.68 6.39 7.48 9.57 11.38 13.27 12.77 12.18 9.71 10.10 9.29 9.38 9.24 6.21 4.81 4.96 4.55 4.72 5.39 6.03 5.07 3.43 3.66 5.16 7.80
1.47 1.67 1.79 2.45 1.75 2.91 2.96 1.83 1.99 4.32 4.97 4.13 4.12 1.99 1.94 2.45 5.24 4.81 6.03 5.74 5.77 4.94 3.92 5.06 4.91 4.08 3.97 3.27 2.79 2.48 2.76 2.94 2.51 2.44 2.21 2.12 1.95 1.84 1.86 1.80 1.84 1.94 1.78 1.44 1.39 1.41 1.60 0.00 0.00 0.67 1.78 1.66 1.77 1.77 1.88 1.95 2.17 2.42 2.75 3.13 3.97 4.64 5.58 7.59 10.40 12.38 13.16 13.61 13.21 13.04 16.24 14.66 8.55 6.48 5.79 4.34 4.51 6.15 6.13 4.82 3.45 3.45 5.03 5.99
2.67 2.64 2.51 2.56 2.39 2.41 1.75 1.62 1.72 1.80 3.16 2.95 3.44 2.22 1.87 1.90 1.85 2.19 3.63 4.81 3.44 3.69 4.99 4.55 4.39 4.12 3.79 3.44 3.01 3.08 3.24 3.37 3.00 2.50 2.20 2.07 1.96 1.89 2.04 2.07 1.83 1.66 1.33 1.13 1.11 1.39 1.83 2.08 0.00 2.18 2.30 2.39 2.41 2.40 2.34 2.11 2.39 2.07 2.52 2.94 3.88 5.03 5.03 6.51 7.61 9.52 12.61 13.62 14.11 15.75 14.85 17.04 11.37 7.23 6.34 5.11 4.10 5.93 8.86 4.85 3.14 2.95 3.71 3.46
1.87 2.15 2.08 2.17 2.07 1.47 1.68 1.66 1.81 1.83 2.07 3.12 2.97 3.53 3.19 1.82 2.75 3.15 3.60 2.73 2.20 3.23 3.87 3.80 3.93 3.46 3.00 2.83 2.77 3.26 3.28 3.04 3.08 2.86 2.40 2.12 2.04 2.24 2.44 1.93 1.52 1.29 1.27 1.46 1.61 1.46 1.82 2.18 2.21 2.31 2.69 2.99 3.36 3.51 3.47 3.10 3.71 2.73 2.89 3.46 4.06 4.62 5.53 6.02 6.63 7.87 9.69 14.19 15.07 15.15 15.37 15.20 14.48 10.26 9.18 7.43 5.36 6.56 6.14 4.94 3.20 2.92 3.09 4.12
2.01 2.10 2.24 2.44 2.62 1.68 1.76 1.72 1.88 1.85 1.15 2.69 1.67 1.62 1.83 3.68 4.36 2.40 2.47 2.64 3.47 3.15 2.85 3.32 3.20 3.15 3.04 2.89 3.20 3.38 3.30 3.10 3.46 3.23 3.09 2.82 2.65 2.64 2.59 2.28 1.84 1.57 1.57 2.03 2.09 1.92 1.96 2.23 2.31 2.15 2.25 3.06 3.55 4.09 3.98 3.71 3.66 3.54 3.87 3.86 4.79 5.49 4.95 6.10 7.33 7.55 8.85 10.32 12.88 13.37 11.21 11.08 13.98 11.64 10.98 9.92 9.99 9.34 7.30 5.62 4.43 3.57 3.33 3.75
2.81 2.87 5.30 5.30 4.79 2.20 1.78 1.87 1.94 2.11 5.28 4.37 3.47 1.81 1.65 1.53 2.54 1.50 2.55 2.98 2.67 2.87 3.03 2.95 3.05 3.21 3.43 3.15 3.23 3.16 3.48 3.69 3.43 3.47 3.67 3.35 3.06 3.31 2.95 2.75 2.59 2.19 1.87 2.35 2.47 2.17 2.40 2.36 2.58 2.96 3.17 3.46 3.97 3.85 4.10 3.94 4.14 4.25 4.95 4.91 4.71 5.79 6.44 6.26 6.38 6.66 8.57 10.74 15.42 16.70 13.60 10.20 10.14 11.16 10.37 10.06 9.39 9.17 9.21 7.46 5.75 4.86 5.70 4.31
4.00 3.56 3.31 3.54 3.15 2.73 1.75 1.65 2.84 3.84 4.37 4.36 4.67 3.44 2.48 1.51 1.90 2.33 2.50 2.33 2.25 2.62 2.91 2.68 3.33 3.64 3.46 3.44 3.18 3.17 3.38 3.96 3.86 3.50 3.29 3.53 3.40 4.07 3.82 3.84 3.47 3.36 2.79 2.29 2.47 2.64 2.61 2.63 2.64 2.90 3.79 4.06 3.97 4.30 4.03 3.73 3.25 3.33 4.17 4.54 5.98 6.10 5.80 5.58 6.70 8.13 7.94 9.77 12.27 10.34 8.62 8.38 8.39 8.00 7.70 9.25 7.39 7.38 7.23 8.13 6.38 5.71 6.47 6.13
2.63 3.89 2.83 2.68 1.70 1.89 1.76 2.47 4.68 1.97 2.43 4.33 4.31 3.02 3.10 3.11 2.62 2.36 2.28 2.46 2.43 2.21 3.12 2.96 2.48 3.24 2.82 2.68 2.88 2.80 3.39 4.03 3.79 3.90 4.55 4.26 4.70 4.70 5.15 5.29 5.18 4.74 3.97 3.36 3.37 2.99 2.93 2.98 3.27 3.39 3.07 3.49 3.51 -999 4.29 4.53 3.68 3.10 4.02 5.29 6.06 5.18 4.87 4.22 4.55 6.61 7.94 9.02 9.03 8.09 6.97 6.55 6.26 6.82 6.93 7.74 7.18 4.48 4.75 5.41 5.98 4.79 4.82 4.69
2.59 2.56 2.62 3.05 1.92 1.86 1.81 2.55 2.88 2.21 1.82 3.30 3.09 2.68 3.51 2.84 2.38 2.54 2.00 2.11 1.84 2.85 1.98 3.08 3.02 2.59 2.54 2.68 3.30 3.89 3.81 3.87 3.58 3.62 5.10 5.24 5.13 5.30 6.66 7.28 6.35 5.37 4.98 4.44 4.85 4.00 3.70 3.53 3.40 4.20 3.67 3.11 3.38 2.91 -999 4.39 4.52 3.83 3.70 4.20 5.72 5.69 5.18 4.08 4.18 4.97 6.09 6.59 7.11 4.78 5.20 5.92 5.57 6.36 7.11 7.71 6.33 3.54 2.99 5.06 5.91 4.84 3.54 3.73
2.20 2.22 2.20 2.22 1.98 1.79 1.82 2.77 2.54 2.37 2.91 3.47 2.63 2.78 4.16 4.44 4.81 4.70 2.71 2.39 2.35 2.23 1.71 2.05 2.66 2.52 2.62 3.07 3.61 4.03 4.07 4.43 4.93 4.76 5.10 4.76 6.57 6.61 8.54 7.00 5.54 4.88 4.55 3.44 4.73 5.16 5.76 5.33 4.37 4.64 5.04 4.22 4.11 3.29 2.96 -999 3.99 4.19 4.10 3.81 4.19 4.78 5.75 4.55 4.32 6.38 7.24 6.32 6.71 4.04 3.78 4.09 4.77 7.13 6.80 6.03 4.28 3.19 3.51 4.28 6.10 4.18 2.73 2.64
1.97 2.00 2.07 2.19 2.46 1.60 1.46 1.77 1.85 2.09 1.97 3.35 4.00 5.33 5.26 4.62 4.72 3.71 2.95 2.31 2.48 4.74 2.36 2.41 2.39 2.71 2.71 2.52 2.99 3.69 4.04 4.10 4.53 4.75 3.93 6.77 6.10 7.34 7.60 6.82 5.10 4.45 5.03 5.41 4.55 4.54 5.58 5.95 5.42 4.21 4.01 3.61 4.20 4.77 4.31 -999 -999 4.39 4.37 4.81 4.90 4.96 4.39 3.95 4.46 5.37 6.77 8.53 6.01 4.51 4.15 4.29 5.30 6.43 6.43 5.01 3.03 2.81 4.63 6.19 7.58 5.78 2.55 2.27
2.76 2.35 2.56 3.12 2.22 2.58 3.42 3.03 2.25 2.43 1.53 3.60 3.94 4.78 4.88 4.63 3.69 3.36 4.51 3.64 3.15 3.32 2.41 2.10 1.63 1.89 2.69 3.34 2.62 2.96 3.24 4.47 3.68 4.16 4.40 7.84 3.54 3.56 4.14 4.79 4.42 5.10 4.80 4.59 4.23 4.33 4.18 4.47 4.22 3.83 3.53 3.20 4.00 5.07 5.58 5.53 -999 -999 4.88 4.90 5.15 5.43 4.86 4.16 4.62 6.26 6.12 6.04 6.07 4.48 3.52 4.00 4.74 6.20 6.81 3.05 2.50 3.76 5.15 7.65 6.33 3.45 2.50 2.71
2.30 2.59 2.21 2.51 3.93 4.30 4.44 3.24 3.18 3.79 5.76 5.45 5.78 3.91 2.98 3.59 6.16 4.00 3.89 3.42 4.14 3.51 3.45 4.00 3.07 3.14 2.68 2.87 3.33 3.38 3.64 4.78 4.91 4.34 4.11 6.10 6.15 4.17 5.05 4.76 4.07 4.74 4.83 4.66 3.87 3.60 3.60 4.04 3.90 3.20 2.92 2.90 2.95 2.95 4.15 4.09 3.91 -999 -999 4.50 5.38 5.01 4.57 4.13 4.52 5.41 5.22 5.22 4.35 3.41 3.45 4.81 4.90 6.37 3.85 2.80 3.22 3.98 4.24 4.83 5.14 3.26 2.66 2.57
3.87 3.17 5.32 3.40 3.65 3.62 3.86 4.18 5.15 6.57 7.12 6.74 7.08 7.08 4.49 2.71 6.40 4.82 4.79 4.26 5.60 5.02 4.45 4.53 3.48 3.23 3.40 3.80 4.36 4.33 4.75 5.57 5.58 5.11 5.28 4.98 5.49 4.70 5.20 6.39 4.94 4.93 4.71 4.47 3.62 3.73 4.29 4.16 4.07 3.26 2.59 2.53 2.48 2.65 2.57 2.66 2.21 0.00 -999 -999 4.68 4.23 4.16 3.23 3.18 3.69 3.95 3.98 4.25 2.50 2.72 2.98 5.30 4.93 2.36 2.51 2.47 3.11 3.29 2.96 3.50 3.10 3.18 3.38
4.16 3.88 3.84 4.20 6.06 6.68 6.80 6.13 5.75 6.96 7.06 6.96 7.39 5.78 4.84 5.41 5.18 4.77 5.94 4.93 5.56 6.96 6.65 4.83 4.98 4.87 5.88 5.11 5.48 5.58 6.47 5.72 5.07 5.55 5.16 4.27 5.30 4.08 4.72 5.76 5.63 5.02 4.36 3.79 4.02 3.81 4.00 4.97 3.72 3.29 2.65 2.45 2.64 3.03 3.17 3.70 2.50 1.97 -999 -999 -999 2.91 2.86 2.64 2.44 3.16 3.47 3.25 3.29 1.96 1.98 2.29 2.66 3.62 2.32 2.22 2.75 2.64 2.29 2.08 1.88 2.40 2.87 3.35
5.64 8.25 7.29 7.31 7.18 5.26 6.30 7.38 6.73 6.00 5.58 4.90 5.02 5.22 5.45 5.58 4.84 4.36 5.44 4.73 2.45 6.61 5.77 5.85 5.99 7.24 7.53 7.41 5.08 7.63 6.66 6.18 5.10 5.09 6.80 7.49 5.55 4.29 4.66 5.16 5.44 4.66 4.85 3.52 3.43 3.00 2.95 3.43 3.26 3.37 2.49 2.39 2.41 2.12 2.49 3.05 3.22 2.39 2.56 -999 -999 -999 2.87 2.36 1.92 1.91 2.25 2.78 2.00 1.63 1.65 2.33 2.67 2.55 1.93 2.55 3.13 2.18 1.87 1.89 2.00 2.08 2.54 2.94
7.50 7.64 7.33 8.20 9.96 8.21 6.14 6.50 5.39 5.78 5.65 5.38 5.22 5.68 4.30 4.19 3.89 4.54 7.44 7.26 6.01 5.88 6.56 7.39 6.82 8.78 9.88 7.25 5.07 7.60 8.41 7.57 5.72 5.93 7.38 7.92 7.17 4.97 3.99 4.09 3.78 3.25 4.17 3.96 3.31 2.39 2.28 2.55 2.61 2.43 1.82 1.80 1.72 1.48 2.40 2.55 2.76 2.36 2.38 0.12 -999 -999 -999 2.83 3.21 1.97 2.41 1.90 1.59 1.66 1.67 1.87 1.97 2.44 2.53 2.39 2.02 2.60 2.42 2.41 2.31 2.34 2.69 2.20
10.60 9.77 7.55 9.39 8.70 6.69 6.94 7.66 6.83 7.31 6.39 5.41 4.12 4.37 4.78 5.32 2.52 1.59 4.44 5.14 5.30 6.74 5.67 6.81 7.90 8.78 8.90 9.28 7.00 9.04 8.46 8.21 9.23 9.94 8.31 9.17 7.68 5.85 5.06 3.83 2.28 2.53 3.22 4.77 3.19 1.92 1.42 1.42 1.84 2.18 1.98 1.67 1.49 1.07 1.75 2.25 2.27 2.49 1.93 1.70 -999 -999 -999 -999 2.92 1.99 1.69 1.25 1.54 1.80 1.65 1.96 2.42 1.95 2.10 2.07 2.03 1.97 2.55 3.17 3.09 3.08 2.89 2.53
9.98 11.57 8.24 5.91 7.10 10.19 9.26 10.90 7.69 5.93 7.06 7.81 6.27 5.90 5.94 4.81 4.92 3.86 4.54 6.05 5.14 5.24 5.70 6.13 5.54 7.26 8.72 8.08 8.32 6.79 8.20 10.06 11.97 10.88 9.42 8.37 7.08 6.20 5.78 3.68 2.06 1.92 2.48 4.05 3.09 1.59 0.95 0.92 0.99 1.95 2.87 1.91 1.32 0.74 1.06 2.02 2.52 3.06 2.50 1.60 1.34 -999 -999 -999 -999 1.90 1.77 1.59 2.01 1.76 1.97 1.78 2.43 1.82 1.47 2.09 2.39 2.71 3.27 2.59 2.90 2.89 2.51 2.48
5.81 6.59 6.83 7.77 8.33 13.41 8.75 10.09 8.55 4.44 6.99 10.40 8.30 6.62 5.07 4.55 4.97 5.57 5.53 5.30 4.84 5.94 5.64 5.90 6.45 7.80 8.18 8.74 9.15 7.65 9.79 9.44 8.34 10.17 9.22 7.74 7.39 6.59 5.22 3.66 2.02 2.30 2.60 2.41 2.39 1.87 0.77 0.53 0.55 0.70 1.44 1.22 1.07 0.64 0.53 0.86 1.58 2.73 3.14 1.74 0.98 0.20 -999 -999 -999 -999 1.62 1.27 1.86 1.66 1.69 1.75 2.15 1.91 1.66 2.05 2.53 2.74 2.80 2.53 3.10 2.54 2.49 3.01
7.66 7.07 16.02 12.59 11.28 13.09 9.60 13.83 14.52 4.27 4.66 9.14 6.96 7.05 5.47 4.51 4.95 5.55 4.72 5.39 5.14 5.08 6.36 6.85 7.83 7.42 7.58 8.08 7.55 8.58 8.91 10.25 10.41 9.29 8.30 7.63 6.61 6.45 4.94 3.42 1.72 1.22 1.61 2.10 1.67 1.30 0.63 0.38 0.58 0.77 1.20 0.93 0.77 0.43 0.25 0.38 0.85 1.70 1.98 1.37 0.75 0.78 -999 -999 -999 -999 -999 1.46 1.51 1.23 1.53 1.88 1.43 1.50 1.68 2.01 2.57 1.69 1.64 2.36 2.19 2.26 2.57 2.88
12.50 9.05 9.67 10.73 13.02 11.76 11.48 13.57 13.94 13.03 10.28 8.97 7.49 7.24 7.22 6.84 4.52 4.62 5.29 5.93 6.17 5.40 5.65 6.39 8.20 7.58 6.26 6.85 9.67 9.94 8.04 9.31 11.63 8.82 5.49 5.20 5.14 5.07 4.33 2.77 2.03 1.63 1.06 1.12 1.32 0.50 0.43 0.28 0.37 0.61 0.90 0.62 0.48 0.33 0.24 0.34 0.74 1.09 1.58 1.19 0.63 0.64 0.72 -999 -999 -999 -999 -999 1.24 0.99 1.37 1.84 1.60 1.60 1.74 1.53 1.94 2.30 1.59 1.52 1.93 2.35 2.22 2.34
7.84 10.31 14.51 10.85 11.30 13.03 14.47 13.96 15.08 14.89 12.29 13.81 11.23 10.14 9.37 7.15 6.52 5.76 6.27 5.77 6.03 6.77 6.66 6.52 8.56 7.75 7.19 7.79 8.80 9.24 6.99 8.23 9.10 8.05 5.37 4.63 4.29 3.55 2.77 2.29 1.73 1.90 1.62 1.22 0.80 0.39 0.36 0.48 0.33 0.39 0.28 0.17 0.22 0.18 0.23 0.38 0.51 0.48 0.61 0.62 0.68 0.60 0.72 0.06 -999 -999 -999 -999 -999 1.19 1.11 1.27 1.53 1.63 1.52 1.59 1.59 1.62 1.76 1.82 2.07 1.72 1.78 2.38
