24h( un jeu de donné)/PH_20111105230000.asc
NCOLS 95
NROWS 110
XLLCENTER 939500
YLLCENTER 1831500
CELLSIZE 1000
NODATA_VALUE -999
[rows 0 to 36 of 110, columns 0 to 81 of 95]
0.20 0.11 0.16 0.16 0.15 0.14 0.14 0.20 0.19 0.14 0.11 0.12 0.14 0.11 0.14 0.19 0.18 0.25 0.43 1.02 1.08 1.17 1.42 1.26 1.23 1.03 1.60 1.49 1.57 1.53 1.73 1.67 1.54 1.78 1.79 1.87 1.94 1.99 2.04 2.08 2.03 2.14 1.98 1.69 1.64 1.77 1.77 1.93 2.05 2.03 2.19 1.93 1.85 1.77 1.91 2.00 2.14 1.12 1.85 1.93 1.75 1.86 1.94 2.03 1.74 1.54 1.99 1.89 1.91 1.91 1.76 1.54 1.54 1.57 1.57 1.70 1.76 1.68 1.73 1.74 1.54 1.27
0.22 0.23 0.23 0.18 0.19 0.20 0.27 0.27 0.17 0.20 0.21 0.13 0.16 0.25 0.16 0.13 0.32 0.19 0.28 0.70 1.13 1.46 1.31 0.97 1.13 1.12 1.63 1.65 1.54 1.76 1.70 1.82 1.75 1.88 1.81 1.81 2.07 2.11 2.15 2.11 2.12 2.13 1.85 1.72 1.68 1.81 1.89 1.88 1.87 2.02 2.13 2.00 1.94 1.85 1.95 2.01 2.21 1.24 1.88 1.40 1.75 1.81 1.78 2.13 1.74 1.71 2.06 2.06 1.81 1.84 1.75 1.75 1.71 1.72 1.82 1.68 1.79 1.73 1.81 1.64 1.49 1.28
0.25 0.27 0.26 0.29 0.25 0.27 0.22 0.18 0.17 0.26 0.32 0.36 0.25 0.25 0.30 0.17 0.34 0.30 0.25 0.45 0.83 1.07 1.02 0.90 1.21 1.36 1.19 1.87 1.70 1.66 1.81 1.88 1.90 1.79 2.03 2.05 2.00 2.23 2.23 2.23 2.19 2.19 1.93 1.34 1.72 1.84 1.89 1.85 1.81 1.79 2.07 2.01 1.95 1.82 1.88 2.01 2.14 1.69 1.43 2.03 1.81 2.05 1.74 2.04 1.78 1.94 1.95 1.93 1.74 1.65 1.70 1.71 1.95 1.75 1.80 1.81 1.78 1.77 1.72 1.45 1.30 1.27
0.34 0.30 0.36 0.22 0.37 0.29 0.29 0.19 0.23 0.36 0.36 0.34 0.36 0.32 0.39 0.40 0.44 0.47 0.38 0.54 0.61 0.73 1.22 1.28 1.11 1.15 1.52 1.80 1.87 1.67 1.85 1.79 1.95 1.94 1.98 2.06 2.24 2.31 2.23 2.27 2.22 2.11 1.83 1.71 1.74 1.78 1.72 1.74 1.76 1.78 1.95 1.83 1.78 1.73 1.78 1.97 2.14 2.11 1.17 1.76 1.96 1.68 1.96 1.96 1.70 1.96 1.93 1.84 1.77 1.77 1.75 1.83 1.75 1.77 1.76 1.73 1.75 1.58 1.39 1.30 1.26 1.28
0.39 0.31 0.22 0.27 0.28 0.36 0.29 0.31 0.30 0.38 0.39 0.54 0.56 0.39 0.48 0.54 0.61 0.52 0.53 0.43 0.59 0.60 1.05 1.25 1.13 1.11 1.43 1.45 1.82 1.69 1.80 1.98 2.00 1.92 2.01 2.24 2.25 2.14 2.16 2.23 2.14 2.12 1.98 1.26 1.51 1.76 1.66 1.66 1.67 1.72 1.83 1.75 1.76 1.66 1.68 1.75 1.91 1.28 1.12 1.43 1.58 1.31 1.93 1.73 1.76 1.76 1.70 1.65 1.69 1.79 1.86 1.75 1.81 1.78 1.68 1.68 1.57 1.60 1.31 1.25 1.28 1.25
0.43 0.30 0.31 0.35 0.36 0.24 0.27 0.39 0.36 0.38 0.45 0.60 0.54 0.62 0.57 0.62 0.63 0.73 0.73 0.65 0.54 0.51 0.90 1.14 1.45 0.84 1.07 1.10 1.81 1.69 1.84 1.90 2.14 2.02 2.25 2.05 2.22 2.08 2.06 1.82 2.00 2.10 2.08 1.48 1.75 1.87 1.72 1.75 1.64 1.68 1.74 1.71 1.68 1.68 1.67 1.75 1.36 1.29 1.42 1.41 1.47 1.53 1.87 1.60 1.72 1.60 1.57 1.65 1.65 1.75 1.80 1.75 1.74 1.58 1.59 1.64 1.35 1.47 1.27 1.28 1.36 1.38
0.27 0.33 0.33 0.41 0.46 0.42 0.46 0.47 0.40 0.49 0.50 0.56 0.47 0.73 0.68 0.76 0.79 0.81 0.89 0.77 0.69 0.52 0.66 0.90 1.11 0.78 0.94 1.02 1.80 1.73 1.85 1.88 1.94 2.12 2.13 2.01 2.09 2.07 2.00 2.02 2.04 2.09 2.10 1.75 1.48 1.84 1.69 1.67 1.64 1.70 1.75 1.68 1.66 1.61 1.57 1.74 1.31 1.61 1.59 1.21 1.42 1.30 1.58 1.38 1.53 1.53 1.48 1.59 1.69 1.72 1.76 1.83 1.57 1.57 1.51 1.39 1.30 1.36 1.19 1.37 1.26 1.18
0.34 0.36 0.42 0.30 0.35 0.39 0.33 0.38 0.40 0.59 0.65 0.56 0.69 0.78 0.84 0.85 0.92 0.89 1.00 0.86 0.82 0.65 0.57 0.91 1.04 1.25 0.74 0.79 0.76 1.84 1.81 1.93 2.00 2.05 2.20 1.94 2.03 2.04 2.02 1.93 2.07 2.29 2.22 1.63 1.73 1.77 1.67 1.69 1.67 1.66 1.75 1.73 1.68 1.63 1.55 1.78 1.40 1.09 1.37 1.17 1.78 1.62 1.35 1.32 1.36 1.36 1.42 1.51 1.65 1.78 1.67 1.57 1.41 1.40 1.44 1.55 1.54 1.17 1.35 1.25 1.06 1.16
0.39 0.28 0.47 0.47 0.48 0.42 0.55 0.35 0.30 0.32 0.68 0.70 0.69 0.77 0.92 0.96 0.95 1.08 1.02 0.90 0.90 0.83 0.77 0.76 0.94 0.91 0.56 0.83 1.48 2.53 1.88 1.96 1.92 1.94 2.24 1.94 1.94 2.00 1.95 2.05 2.03 2.26 2.18 1.91 1.13 1.79 1.64 1.63 1.60 1.68 1.79 1.74 1.67 1.64 1.57 1.72 1.54 0.65 1.10 1.85 1.60 1.52 1.15 1.28 1.35 1.37 1.32 1.49 1.64 1.57 1.48 1.37 1.30 1.38 1.28 1.48 1.25 1.19 1.11 1.07 1.02 1.00
0.36 0.37 0.42 0.48 0.54 0.51 0.43 0.57 0.43 0.29 0.39 0.71 0.69 0.80 0.91 1.09 1.12 1.15 1.14 1.14 0.98 0.88 0.86 0.68 0.78 0.93 1.13 0.44 1.06 3.30 2.69 1.59 1.45 1.93 2.18 2.17 1.92 2.09 1.91 2.08 2.09 2.21 2.16 1.92 1.54 1.73 1.62 1.67 1.52 1.55 1.77 1.68 1.60 1.65 1.64 1.77 1.84 0.82 1.24 1.75 0.79 1.36 1.14 1.43 1.48 1.35 1.40 1.43 1.55 1.40 1.30 1.33 1.29 1.37 1.27 1.31 1.28 1.30 1.17 1.04 0.94 0.93
0.27 0.35 0.43 0.46 0.51 0.46 0.43 0.29 0.55 0.48 0.58 0.48 0.94 0.91 0.97 1.07 1.26 1.31 1.34 1.31 1.20 0.96 1.14 0.75 0.90 0.92 0.97 0.52 0.84 1.04 0.86 1.07 1.53 2.55 2.21 2.04 2.04 2.12 1.98 1.92 1.82 1.96 2.21 2.03 1.64 1.66 1.64 1.57 1.44 1.57 1.55 1.60 1.63 1.63 1.70 1.31 1.67 1.44 1.45 1.81 1.13 1.38 1.19 1.39 1.44 1.42 1.50 1.44 1.42 1.34 1.27 1.30 1.28 1.41 1.31 1.15 1.19 1.15 1.07 0.99 0.87 0.96
0.39 0.42 0.39 0.42 0.39 0.49 0.52 0.38 0.40 0.51 0.39 0.51 0.72 1.04 1.04 1.17 1.34 1.54 1.44 1.48 1.42 1.34 1.25 0.87 1.00 1.02 1.13 1.27 0.72 0.75 0.41 1.37 1.56 1.35 1.62 2.53 2.17 2.23 2.15 1.98 1.86 1.80 2.17 1.90 1.25 1.70 1.64 1.59 1.55 1.65 1.64 1.54 1.58 1.72 1.68 0.88 1.49 1.04 1.61 1.53 1.56 1.33 1.38 1.38 1.44 1.49 1.50 1.48 1.38 1.26 1.32 1.34 1.36 1.24 1.29 1.24 1.16 1.09 1.09 0.87 0.95 1.11
0.42 0.43 0.48 0.41 0.32 0.34 0.32 0.41 0.44 0.52 0.81 0.67 1.55 0.83 1.11 1.19 1.20 1.04 1.55 1.53 1.55 1.46 1.38 1.21 1.18 1.09 1.14 1.34 0.70 0.78 0.82 0.65 1.71 2.08 2.12 1.50 2.10 2.06 2.05 2.00 2.18 2.63 2.14 2.16 1.73 1.57 1.70 1.61 1.53 1.63 1.71 1.65 1.51 1.59 1.75 1.03 1.65 0.83 1.61 1.21 1.52 1.33 1.46 1.38 1.40 1.51 1.56 1.52 1.30 1.29 1.40 1.25 1.38 1.25 1.16 1.23 1.08 1.06 0.99 0.88 1.00 1.19
0.59 0.56 0.52 0.45 0.43 0.37 0.32 0.39 0.35 1.45 0.57 0.32 0.62 0.48 0.69 1.18 1.23 1.45 1.60 1.67 1.51 1.52 1.49 1.43 1.49 1.42 1.12 1.32 1.37 0.41 0.90 0.57 1.69 2.01 1.99 1.47 2.06 2.19 2.12 1.98 2.09 2.79 2.23 2.17 1.95 1.79 1.60 1.48 1.60 1.71 1.73 1.68 1.59 1.60 1.76 1.49 1.41 1.45 1.74 1.36 1.54 1.32 1.35 1.35 1.34 1.41 1.48 1.44 1.40 1.30 1.38 1.28 1.37 1.08 1.14 1.10 0.98 1.01 1.01 0.90 1.01 1.19
0.67 0.63 0.68 0.57 0.44 0.36 0.41 0.39 0.58 0.81 0.87 0.52 1.59 0.78 0.39 0.70 1.27 1.45 1.44 1.40 1.56 1.74 1.62 1.63 1.59 1.68 1.24 1.19 1.41 0.39 0.63 0.52 1.77 1.57 1.52 2.06 2.09 2.20 2.24 2.22 2.23 2.24 2.03 2.32 2.13 1.88 1.65 1.56 1.60 1.66 1.81 1.75 1.65 1.57 1.77 1.67 1.11 1.50 1.86 1.26 1.31 1.43 1.42 1.35 1.44 1.41 1.50 1.42 1.38 1.28 1.25 1.38 1.20 1.08 1.13 1.02 1.01 1.00 1.03 1.07 1.15 1.27
0.74 0.57 0.54 0.59 0.43 0.51 0.56 0.49 0.48 0.56 0.92 5.03 2.73 0.49 0.60 0.45 0.73 1.26 1.57 1.38 1.68 1.68 1.77 1.63 1.68 1.45 1.49 1.28 1.51 1.37 0.55 0.73 0.41 1.27 1.35 1.71 1.94 1.90 1.40 1.11 1.38 2.10 2.12 2.06 2.11 1.92 1.60 1.60 1.47 1.51 1.67 1.68 1.57 1.59 1.53 1.65 1.55 1.51 1.80 1.02 1.21 1.34 1.32 1.49 1.45 1.42 1.37 1.40 1.44 1.45 1.34 1.20 1.07 1.08 1.15 1.08 0.94 0.98 0.95 1.12 1.27 1.18
0.62 0.61 0.47 0.46 0.51 0.43 0.58 0.64 0.63 0.65 0.69 2.49 5.46 0.69 0.54 0.95 0.51 0.63 1.33 1.67 1.52 1.78 1.71 1.60 1.56 1.51 1.53 1.49 1.43 1.20 0.51 0.80 0.71 1.41 1.37 1.64 3.05 1.43 1.40 1.64 1.47 1.75 2.36 1.91 1.99 1.97 1.73 1.67 1.57 1.61 1.63 1.58 1.62 1.52 1.58 1.90 1.36 1.79 1.62 1.31 1.21 1.30 1.31 1.40 1.42 1.44 1.33 1.36 1.31 1.45 1.31 0.97 1.04 1.01 1.09 1.00 0.97 0.98 1.09 1.24 1.17 1.24
0.64 0.60 0.54 0.60 0.42 0.58 0.66 0.69 0.67 0.75 0.98 5.42 1.40 0.55 0.60 0.57 0.89 0.57 0.55 1.67 1.73 1.81 1.69 2.08 1.71 1.49 1.53 1.66 1.65 1.46 1.40 0.52 0.93 0.81 1.23 0.94 1.66 1.24 1.22 1.61 1.68 1.78 2.27 1.62 1.76 1.62 1.78 1.77 1.72 1.80 1.71 1.61 1.61 1.58 1.37 1.57 1.44 1.86 1.61 1.36 1.32 1.31 1.26 1.41 1.40 1.39 1.38 1.44 1.41 1.34 1.15 1.02 1.04 1.00 0.97 0.96 1.03 1.01 1.17 1.04 1.07 0.93
0.38 0.53 0.59 0.60 0.66 0.64 0.67 0.58 0.39 0.60 1.16 1.16 0.90 0.54 0.59 1.72 1.29 0.96 1.74 1.45 1.14 1.46 1.54 1.95 2.48 1.70 1.81 1.86 1.53 1.50 1.49 0.87 1.50 0.84 1.00 0.73 0.91 1.41 1.72 1.84 1.96 1.85 1.97 1.82 1.78 1.65 1.67 1.81 1.77 1.92 1.84 1.69 1.54 1.62 1.50 1.62 1.47 1.74 1.42 1.25 1.36 1.30 1.31 1.35 1.34 1.30 1.38 1.46 1.28 1.18 0.98 0.97 1.04 1.04 1.00 1.02 0.99 1.07 1.01 0.95 0.87 1.01
0.67 0.45 0.57 0.46 0.70 0.66 0.67 0.59 0.71 0.79 0.90 0.62 1.01 0.53 0.83 0.91 0.75 0.74 0.94 1.65 1.18 1.00 1.50 1.64 2.15 1.91 1.67 1.85 1.86 1.83 1.58 2.01 0.68 0.64 0.76 1.19 1.00 1.14 3.30 2.69 1.67 1.36 1.47 1.63 1.53 1.40 1.46 1.59 1.62 1.92 1.77 1.71 1.49 1.54 1.57 1.58 1.67 1.27 1.07 1.07 1.35 1.28 1.31 1.29 1.29 1.32 1.46 1.51 1.26 1.06 1.00 1.11 1.17 1.01 1.07 1.16 1.08 1.03 0.94 0.82 0.91 0.97
0.42 0.59 0.42 0.56 0.66 0.64 0.84 0.74 0.63 1.08 1.41 0.91 0.97 0.70 1.09 0.88 0.96 0.88 1.22 1.60 1.07 0.68 0.64 1.57 1.86 2.61 1.90 1.68 1.69 1.63 1.68 1.81 0.63 0.74 0.75 1.10 1.16 0.84 2.36 2.41 1.78 1.75 1.42 1.23 1.59 1.36 1.32 1.32 1.42 1.84 2.11 2.05 1.46 1.21 1.51 1.36 1.77 1.08 0.81 0.96 1.33 1.29 1.33 1.37 1.26 1.30 1.61 1.52 1.25 1.15 1.10 1.13 1.27 1.11 1.11 1.06 1.05 0.98 0.85 0.85 0.92 1.01
0.66 0.76 0.50 0.45 0.62 0.56 0.57 0.86 1.02 1.31 1.22 1.16 1.59 1.57 1.28 1.03 0.60 0.53 0.90 1.23 1.15 0.88 0.41 1.22 2.72 1.87 2.22 1.73 1.82 1.81 1.97 1.86 1.86 0.60 0.51 0.73 1.33 0.91 3.56 4.30 1.99 1.78 1.99 1.66 1.45 1.27 1.11 1.05 1.13 1.42 1.74 1.53 1.42 1.44 1.46 1.39 1.70 1.77 1.40 1.00 1.52 1.34 1.33 1.32 1.12 1.44 1.47 1.29 1.29 1.26 1.35 1.27 1.28 1.22 1.12 1.08 0.91 0.85 0.82 0.85 0.91 0.92
0.60 0.76 0.96 0.69 0.38 0.53 0.75 0.58 0.63 1.21 1.16 0.94 1.26 3.21 2.25 1.34 0.78 0.59 1.40 0.94 0.88 1.77 1.29 0.82 1.42 1.65 1.95 2.07 1.79 1.99 2.06 1.88 1.98 0.56 0.56 1.05 1.28 1.00 1.99 4.77 4.42 3.32 1.70 1.30 1.43 1.30 0.96 0.98 0.91 1.12 1.29 1.24 1.40 1.46 2.18 1.73 1.54 1.87 1.11 1.11 1.61 1.30 1.38 1.38 1.39 1.52 1.54 1.34 1.37 1.39 1.39 1.40 1.31 1.26 1.21 0.98 0.85 0.84 0.82 0.74 0.88 0.95
0.54 0.49 0.59 0.84 0.96 0.54 0.68 1.05 0.99 1.43 1.29 0.95 1.17 3.50 5.19 4.12 3.34 1.20 0.99 0.95 1.00 3.20 4.08 0.84 0.54 1.01 1.37 2.27 1.91 2.08 2.10 2.15 1.97 1.45 1.58 1.92 1.89 2.43 1.04 2.31 3.66 4.45 1.95 1.29 1.46 1.35 1.15 1.08 0.99 1.20 1.18 1.14 1.23 1.56 2.08 1.58 1.63 1.68 1.05 1.42 1.55 1.63 1.59 1.54 1.56 1.12 1.18 1.33 1.34 1.39 1.43 1.45 1.37 1.25 0.99 0.88 0.81 0.78 0.75 0.72 0.75 0.71
0.49 0.51 0.53 0.62 0.80 1.27 0.89 0.68 0.80 2.30 1.73 1.40 1.49 2.17 5.08 6.01 5.47 4.77 1.34 1.09 1.92 2.48 4.57 4.65 1.00 0.44 1.29 0.98 1.37 1.47 1.82 1.88 1.97 2.00 2.07 1.81 2.07 2.09 1.90 1.46 1.79 2.79 3.02 2.31 1.27 1.50 1.13 1.40 1.34 1.32 1.25 1.08 1.08 1.29 1.20 1.40 1.46 1.52 1.47 2.19 2.02 1.84 1.91 1.63 1.14 1.38 1.61 1.50 1.38 1.31 1.32 1.34 1.32 1.21 0.98 0.94 0.95 0.93 0.83 0.83 0.74 0.55
0.65 0.43 0.42 0.42 0.61 1.18 1.59 1.58 1.00 1.50 2.49 1.02 1.28 1.65 1.65 4.92 7.15 6.79 6.31 4.42 1.64 5.70 4.98 6.48 7.13 1.41 1.09 1.66 1.49 1.13 1.81 2.04 1.89 2.00 2.11 1.68 1.12 1.86 1.98 1.66 1.50 1.94 1.87 1.78 1.72 0.66 1.42 1.48 1.55 1.50 1.32 1.09 1.02 1.29 1.03 1.26 1.35 1.33 1.43 1.35 1.45 1.45 1.93 1.80 1.61 0.64 1.96 1.75 1.49 1.27 1.28 1.27 1.27 1.25 1.13 1.07 1.02 0.97 0.84 0.68 0.60 0.64
0.66 0.58 0.53 0.42 0.68 0.75 0.74 1.43 1.53 1.12 1.45 1.47 1.16 1.09 1.84 2.10 3.91 5.74 6.49 5.31 3.74 2.86 5.56 5.31 3.99 1.50 2.45 2.12 2.42 1.84 1.84 1.96 1.99 2.01 2.14 1.66 1.98 2.22 1.62 1.61 1.61 1.96 1.87 1.68 3.03 0.78 1.04 1.08 1.34 1.54 1.46 1.10 1.58 1.38 1.28 1.06 0.65 1.09 1.46 1.24 1.36 1.31 1.36 1.55 1.29 0.09 1.01 2.46 2.14 1.50 1.23 1.27 1.26 1.25 1.26 1.15 1.06 1.01 0.89 0.77 0.52 0.77
0.53 0.62 0.70 0.48 0.32 0.79 1.54 1.14 1.01 1.07 1.11 0.98 1.25 0.96 1.14 1.62 2.05 2.58 5.71 6.05 3.67 3.60 2.06 2.50 1.39 1.43 2.56 2.91 2.36 1.50 2.28 1.73 2.09 2.16 2.11 1.17 1.68 2.43 1.99 2.07 2.65 1.55 1.44 1.38 1.77 1.21 0.94 1.19 1.11 1.47 1.38 1.31 1.24 1.50 1.49 1.11 0.44 0.22 0.18 0.97 1.22 1.20 1.33 1.38 1.43 1.62 1.56 1.56 1.81 1.53 1.42 1.32 1.36 1.49 1.43 1.25 1.15 0.96 0.94 0.79 0.98 1.03
0.57 0.41 0.38 0.67 0.83 0.46 0.39 1.29 1.71 1.09 1.25 1.08 1.16 1.61 2.09 1.37 1.03 1.39 1.88 2.53 2.95 2.64 3.86 1.82 1.26 1.47 5.57 3.89 3.10 2.78 3.36 2.25 2.28 2.20 1.24 0.71 1.78 2.70 2.02 2.17 1.72 1.79 1.88 1.54 1.76 1.53 1.63 1.22 1.02 1.46 1.57 1.16 1.44 1.21 1.46 0.79 0.22 0.17 0.23 0.78 0.98 1.21 1.35 1.41 1.49 1.57 1.54 1.43 1.61 1.56 1.44 1.36 1.49 1.59 1.41 1.15 0.63 0.94 1.20 1.31 1.21 1.08
0.81 0.47 0.51 0.32 0.43 0.61 1.03 0.51 1.95 2.29 1.04 1.13 1.77 1.67 1.31 1.47 1.57 1.41 1.22 2.53 4.27 3.44 2.56 2.98 1.74 3.57 3.90 5.33 3.50 3.95 3.73 2.41 1.02 1.40 1.51 1.25 1.61 1.82 2.33 2.47 2.01 1.92 1.99 1.79 1.99 1.87 1.75 1.47 1.28 1.48 1.46 1.19 1.49 1.18 0.76 0.46 0.18 0.17 0.95 0.46 0.77 0.89 1.15 0.68 1.34 2.24 1.47 1.64 1.79 1.82 1.55 1.41 1.41 1.43 0.88 1.03 1.00 1.07 1.22 1.47 1.39 0.76
0.92 1.42 1.25 0.79 0.66 0.63 0.43 0.42 1.20 0.65 1.53 2.05 1.23 1.25 1.63 1.25 1.43 2.75 2.21 1.92 2.80 3.70 3.74 1.98 3.39 2.45 4.30 4.23 7.48 4.46 3.65 3.50 2.73 1.78 1.73 1.44 1.07 1.79 1.99 3.35 2.37 2.08 2.26 1.84 2.19 2.28 2.05 1.75 1.38 1.48 1.66 1.27 1.67 1.65 1.01 0.35 0.29 0.16 0.89 1.11 0.94 1.26 1.26 0.78 0.77 1.58 1.92 1.66 2.00 2.32 3.11 1.67 1.40 1.00 1.22 1.12 1.13 1.10 1.12 1.41 1.36 1.15
1.00 0.94 2.78 3.02 1.88 1.00 0.89 0.48 0.17 1.21 1.58 1.80 1.09 0.94 1.20 1.41 1.45 1.46 1.40 3.62 2.16 2.06 3.53 3.45 2.29 3.71 4.07 5.52 3.41 3.83 2.37 3.40 2.70 1.12 1.73 1.44 1.23 0.74 1.47 1.61 2.24 2.08 1.86 1.13 2.03 2.34 2.23 1.90 1.49 1.60 1.80 1.57 1.75 1.78 1.46 0.35 0.24 0.80 1.03 1.25 1.55 1.55 1.29 1.25 1.27 1.51 1.60 1.50 1.67 2.49 1.62 2.34 0.77 1.36 1.69 1.59 1.19 1.15 1.60 1.57 1.37 1.30
1.97 1.70 3.19 1.94 2.25 2.84 2.09 1.11 1.12 1.61 1.67 0.49 0.43 1.26 1.37 1.57 1.31 1.47 1.43 2.48 4.60 3.77 2.35 4.92 2.96 1.71 3.56 2.53 2.99 2.90 3.49 1.64 1.51 1.67 1.09 0.96 1.15 0.85 0.88 1.63 2.30 2.22 1.45 1.12 1.12 2.31 2.44 2.07 0.54 0.76 0.51 0.40 1.61 1.42 1.12 0.74 0.49 1.26 0.95 1.48 1.68 1.66 1.57 1.40 1.42 1.25 1.48 1.59 1.46 1.61 1.42 1.14 1.43 1.55 1.84 1.54 1.41 1.28 1.33 1.31 1.89 1.25
1.29 1.66 2.19 4.52 2.96 2.88 2.99 3.53 1.86 1.13 1.38 1.24 0.93 0.70 2.81 1.72 1.43 1.55 1.57 1.49 2.40 3.40 4.43 2.20 3.71 3.75 2.86 3.30 2.53 0.97 1.50 1.81 1.27 2.26 2.03 1.49 2.05 2.06 1.98 2.35 2.15 2.03 1.76 1.38 1.32 0.99 1.08 0.69 0.42 0.76 0.32 0.51 1.18 1.36 0.50 0.74 0.65 0.71 0.59 0.49 1.61 1.58 1.72 1.62 1.23 1.44 1.29 1.42 1.55 1.64 1.27 1.24 1.48 1.25 1.24 1.25 0.63 1.23 1.06 1.82 0.98 2.65
1.34 1.33 1.29 1.31 1.80 5.13 4.98 5.09 3.12 2.37 3.56 2.36 2.11 1.35 1.52 1.80 1.33 1.82 1.37 1.58 2.09 2.83 3.60 5.43 5.48 3.99 4.11 4.57 3.58 1.91 1.49 1.80 2.05 1.21 2.66 2.47 2.23 2.14 2.19 2.33 2.23 1.97 2.40 2.40 1.75 1.53 0.93 0.57 1.69 2.03 1.09 1.36 0.66 0.86 0.16 0.33 1.05 0.59 0.36 0.86 1.71 1.77 1.83 1.51 1.51 1.32 1.38 1.47 1.59 1.71 1.63 1.45 1.31 1.10 1.16 1.05 1.11 1.56 0.89 2.53 4.02 3.30
1.40 1.44 1.36 1.32 1.34 1.34 2.43 4.97 5.53 4.25 5.97 5.19 4.90 3.19 1.48 1.48 1.27 1.69 1.64 1.83 4.07 4.14 2.99 3.96 5.44 8.29 2.93 1.81 4.15 1.41 1.33 1.62 1.82 2.61 2.88 2.08 2.16 2.26 2.46 2.53 2.52 2.57 2.31 2.27 2.13 1.82 1.63 2.77 2.24 2.22 2.18 1.72 1.79 0.59 0.31 1.08 0.88 0.41 0.69 1.21 2.05 2.08 1.92 1.65 1.49 1.48 1.38 1.60 1.63 1.73 1.61 1.19 1.07 0.95 1.06 1.06 0.93 1.23 3.02 3.52 4.21 3.44
1.47 1.38 1.39 1.38 1.42 1.31 1.36 1.21 1.31 1.39 6.09 9.48 9.10 3.33 1.47 1.53 1.49 1.59 1.58 1.60 2.64 4.45 4.91 3.97 3.37 6.08 7.59 1.45 1.54 1.50 1.37 1.67 1.61 3.05 2.23 2.08 2.13 2.40 2.41 2.46 2.44 1.79 2.55 2.72 2.50 2.48 2.56 2.01 1.80 1.86 1.79 1.65 1.71 1.62 1.04 0.67 0.36 0.41 0.94 1.32 1.75 2.23 2.13 1.96 1.80 1.67 1.92 1.92 2.13 1.71 0.84 1.18 0.46 1.46 0.98 0.89 2.03 1.80 6.11 4.43 3.40 3.91
