24h( un jeu de donné)/PH_20111105140000.asc
NCOLS 95
NROWS 110
XLLCENTER 939500
YLLCENTER 1831500
CELLSIZE 1000
NODATA_VALUE -999
[rows 0 to 37 of 110, columns 0 to 83 of 95]
0.60 0.75 0.43 0.39 0.53 0.51 0.49 0.33 0.53 0.38 0.45 0.26 0.16 0.26 0.21 0.25 0.15 0.19 0.16 0.36 0.26 0.31 0.23 0.19 0.31 0.23 0.27 0.29 0.37 0.22 0.27 0.20 0.21 0.17 0.03 0.06 0.16 0.14 0.18 0.17 0.10 0.14 0.10 0.20 0.32 0.28 0.25 0.19 0.16 0.11 0.20 0.19 0.23 0.17 0.26 0.25 0.39 0.33 0.25 0.24 0.37 0.51 0.78 0.78 0.59 0.56 0.65 0.74 0.87 1.09 1.21 1.20 1.35 1.30 1.28 1.43 1.55 1.60 1.65 1.57 1.54 1.50 1.48 1.38
0.49 0.41 0.43 0.47 0.43 0.62 0.64 0.62 0.48 0.61 0.36 0.34 0.43 0.22 0.16 0.12 0.07 0.12 0.30 0.34 0.24 0.25 0.25 0.44 0.80 0.29 0.31 0.44 0.44 0.30 0.31 0.30 0.20 0.18 0.16 0.12 0.23 0.26 0.14 0.25 0.23 0.12 0.11 0.20 0.27 0.23 0.28 0.19 0.08 0.17 0.18 0.26 0.32 0.11 0.23 0.39 0.47 0.45 0.29 0.16 0.38 0.30 0.55 0.70 0.66 0.50 0.57 0.75 0.87 0.96 1.17 1.22 1.41 1.48 1.32 1.44 1.54 1.61 1.73 1.46 1.65 1.53 1.57 1.51
0.49 0.34 0.47 0.27 0.32 0.37 0.69 0.52 0.67 0.42 0.38 0.34 0.40 0.39 0.34 0.22 0.13 0.11 0.18 0.26 0.31 0.29 0.37 0.29 0.30 0.22 0.25 0.45 0.49 0.40 0.37 0.38 0.23 0.20 0.22 0.17 0.21 0.15 0.16 0.19 0.21 0.14 0.09 0.08 0.17 0.22 0.37 0.37 0.20 0.18 0.22 0.27 0.32 0.14 0.24 0.37 0.49 0.51 0.39 0.35 0.29 0.41 0.61 0.51 0.43 0.57 0.63 0.84 0.82 0.93 1.19 1.29 1.35 1.37 1.34 1.51 1.50 1.59 1.65 1.56 1.49 1.56 1.50 1.59
0.28 0.30 0.26 0.56 0.52 0.27 0.31 0.19 0.37 0.42 0.53 0.62 0.46 0.48 0.39 0.26 0.22 0.26 0.23 0.28 0.32 0.35 0.37 0.42 0.26 0.23 0.21 0.34 0.43 0.36 0.39 0.44 0.33 0.27 0.25 0.24 0.22 0.23 0.19 0.20 0.29 0.16 0.08 0.04 0.20 0.24 0.29 0.29 0.32 0.24 0.26 0.29 0.23 0.19 0.25 0.34 0.40 0.51 0.48 0.28 0.33 0.24 0.30 0.57 0.42 0.62 0.55 0.62 0.80 0.98 1.04 1.13 1.30 1.34 1.37 1.36 1.49 1.53 1.54 1.47 1.43 1.51 1.58 1.54
0.23 0.42 0.33 0.56 0.64 0.36 0.39 0.37 0.59 0.62 0.55 0.66 0.67 0.59 0.38 0.42 0.33 0.31 0.32 0.18 0.25 0.34 0.45 0.32 0.35 0.21 0.21 0.36 0.46 0.35 0.43 0.46 0.50 0.41 0.38 0.34 0.15 0.24 0.20 0.27 0.29 0.11 0.16 0.10 0.25 0.24 0.33 0.33 0.30 0.27 0.27 0.16 0.20 0.16 0.25 0.27 0.37 0.60 0.58 0.36 0.29 0.27 0.20 0.37 0.59 0.52 0.51 0.49 0.71 0.99 1.07 1.16 1.21 1.22 1.39 1.25 1.32 1.37 1.39 1.40 1.45 1.62 1.57 1.57
0.52 0.56 0.40 0.40 0.62 0.52 0.39 0.41 0.52 0.87 0.80 0.81 0.65 0.69 0.50 0.55 0.42 0.41 0.33 0.27 0.19 0.26 0.62 0.40 0.34 0.27 0.23 0.28 0.40 0.35 0.50 0.54 0.46 0.40 0.35 0.25 0.23 0.17 0.21 0.22 0.23 0.20 0.26 0.26 0.29 0.30 0.33 0.27 0.26 0.23 0.20 0.16 0.22 0.24 0.33 0.47 0.61 0.60 0.47 0.54 0.38 0.29 0.24 0.20 0.45 0.75 0.52 0.69 0.59 0.92 1.06 1.11 1.27 1.43 1.40 1.40 1.31 1.25 1.32 1.37 1.46 1.51 1.59 1.68
0.38 0.39 0.49 0.61 0.71 0.65 0.45 0.46 0.77 0.81 1.04 0.79 0.59 0.68 0.68 0.48 0.56 0.47 0.37 0.37 0.31 0.35 0.38 0.41 0.39 0.28 0.27 0.28 0.42 0.48 0.53 0.63 0.61 0.53 0.40 0.27 0.29 0.22 0.23 0.28 0.14 0.20 0.22 0.18 0.17 0.14 0.20 0.25 0.23 0.30 0.32 0.22 0.30 0.31 0.39 0.42 0.52 0.56 0.58 0.33 0.45 0.33 0.14 0.11 0.23 0.45 0.62 0.77 0.72 0.87 0.95 1.07 1.21 1.35 1.45 1.46 1.26 1.14 1.29 1.26 1.46 1.55 1.56 1.53
0.23 0.27 0.34 0.30 0.37 0.58 0.31 0.61 0.56 0.83 0.78 0.74 0.61 0.82 0.86 0.63 0.45 0.55 0.46 0.33 0.34 0.31 0.35 0.53 0.45 0.39 0.31 0.33 0.28 0.28 0.51 0.59 0.57 0.60 0.55 0.41 0.35 0.31 0.28 0.26 0.25 0.25 0.23 0.12 0.13 0.06 0.12 0.18 0.22 0.26 0.27 0.30 0.22 0.33 0.47 0.44 0.46 0.56 0.67 0.47 0.45 0.37 0.12 0.07 0.20 0.33 0.51 0.51 0.54 0.72 0.72 0.97 1.10 1.23 1.43 1.41 1.12 0.94 1.10 1.16 1.20 1.41 1.50 1.52
0.19 0.23 0.31 0.23 0.19 0.38 0.49 0.53 0.58 0.60 0.60 0.61 0.68 0.84 0.83 0.68 0.88 0.73 0.35 0.45 0.39 0.36 0.43 0.58 0.60 0.50 0.38 0.32 0.23 0.23 0.38 0.57 0.74 0.79 0.63 0.42 0.36 0.36 0.27 0.26 0.25 0.34 0.19 0.21 0.18 0.13 0.16 0.19 0.30 0.29 0.33 0.34 0.32 0.23 0.30 0.43 0.59 0.55 0.54 0.65 0.59 0.44 0.21 0.20 0.19 0.23 0.41 0.31 0.50 0.56 0.48 0.75 1.01 1.25 1.31 1.27 1.05 1.05 1.08 1.16 1.10 1.23 1.43 1.60
0.15 0.25 0.27 0.16 0.35 0.29 0.35 0.45 0.49 0.31 0.60 0.45 0.63 0.82 0.77 0.98 1.00 0.69 0.70 0.41 0.50 0.49 0.63 0.63 0.62 0.49 0.43 0.33 0.29 0.65 0.47 0.51 0.75 0.83 0.81 0.43 0.22 0.34 0.36 0.30 0.30 0.35 0.27 0.15 0.15 0.18 0.25 0.30 0.27 0.23 0.26 0.23 0.24 0.18 0.26 0.41 0.51 0.48 0.58 0.75 0.58 0.53 0.34 0.37 0.29 0.25 0.28 0.28 0.43 0.45 0.57 0.77 0.97 1.10 1.32 1.18 0.97 1.06 1.06 1.01 1.10 1.25 1.38 1.44
0.35 0.30 0.33 0.13 0.33 0.44 0.26 0.46 0.88 0.79 0.84 0.51 0.79 0.65 0.83 0.93 1.05 0.89 0.71 0.77 0.70 0.65 0.60 0.52 0.40 0.65 0.74 0.30 0.31 0.35 0.34 0.37 0.56 0.90 0.83 0.77 0.45 0.51 0.13 0.31 0.27 0.29 0.24 0.17 0.23 0.23 0.25 0.21 0.17 0.21 0.16 0.20 0.24 0.32 0.23 0.42 0.44 0.49 0.56 0.57 0.63 0.53 0.43 0.39 0.28 0.23 0.32 0.20 0.38 0.40 0.65 0.74 0.93 1.00 1.17 1.06 0.96 1.12 1.00 1.03 1.00 1.26 1.31 1.48
0.17 0.20 0.18 0.15 0.27 0.28 0.41 0.36 0.56 0.90 0.73 0.75 0.91 1.00 0.96 0.91 0.99 0.96 0.99 0.91 0.79 0.68 0.50 0.48 0.49 0.68 0.59 0.52 0.35 0.23 0.24 0.36 0.65 0.92 0.90 0.79 0.67 0.54 0.37 0.28 0.34 0.27 0.33 0.11 0.23 0.22 0.14 0.16 0.22 0.14 0.17 0.23 0.26 0.26 0.36 0.29 0.33 0.46 0.58 0.55 0.77 0.65 0.58 0.39 0.35 0.29 0.26 0.20 0.16 0.17 0.47 0.68 0.68 0.93 1.01 1.04 1.14 0.99 0.94 1.02 1.13 1.16 1.26 1.52
0.12 0.09 0.21 0.41 0.15 0.41 0.35 0.50 0.34 0.64 0.84 0.78 1.67 0.98 0.95 0.71 0.92 0.47 0.95 1.04 0.95 0.65 0.53 0.52 0.49 0.52 0.59 0.67 0.56 0.20 0.29 0.20 0.29 0.49 0.60 0.87 0.87 0.40 0.46 0.32 0.30 0.34 0.34 0.26 0.21 0.25 0.20 0.13 0.19 0.22 0.31 0.23 0.17 0.18 0.24 0.23 0.23 0.35 0.53 0.58 0.69 0.66 0.71 0.54 0.43 0.41 0.24 0.14 0.15 0.23 0.30 0.54 0.59 0.69 0.86 1.07 1.04 1.09 0.95 1.10 1.20 1.17 1.31 1.52
0.06 0.31 0.14 0.40 0.40 0.34 0.47 0.33 0.61 0.64 0.53 1.10 1.12 0.70 0.79 0.64 0.67 0.67 0.89 1.03 0.87 0.58 0.55 0.48 0.43 0.43 0.75 0.84 0.70 0.46 0.26 0.22 0.30 0.52 0.98 0.78 0.64 0.52 0.42 0.34 0.34 0.41 0.35 0.39 0.36 0.27 0.24 0.18 0.28 0.33 0.37 0.18 0.11 0.15 0.15 0.16 0.19 0.26 0.37 0.47 0.68 0.59 0.62 0.66 0.56 0.42 0.43 0.22 0.16 0.29 0.18 0.24 0.56 0.55 0.79 0.93 1.03 1.09 1.12 1.07 1.06 1.06 0.98 1.24
0.08 0.13 0.10 0.21 0.27 0.33 0.24 0.47 0.49 0.70 0.66 0.73 0.81 0.57 0.62 0.78 0.66 0.67 1.07 0.61 0.79 0.56 0.50 0.35 0.43 0.54 0.70 0.65 0.61 0.50 0.29 0.26 0.36 0.50 0.76 0.95 1.00 0.72 0.51 0.57 0.49 0.37 0.21 0.23 0.32 0.30 0.23 0.21 0.30 0.29 0.15 0.09 0.05 0.07 0.13 0.17 0.11 0.22 0.31 0.46 0.64 0.66 0.79 0.74 0.61 0.61 0.52 0.30 0.21 0.17 0.16 0.33 0.47 0.59 0.64 0.84 0.83 1.01 1.14 1.06 1.08 1.14 1.18 1.09
0.30 0.15 0.22 0.40 0.21 0.14 0.20 0.14 0.44 0.42 0.67 0.82 0.81 0.71 0.56 0.77 0.76 1.27 1.22 0.76 0.70 0.95 0.79 0.66 0.67 0.52 0.45 0.61 0.73 0.63 0.45 0.30 0.26 0.34 0.52 0.86 0.86 0.76 0.75 0.64 0.39 0.32 0.30 0.26 0.25 0.21 0.28 0.26 0.27 0.19 0.09 0.13 0.10 0.10 0.14 0.20 0.14 0.25 0.25 0.31 0.40 0.55 0.84 1.03 0.75 0.73 0.57 0.39 0.27 0.16 0.26 0.24 0.24 0.52 0.69 0.64 0.84 0.91 1.10 1.08 0.99 1.15 1.25 1.27
0.23 0.57 0.75 0.76 0.61 0.26 0.16 0.16 0.26 0.66 0.35 0.69 1.05 0.92 0.48 0.70 0.68 0.78 0.86 0.96 0.74 0.87 0.77 0.65 0.70 0.64 0.59 0.52 0.52 0.60 0.49 0.27 0.34 0.36 0.52 0.57 0.54 0.58 0.68 0.60 0.49 0.36 0.45 0.26 0.24 0.22 0.31 0.27 0.28 0.18 0.10 0.12 0.07 0.05 0.08 0.16 0.16 0.13 0.21 0.41 0.50 0.63 0.82 0.85 0.89 0.78 0.58 0.40 0.32 0.17 0.26 0.21 0.15 0.41 0.47 0.44 0.67 0.86 0.96 0.97 0.85 1.08 1.19 1.23
0.23 0.09 0.70 1.56 0.80 0.73 0.33 0.24 0.36 0.26 0.52 0.65 0.52 0.65 0.40 0.55 0.69 0.70 0.81 0.80 0.81 0.82 0.76 0.74 0.77 0.58 0.46 0.43 0.57 0.77 0.68 0.28 0.37 0.39 0.37 0.45 0.47 0.61 0.79 0.63 0.50 0.39 0.27 0.18 0.25 0.26 0.24 0.25 0.25 0.19 0.12 0.11 0.09 0.11 0.06 0.13 0.13 0.16 0.13 0.30 0.44 0.51 0.65 0.74 0.96 0.87 0.53 0.48 0.51 0.19 0.12 0.21 0.12 0.22 0.51 0.31 0.50 0.71 0.88 0.91 0.83 0.95 0.89 1.08
0.16 0.10 0.07 0.39 1.61 0.90 1.28 0.62 0.44 0.42 0.90 0.95 0.64 0.37 0.28 0.65 0.70 0.74 0.71 0.57 0.55 0.72 0.74 0.88 0.45 0.42 0.38 0.48 0.58 0.86 0.68 0.39 0.47 0.29 0.41 0.45 0.63 0.63 0.63 0.48 0.48 0.40 0.30 0.19 0.20 0.21 0.26 0.28 0.19 0.21 0.23 0.12 0.06 0.06 0.06 0.11 0.11 0.17 0.13 0.21 0.37 0.45 0.51 0.68 1.01 0.65 0.67 0.68 0.77 0.33 0.25 0.21 0.09 0.13 0.19 0.33 0.37 0.52 0.66 0.71 0.72 0.96 0.96 1.06
0.17 0.07 0.12 0.09 0.13 1.38 1.69 3.26 1.49 0.46 0.67 0.63 1.38 0.37 0.47 0.77 0.62 0.68 0.66 0.66 0.58 0.62 0.59 0.70 0.40 0.56 0.40 0.58 0.52 0.44 0.78 0.58 0.28 0.25 0.43 0.30 0.34 0.21 0.55 0.49 0.38 0.33 0.36 0.23 0.21 0.17 0.32 0.28 0.21 0.27 0.17 0.16 0.07 0.11 0.09 0.07 0.13 0.05 0.01 0.08 0.32 0.46 0.45 0.65 1.05 1.02 1.01 0.82 0.46 0.34 0.28 0.17 0.20 0.20 0.17 0.21 0.28 0.56 0.60 0.57 0.83 0.83 0.87 1.26
0.14 0.16 0.16 0.17 0.10 0.15 2.07 2.02 1.59 0.79 0.73 0.75 0.79 0.66 0.37 0.67 0.82 0.61 0.69 0.90 0.69 0.39 0.44 0.56 0.61 0.41 0.46 0.42 0.50 0.60 0.60 0.76 0.59 0.26 0.35 0.24 0.23 0.12 0.22 0.38 0.42 0.33 0.38 0.30 0.24 0.12 0.17 0.21 0.23 0.21 0.10 0.07 0.09 0.12 0.14 0.06 0.11 0.00 0.00 0.15 0.25 0.20 0.39 0.53 0.72 0.88 1.30 1.06 0.61 0.38 0.30 0.24 0.33 0.37 0.20 0.08 0.08 0.28 0.48 0.86 0.89 0.95 0.82 1.03
0.14 0.11 0.14 0.15 0.23 0.22 0.65 2.02 1.74 1.15 1.01 1.12 0.58 0.64 0.85 0.66 0.62 0.66 1.01 0.75 0.70 0.34 0.41 0.93 1.86 0.58 0.56 0.47 0.48 0.62 0.59 0.77 0.58 0.49 0.23 0.16 0.09 0.25 0.05 0.33 0.41 0.30 0.36 0.35 0.31 0.31 0.18 0.24 0.23 0.23 0.17 0.11 0.07 0.07 0.10 0.06 0.09 0.00 0.00 0.15 0.23 0.25 0.30 0.51 0.62 0.78 1.18 1.02 0.58 0.53 0.48 0.30 0.23 0.26 0.13 0.09 0.06 0.12 0.38 0.65 0.74 0.71 0.80 0.80
0.11 0.02 0.03 0.07 0.23 0.09 0.46 0.78 1.56 1.76 1.69 1.38 0.71 1.09 1.04 1.06 0.51 0.57 0.80 0.62 0.76 0.46 0.26 0.37 0.41 0.37 0.62 0.47 0.38 0.60 0.58 0.70 0.56 0.65 0.62 0.48 0.44 0.21 0.23 0.11 0.20 0.36 0.46 0.37 0.28 0.30 0.28 0.18 0.16 0.19 0.20 0.17 0.12 0.09 0.01 0.05 0.10 0.18 0.26 0.34 0.15 0.22 0.34 0.51 0.55 0.82 1.29 0.86 0.89 0.71 0.59 0.48 0.39 0.33 0.17 0.09 0.08 0.05 0.24 0.41 0.47 0.58 0.56 0.63
0.01 0.04 0.02 0.07 0.03 0.05 0.14 0.30 0.98 0.75 1.89 2.93 2.53 1.36 0.85 0.49 1.28 0.70 0.73 0.62 0.82 0.29 0.21 0.16 0.10 0.94 0.91 0.47 0.62 0.67 0.87 0.97 0.77 0.65 0.64 0.54 0.46 0.41 0.40 0.38 0.22 0.43 0.66 0.56 0.36 0.25 0.20 0.24 0.21 0.24 0.21 0.22 0.19 0.10 0.04 0.06 0.06 0.14 0.04 0.00 0.09 0.17 0.22 0.30 0.54 0.80 0.65 0.82 0.99 0.89 0.75 0.44 0.35 0.28 0.20 0.12 0.17 0.06 0.11 0.46 0.48 0.47 0.79 0.62
0.07 0.03 0.02 0.05 0.06 0.22 0.13 0.06 0.26 0.70 0.49 1.44 3.36 2.15 1.01 0.62 0.48 1.05 0.76 0.61 0.40 0.38 0.29 0.31 0.09 0.22 0.34 0.42 0.22 0.70 0.91 0.95 0.68 0.86 0.79 0.59 0.64 0.53 0.37 0.39 0.35 0.39 0.28 0.52 0.39 0.32 0.23 0.27 0.29 0.27 0.31 0.38 0.24 0.13 0.05 0.03 0.00 0.02 0.00 0.12 0.19 0.26 0.16 0.31 0.41 0.52 0.56 0.73 1.06 0.86 0.72 0.40 0.23 0.28 0.26 0.17 0.13 0.14 0.07 0.15 0.52 0.60 0.61 0.70
0.08 0.02 0.03 0.03 0.01 0.06 0.30 0.53 0.17 0.38 0.35 0.51 2.37 4.02 3.20 1.54 0.82 0.56 0.60 0.39 0.52 0.45 0.35 0.17 0.12 0.12 0.12 0.41 0.53 0.49 0.68 0.81 0.86 0.64 0.68 0.60 0.76 0.66 0.43 0.47 0.67 0.61 0.40 0.46 0.35 0.29 0.36 0.28 0.28 0.27 0.22 0.20 0.16 0.16 0.09 0.06 0.04 0.08 0.06 0.23 0.16 0.23 0.15 0.22 0.14 0.00 0.48 0.46 0.62 0.83 0.69 0.51 0.42 0.23 0.14 0.20 0.16 0.08 0.06 0.14 0.18 0.47 0.37 0.42
0.02 0.01 0.03 0.02 0.01 0.02 0.07 0.26 0.98 0.28 0.29 0.57 0.62 1.11 5.73 3.83 1.99 1.08 0.43 0.81 1.02 0.54 0.46 0.17 0.39 0.35 0.34 0.26 0.33 0.61 0.66 0.64 0.67 0.76 0.71 0.29 0.86 0.57 0.52 0.52 0.69 0.56 0.49 0.34 0.24 0.24 0.24 0.17 0.19 0.17 0.17 0.18 0.26 0.20 0.11 0.08 0.06 0.11 0.20 0.27 0.29 0.22 0.19 0.21 0.20 0.00 0.06 0.47 0.43 0.66 0.69 0.63 0.54 0.31 0.21 0.30 0.16 0.13 0.13 0.11 0.10 0.16 0.40 0.51
0.05 0.03 0.00 0.00 0.01 0.05 0.13 0.01 0.30 0.49 0.29 0.28 0.54 1.61 2.83 4.30 4.19 2.34 0.71 0.40 0.78 0.46 0.44 0.41 0.57 0.39 0.34 0.12 0.03 0.26 0.58 0.73 0.58 0.62 0.76 0.28 0.37 0.63 0.57 0.51 0.61 0.34 0.27 0.52 0.76 0.33 0.48 0.16 0.00 0.00 0.02 0.04 0.22 0.30 0.25 0.15 0.04 0.14 0.19 0.29 0.28 0.23 0.19 0.19 0.20 0.24 0.50 0.40 0.45 0.58 0.50 0.65 0.46 0.24 0.19 0.26 0.22 0.18 0.22 0.11 0.04 0.13 0.55 0.44
0.11 0.01 0.03 0.03 0.00 0.03 0.08 0.18 0.27 0.80 0.23 0.43 0.90 1.27 2.70 3.71 4.87 3.31 2.09 0.77 0.56 0.37 0.62 0.56 0.26 0.40 0.40 0.15 0.06 0.16 0.39 0.38 0.42 0.44 0.28 0.32 0.46 0.91 0.66 0.93 0.74 0.23 0.45 0.58 0.93 0.65 0.45 0.21 0.00 0.00 0.00 0.00 0.06 0.29 0.37 0.17 0.13 0.17 0.26 0.23 0.20 0.22 0.24 0.20 0.06 0.13 0.18 0.37 0.41 0.49 0.67 0.56 0.45 0.30 0.25 0.15 0.22 0.22 0.14 0.16 0.01 0.12 0.39 0.48
0.01 0.03 0.11 0.08 0.06 0.01 0.11 0.17 0.27 0.34 0.34 0.35 1.96 0.74 0.71 2.43 4.16 5.78 4.43 1.62 1.13 0.74 0.30 0.48 0.58 0.36 0.32 0.18 0.21 0.11 0.12 0.16 0.11 0.26 0.44 0.33 0.42 0.80 1.09 0.98 1.59 0.73 0.56 0.41 0.76 0.51 0.49 0.13 0.22 0.17 0.00 0.00 0.00 0.23 0.22 0.20 0.06 0.18 0.22 0.23 0.19 0.21 0.31 0.19 0.07 0.04 0.11 0.21 0.34 0.62 0.44 0.59 0.47 0.38 0.25 0.17 0.27 0.43 0.27 0.12 0.07 0.11 0.24 0.16
0.03 0.01 0.15 0.11 0.05 0.09 0.10 0.03 0.22 0.11 0.15 0.33 0.26 0.54 0.55 1.09 2.30 3.49 4.19 2.34 1.13 0.89 0.24 0.34 0.94 0.52 0.21 0.53 0.44 0.39 0.26 0.22 0.13 0.25 0.49 0.54 0.46 0.81 0.68 1.25 1.57 0.80 0.86 0.31 0.67 0.62 0.72 0.62 0.48 0.26 0.13 0.00 0.05 0.18 0.20 0.20 0.10 0.09 0.19 0.22 0.25 0.25 0.29 0.31 0.23 0.12 0.13 0.20 0.39 0.10 0.44 0.35 0.49 0.35 0.39 0.44 0.40 0.32 0.23 0.34 0.14 0.11 0.21 0.22
0.16 0.08 0.01 0.06 0.01 0.02 0.11 0.07 0.14 0.11 0.18 0.24 0.18 0.37 0.53 0.70 0.77 1.45 2.50 2.44 2.25 1.04 0.34 0.76 1.07 0.95 0.42 1.20 0.71 0.57 0.27 0.13 0.13 0.43 0.54 0.29 0.35 0.49 0.56 0.53 0.95 0.75 0.44 0.46 0.35 0.55 0.81 0.88 0.52 0.30 0.30 0.27 0.22 0.17 0.16 0.15 0.10 0.04 0.19 0.27 0.29 0.29 0.23 0.30 0.29 0.24 0.18 0.26 0.08 0.20 0.25 0.32 0.45 0.49 0.56 0.42 0.43 0.40 0.22 0.26 0.13 0.12 0.22 0.22
0.05 0.08 0.04 0.03 0.01 0.00 0.01 0.09 0.12 0.10 0.10 0.11 0.16 0.43 0.59 0.43 0.56 0.58 0.89 2.34 2.59 1.75 1.04 0.66 0.71 0.66 0.77 0.78 0.50 0.53 0.62 0.27 0.21 0.35 0.27 0.18 0.24 0.47 0.53 1.07 1.18 0.81 0.57 0.55 0.37 0.35 0.60 0.95 0.14 0.23 0.14 0.35 0.16 0.18 0.20 0.11 0.12 0.19 0.23 0.30 0.33 0.35 0.21 0.19 0.15 0.17 0.16 0.31 0.33 0.27 0.37 0.36 0.38 0.40 0.47 0.41 0.39 0.49 0.39 0.44 0.26 0.14 0.13 0.17
0.07 0.10 0.04 0.00 0.00 0.01 0.02 0.02 0.09 0.01 0.06 0.22 0.27 0.45 0.44 0.13 0.24 0.46 1.40 2.75 3.44 2.15 2.21 1.66 0.91 0.45 0.42 0.84 0.42 0.65 0.66 1.25 0.47 0.26 0.07 0.12 0.48 1.26 0.72 0.82 1.18 1.44 0.99 0.52 0.44 0.24 0.37 0.54 0.36 0.12 0.07 0.09 0.11 0.12 0.28 0.18 0.21 0.31 0.18 0.26 0.39 0.27 0.11 0.08 0.13 0.16 0.18 0.31 0.28 0.39 0.49 0.44 0.45 0.38 0.48 0.43 0.38 0.39 0.42 0.43 0.36 0.17 0.13 0.15
0.15 0.12 0.10 0.10 0.04 0.05 0.06 0.04 0.07 0.11 0.14 0.41 0.46 0.25 0.10 0.06 0.31 0.80 0.66 2.79 3.58 2.32 2.10 2.40 1.31 0.67 0.25 0.87 1.28 0.72 0.89 1.45 1.18 0.15 0.21 0.49 0.59 0.97 0.58 0.86 1.05 1.31 1.64 1.18 0.60 0.37 0.33 0.41 0.18 0.25 0.22 0.17 0.09 0.10 0.09 0.11 0.39 0.31 0.19 0.08 0.19 0.20 0.15 0.20 0.22 0.16 0.27 0.32 0.21 0.38 0.49 0.44 0.46 0.40 0.51 0.54 0.64 0.66 0.37 0.28 0.37 0.24 0.20 0.18
0.24 0.23 0.21 0.14 0.17 0.13 0.10 0.10 0.12 0.17 0.15 0.33 0.34 0.22 0.12 0.09 0.29 0.54 0.57 1.37 1.95 1.25 1.25 1.38 1.27 0.69 0.47 0.91 0.86 0.91 1.12 0.65 0.67 0.49 0.49 0.76 0.47 0.66 0.59 0.61 0.71 0.77 1.18 1.61 0.94 0.56 0.37 0.38 0.33 0.43 0.01 0.00 0.00 0.13 0.11 0.09 0.16 0.14 0.14 0.15 0.34 0.15 0.19 0.29 0.27 0.32 0.35 0.45 0.46 0.59 0.49 0.38 0.48 0.50 0.40 0.19 0.59 0.56 0.18 0.57 0.42 0.16 0.21 0.25
0.22 0.23 0.11 0.28 0.14 0.11 0.06 0.04 0.08 0.07 0.10 0.19 0.30 0.20 0.14 0.18 0.17 0.49 0.51 1.47 1.51 1.32 0.88 1.46 0.99 0.77 1.03 1.16 0.57 0.33 0.52 0.54 0.75 1.51 1.74 0.33 0.20 0.19 0.41 0.29 0.87 0.62 0.78 1.16 1.04 0.86 0.62 0.69 0.44 0.68 0.78 0.46 0.09 0.00 0.11 0.10 0.09 0.10 0.11 0.15 0.34 0.19 0.26 0.23 0.28 0.54 0.62 0.77 0.87 0.62 0.29 0.39 0.41 0.24 0.49 0.34 0.56 0.42 0.28 0.48 0.59 0.34 0.22 0.07
0.29 0.29 0.26 0.12 0.15 0.13 0.08 0.07 0.06 0.04 0.12 0.08 0.17 0.18 0.16 0.09 0.19 0.34 0.25 0.98 0.75 1.18 1.15 1.07 1.04 1.42 1.84 1.82 0.41 0.30 0.60 0.71 0.98 1.71 1.01 2.51 0.34 0.13 0.26 0.30 0.61 0.92 1.21 1.02 1.19 1.49 1.05 0.97 0.63 0.27 0.48 0.52 0.58 0.26 0.21 0.23 0.12 0.11 0.11 0.11 0.24 0.08 0.11 0.18 0.16 0.54 0.72 0.90 1.14 0.83 0.52 0.17 0.23 0.15 0.48 0.66 0.35 0.17 0.38 0.65 0.57 0.34 0.35 0.14
