24h( un jeu de donné)/PH_20111105190000.asc
NCOLS 95
NROWS 110
XLLCENTER 939500
YLLCENTER 1831500
CELLSIZE 1000
NODATA_VALUE -999
[rows 0 to 37 of 110, columns 0 to 83 of 95]
0.08 0.06 0.04 0.02 0.03 0.03 0.04 0.04 0.05 0.04 0.03 0.01 0.00 0.00 0.00 0.00 0.00 0.00 0.00 0.00 0.00 0.05 0.05 0.13 0.20 0.31 0.23 0.18 0.19 0.26 0.21 0.19 0.20 0.43 0.46 0.42 0.57 0.50 0.65 0.43 0.66 0.49 0.50 0.50 0.62 0.63 0.67 0.70 0.72 0.66 0.56 0.51 0.60 0.64 0.72 0.65 0.57 0.47 0.50 0.58 0.50 0.64 0.38 0.55 0.55 0.59 0.57 0.63 0.70 0.77 0.88 0.84 0.91 0.69 0.75 0.65 0.65 0.77 0.80 0.77 0.77 0.73 0.64 0.54
0.10 0.08 0.07 0.04 0.04 0.04 0.06 0.06 0.05 0.05 0.03 0.02 0.01 0.00 0.00 0.00 0.00 0.00 0.00 0.00 0.00 0.00 0.05 0.01 0.18 0.10 0.17 0.12 0.07 0.21 0.22 0.19 0.22 0.31 0.48 0.42 0.42 0.46 0.44 0.56 0.50 0.41 0.46 0.51 0.57 0.64 0.56 0.67 0.78 0.72 0.55 0.57 0.51 0.50 0.54 0.49 0.58 0.56 0.42 0.33 0.32 0.55 0.40 0.44 0.44 0.55 0.59 0.67 0.66 0.83 0.79 0.88 0.95 0.79 0.83 0.75 0.77 0.79 0.82 0.85 0.70 0.61 0.56 0.55
0.14 0.08 0.11 0.07 0.07 0.07 0.10 0.08 0.05 0.04 0.03 0.04 0.02 0.01 0.00 0.00 0.00 0.00 0.00 0.00 0.00 0.00 0.04 0.08 0.23 0.12 0.09 0.09 0.07 0.10 0.13 0.16 0.20 0.24 0.36 0.38 0.46 0.44 0.44 0.59 0.41 0.55 0.42 0.45 0.38 0.37 0.58 0.42 0.60 0.67 0.65 0.64 0.68 0.51 0.49 0.43 0.58 0.42 0.32 0.55 0.38 0.48 0.31 0.44 0.36 0.42 0.38 0.54 0.69 0.84 0.85 0.86 0.91 0.90 0.82 0.85 0.90 0.76 0.90 0.89 0.72 0.75 0.62 0.57
0.17 0.14 0.11 0.13 0.07 0.07 0.14 0.09 0.06 0.06 0.06 0.04 0.02 0.01 0.00 0.00 0.00 0.00 0.01 0.00 0.00 0.00 0.00 0.05 0.02 0.10 0.14 0.11 0.07 0.11 0.11 0.19 0.21 0.27 0.42 0.43 0.50 0.45 0.45 0.49 0.49 0.35 0.27 0.23 0.40 0.38 0.38 0.48 0.61 0.57 0.56 0.64 0.70 0.52 0.53 0.46 0.54 0.51 0.47 0.33 0.40 0.48 0.54 0.53 0.43 0.43 0.42 0.51 0.59 0.72 0.83 0.87 0.86 0.95 0.90 1.02 0.97 0.79 0.88 0.75 0.73 0.74 0.72 0.68
0.14 0.19 0.17 0.16 0.11 0.12 0.16 0.14 0.09 0.07 0.05 0.01 0.01 0.00 0.00 0.00 0.00 0.03 0.01 0.00 0.01 0.00 0.00 0.00 0.00 0.07 0.11 0.10 0.12 0.13 0.14 0.20 0.25 0.29 0.50 0.54 0.46 0.54 0.42 0.40 0.52 0.35 0.23 0.22 0.32 0.31 0.29 0.41 0.50 0.46 0.48 0.63 0.53 0.47 0.60 0.57 0.51 0.60 0.54 0.50 0.58 0.43 0.42 0.41 0.51 0.53 0.42 0.49 0.58 0.64 0.70 0.65 0.81 0.95 1.04 1.06 0.98 0.78 0.85 0.77 0.81 0.77 0.81 0.76
0.20 0.19 0.16 0.13 0.13 0.14 0.17 0.14 0.10 0.09 0.05 0.03 0.03 0.00 0.01 0.04 0.04 0.05 0.02 0.02 0.01 0.00 0.00 0.00 0.00 0.00 0.05 0.07 0.15 0.18 0.15 0.20 0.31 0.33 0.50 0.49 0.43 0.42 0.45 0.48 0.39 0.30 0.24 0.32 0.31 0.33 0.33 0.45 0.48 0.44 0.50 0.57 0.67 0.52 0.50 0.64 0.76 0.64 0.57 0.44 0.61 0.60 0.39 0.38 0.37 0.43 0.47 0.51 0.59 0.60 0.56 0.53 0.63 0.81 0.96 1.00 0.99 0.88 0.86 0.77 0.81 0.86 0.90 0.80
0.19 0.23 0.14 0.17 0.16 0.17 0.15 0.13 0.11 0.08 0.05 0.04 0.04 0.03 0.04 0.04 0.03 0.04 0.02 0.00 0.01 0.01 0.00 0.00 0.00 0.00 0.01 0.06 0.25 0.28 0.24 0.20 0.33 0.37 0.40 0.46 0.42 0.40 0.47 0.43 0.25 0.32 0.36 0.25 0.33 0.39 0.26 0.42 0.47 0.44 0.51 0.61 0.59 0.48 0.46 0.61 0.62 0.82 0.47 0.69 0.74 0.57 0.37 0.43 0.38 0.52 0.49 0.58 0.62 0.49 0.56 0.60 0.61 0.66 0.70 0.91 0.99 0.95 0.86 0.93 0.90 0.95 0.92 0.84
0.21 0.20 0.16 0.14 0.16 0.17 0.14 0.11 0.10 0.10 0.07 0.08 0.07 0.06 0.07 0.05 0.05 0.02 0.01 0.01 0.00 0.00 0.00 0.00 0.00 0.00 0.02 0.04 0.15 0.09 0.22 0.27 0.28 0.31 0.42 0.44 0.41 0.38 0.44 0.40 0.43 0.32 0.28 0.22 0.33 0.32 0.31 0.42 0.47 0.49 0.59 0.55 0.60 0.54 0.45 0.68 0.72 0.82 0.64 0.55 0.87 0.75 0.44 0.52 0.40 0.51 0.58 0.65 0.65 0.66 0.58 0.57 0.60 0.63 0.52 0.57 0.56 0.89 0.85 0.92 0.98 0.96 0.94 0.75
0.23 0.23 0.15 0.15 0.16 0.13 0.14 0.12 0.11 0.11 0.08 0.08 0.12 0.07 0.06 0.07 0.05 0.02 0.01 0.03 0.01 0.00 0.00 0.00 0.00 0.02 0.03 0.00 0.08 0.12 1.58 0.27 0.30 0.39 0.36 0.42 0.41 0.43 0.42 0.38 0.34 0.41 0.48 0.26 0.30 0.34 0.28 0.39 0.39 0.59 0.65 0.56 0.53 0.52 0.54 0.74 0.95 0.94 0.57 0.83 0.72 0.69 0.63 0.62 0.59 0.56 0.58 0.65 0.71 0.75 0.76 0.73 0.67 0.69 0.56 0.48 0.58 0.68 0.80 0.88 0.91 0.98 0.89 0.84
0.25 0.21 0.18 0.15 0.13 0.13 0.15 0.14 0.13 0.14 0.14 0.11 0.09 0.08 0.06 0.04 0.04 0.00 0.00 0.02 0.01 0.00 0.00 0.01 0.02 0.02 0.03 0.03 0.21 6.28 2.04 0.14 0.54 0.38 0.52 0.41 0.40 0.41 0.37 0.44 0.50 0.54 0.79 0.50 0.32 0.36 0.28 0.24 0.38 0.48 0.60 0.42 0.50 0.48 0.52 0.78 1.03 0.93 0.79 0.76 0.71 0.73 0.71 0.74 0.63 0.67 0.77 0.75 0.77 0.75 0.87 0.92 0.88 0.66 0.63 0.68 0.64 0.61 0.66 0.76 0.92 0.90 0.97 0.94
0.26 0.23 0.17 0.14 0.16 0.14 0.16 0.20 0.20 0.27 0.34 0.13 0.09 0.08 0.08 0.05 0.02 0.01 0.00 0.01 0.01 0.01 0.01 0.02 0.03 0.03 0.03 0.04 0.09 0.14 1.25 0.06 0.55 1.84 0.64 0.38 0.41 0.42 0.29 0.43 0.62 0.63 0.75 0.50 0.34 0.37 0.25 0.24 0.36 0.45 0.69 0.53 0.42 0.44 0.54 0.74 0.76 0.69 1.00 0.94 0.68 0.59 0.63 0.65 0.69 0.82 0.95 0.96 0.92 0.85 0.83 0.92 0.94 0.98 0.77 0.81 0.67 0.67 0.74 0.74 0.72 0.89 0.98 0.86
0.21 0.28 0.24 0.18 0.15 0.17 0.18 0.24 0.23 0.26 0.14 0.10 0.08 0.06 0.03 0.03 0.03 0.03 0.00 0.00 0.01 0.00 0.01 0.04 0.04 0.03 0.04 0.04 0.05 0.00 0.43 0.18 0.15 0.07 0.35 0.49 0.27 0.33 0.25 0.37 0.49 0.68 0.79 0.49 0.43 0.35 0.17 0.27 0.33 0.43 0.60 0.45 0.47 0.39 0.57 0.73 0.86 0.89 0.85 0.68 0.46 0.52 0.59 0.65 0.74 0.89 0.91 1.04 1.00 1.02 1.08 1.07 1.15 0.98 1.05 0.86 0.85 0.79 0.82 0.72 0.73 0.74 0.81 0.92
0.33 0.31 0.24 0.20 0.20 0.18 0.19 0.22 0.23 0.17 0.99 0.10 0.48 0.05 0.04 0.03 0.02 0.02 0.00 0.01 0.01 0.03 0.02 0.04 0.06 0.05 0.04 0.03 0.05 0.05 0.10 0.02 0.11 0.16 0.15 0.18 0.27 0.24 0.30 0.21 0.51 0.69 0.65 0.46 0.47 0.34 0.25 0.32 0.42 0.33 0.65 0.45 0.47 0.53 0.65 0.86 0.88 0.83 0.91 0.71 0.49 0.59 0.52 0.54 0.63 0.75 0.82 0.95 0.99 1.06 1.12 1.19 1.23 1.15 1.07 1.06 0.99 0.95 0.86 0.78 0.81 0.70 0.84 1.05
0.36 0.30 0.25 0.23 0.21 0.22 0.19 0.21 0.16 0.15 0.43 0.05 0.42 0.06 0.04 0.03 0.03 0.01 0.03 0.03 0.02 0.02 0.03 0.01 0.08 0.07 0.06 0.05 0.06 0.05 0.08 0.12 0.15 0.14 1.85 0.34 0.27 0.26 0.15 0.27 0.36 0.28 0.38 0.32 0.55 0.45 0.25 0.28 0.35 0.64 0.86 0.62 0.52 0.57 0.71 0.89 0.82 0.91 1.05 0.68 0.52 0.70 0.60 0.64 0.70 0.69 0.70 0.69 0.74 0.91 1.04 1.14 1.18 1.15 1.18 1.18 1.14 1.19 1.05 0.98 0.90 0.87 0.80 0.84
0.38 0.33 0.27 0.29 0.25 0.24 0.23 0.20 0.17 0.16 0.57 0.11 0.14 0.05 0.04 0.02 0.03 0.02 0.03 0.03 0.03 0.02 0.02 0.04 0.01 0.01 0.08 0.06 0.04 0.06 0.09 0.10 0.11 0.06 0.06 0.23 0.38 0.20 0.25 0.25 0.60 0.53 0.34 0.32 0.47 0.44 0.27 0.29 0.28 0.59 0.73 0.80 0.60 0.56 0.51 0.89 0.92 0.89 0.99 0.84 0.58 0.80 0.79 0.84 0.83 0.69 0.75 0.76 0.77 0.90 0.74 0.76 1.05 1.01 1.06 1.29 1.25 1.21 1.27 1.21 1.06 1.04 0.98 0.93
0.33 0.38 0.34 0.29 0.28 0.26 0.24 0.21 0.19 0.16 0.11 0.09 0.16 0.06 0.05 0.02 0.02 0.01 0.01 0.02 0.05 0.27 0.01 0.03 0.05 0.07 0.05 0.01 0.07 0.05 0.07 0.09 0.12 0.11 0.05 2.99 0.31 0.07 0.10 0.15 0.34 0.17 0.20 0.31 0.33 0.48 0.32 0.34 0.26 0.42 0.66 0.70 0.57 0.50 0.53 0.85 0.93 0.96 1.12 0.75 0.64 0.77 0.75 0.79 0.79 0.76 0.82 0.90 0.91 0.88 0.60 0.58 0.89 0.92 1.04 1.18 1.15 1.27 1.38 1.36 1.02 0.85 1.08 1.00
0.38 0.40 0.38 0.31 0.30 0.26 0.28 0.23 0.23 0.19 0.13 0.54 1.41 0.06 0.04 0.03 0.01 0.01 0.01 0.03 0.04 0.03 0.04 0.02 0.06 0.07 0.08 0.07 0.02 0.02 0.09 0.10 0.12 0.13 0.09 0.14 0.12 0.12 0.13 0.15 0.15 0.19 0.19 0.21 0.27 0.33 0.28 0.41 0.31 0.43 0.55 0.41 0.50 0.47 0.76 0.73 0.75 1.04 0.98 0.86 0.86 0.87 0.75 0.84 0.87 0.88 0.83 0.87 0.94 0.87 0.79 0.85 0.99 1.02 1.06 1.09 1.14 1.27 1.32 1.38 1.40 1.20 1.04 1.06
0.52 0.45 0.39 0.35 0.30 0.28 0.27 0.29 0.25 0.22 0.16 0.24 0.11 0.03 0.02 0.03 0.02 0.02 0.02 0.02 0.02 0.00 0.05 0.04 0.06 0.07 0.08 0.08 0.07 0.03 0.10 0.10 0.14 0.05 0.13 0.09 0.13 0.14 0.16 0.20 0.23 0.08 0.21 0.20 0.18 0.25 0.24 0.39 0.34 0.57 0.64 0.57 0.58 0.55 0.77 0.61 0.72 1.09 0.89 0.91 0.98 0.94 0.88 0.93 1.05 0.90 0.95 0.98 0.97 0.78 0.91 0.91 1.05 1.01 1.07 1.13 1.24 1.24 1.28 1.11 1.36 1.18 1.23 1.23
0.59 0.48 0.45 0.36 0.30 0.30 0.31 0.29 0.27 0.23 0.18 0.09 0.07 0.01 0.01 0.02 0.02 0.02 0.02 0.04 0.03 0.03 0.03 0.05 0.07 0.07 0.08 0.10 0.09 0.06 0.12 0.12 0.04 0.08 0.07 0.08 0.02 0.14 0.17 0.25 0.20 0.21 0.17 0.24 0.20 0.08 0.20 0.27 0.32 0.67 0.60 0.64 0.70 0.78 0.73 0.66 0.86 0.87 0.91 1.00 1.12 1.08 0.97 1.01 1.05 0.89 1.02 1.05 1.18 1.06 0.84 0.92 1.00 1.01 1.10 1.13 1.26 1.35 1.14 1.19 1.29 1.10 1.26 1.34
0.63 0.52 0.44 0.40 0.33 0.32 0.30 0.32 0.26 0.22 0.15 0.21 0.14 0.03 0.02 0.01 0.03 0.03 0.02 0.04 0.03 0.05 0.09 0.10 0.04 0.07 0.08 0.11 0.11 0.08 0.07 0.11 0.05 0.10 0.05 0.13 0.07 0.14 0.11 0.17 0.21 0.13 0.25 0.20 0.20 0.01 0.21 0.23 0.28 0.58 0.61 0.73 0.84 1.00 0.94 0.53 0.84 2.22 7.18 0.88 1.23 1.26 1.20 1.18 0.94 0.86 1.06 1.04 1.15 0.99 0.98 1.01 1.09 1.01 1.12 1.11 1.18 1.12 1.14 1.28 1.41 1.19 1.16 1.21
0.65 0.54 0.47 0.40 0.38 0.34 0.33 0.30 0.25 0.19 0.24 0.11 0.08 0.06 0.02 0.02 0.02 0.02 0.03 0.04 0.05 0.05 0.09 0.12 0.02 0.07 0.08 0.10 0.11 0.11 0.12 0.10 0.11 0.10 0.11 0.10 0.06 0.14 0.00 0.17 0.16 0.26 0.26 0.25 0.18 0.11 0.17 0.16 0.23 0.61 1.99 1.40 0.79 0.96 0.80 0.66 1.11 0.72 1.11 0.44 1.22 1.39 1.43 1.26 0.94 1.02 1.25 1.28 1.17 1.01 1.01 1.21 1.20 1.29 1.48 1.40 1.07 1.23 1.30 1.19 1.24 1.26 1.13 1.24
0.47 0.59 0.50 0.42 0.32 0.22 0.34 0.27 0.24 0.17 0.14 0.09 0.08 0.05 0.05 0.04 0.02 0.03 0.04 0.05 0.05 0.07 0.09 0.41 0.31 0.02 0.10 0.12 0.16 0.19 0.16 0.14 0.12 0.13 0.11 0.17 0.03 0.16 0.14 0.18 0.23 0.23 0.26 0.24 0.19 0.19 0.17 0.15 0.18 0.29 0.54 0.64 0.72 3.04 1.37 0.89 0.90 1.04 0.61 0.67 1.50 1.51 1.36 1.24 0.82 1.11 1.09 1.16 1.12 1.12 1.19 1.48 1.66 2.03 1.79 1.43 1.16 1.17 1.15 1.08 1.17 1.17 1.23 1.31
0.67 0.62 0.53 0.30 0.32 0.34 0.34 0.27 0.22 0.19 0.12 0.11 0.08 0.07 0.04 0.04 0.03 0.04 0.05 0.05 0.08 0.09 0.10 0.01 0.37 0.11 0.20 0.15 0.17 0.20 0.15 0.15 0.13 0.23 0.28 0.27 0.20 0.17 0.14 0.16 0.15 0.14 0.29 0.26 0.26 0.24 0.22 0.24 0.16 0.21 0.27 0.31 0.42 1.38 2.19 0.98 1.16 0.85 1.08 1.00 1.47 1.48 1.28 0.96 1.09 1.19 1.08 1.02 1.15 1.27 1.47 1.37 1.69 1.77 1.58 1.48 1.47 1.36 1.34 1.25 1.24 1.15 0.80 1.03
0.68 0.66 0.55 0.47 0.41 0.37 0.33 0.26 0.23 0.18 0.14 0.12 0.07 0.06 0.07 0.06 0.07 0.06 0.06 0.08 0.11 0.12 0.14 0.01 1.13 0.18 0.43 0.19 0.18 0.18 0.17 0.13 0.27 0.31 0.29 0.09 0.23 0.21 0.18 0.20 0.16 0.13 0.21 0.29 0.31 0.30 0.32 0.30 0.26 0.26 0.23 0.21 0.36 0.56 0.68 0.89 0.64 0.61 1.04 0.64 0.45 1.12 1.13 1.11 1.24 1.02 1.12 1.07 1.14 1.27 1.33 1.52 1.52 1.31 1.17 1.52 1.64 1.53 1.30 1.23 1.22 0.73 0.91 0.71
0.55 0.67 0.59 0.48 0.41 0.36 0.34 0.28 0.25 0.17 0.16 0.11 0.07 0.07 0.06 0.05 0.09 0.08 0.08 0.14 0.11 0.19 0.17 0.06 0.10 0.20 0.16 0.17 0.08 0.26 0.24 0.26 0.32 0.36 0.34 0.34 0.31 0.24 0.29 0.30 0.27 0.14 0.13 0.27 0.34 0.37 0.18 0.33 0.36 0.31 0.22 0.20 0.27 0.37 0.52 0.53 0.44 0.50 0.91 0.47 1.20 1.00 1.42 1.28 1.27 1.12 1.31 1.14 1.24 1.21 1.23 1.36 0.88 0.66 1.37 1.51 1.73 1.70 1.36 0.96 1.10 1.03 1.30 1.27
0.50 0.67 0.58 0.52 0.45 0.36 0.36 0.28 0.29 0.22 0.17 0.17 0.11 0.08 0.10 0.08 0.06 0.06 0.06 0.13 0.16 0.17 0.09 0.12 0.12 0.14 0.18 0.22 0.36 0.36 0.31 0.35 0.36 0.43 0.42 0.31 0.32 0.25 0.34 0.35 0.31 0.30 0.14 0.30 0.35 0.15 0.12 0.30 0.42 0.33 0.33 0.28 0.14 0.23 0.30 0.48 0.51 0.44 0.65 1.12 0.86 1.14 1.17 0.81 0.68 0.28 0.67 1.32 1.22 1.15 1.32 0.81 0.92 1.30 1.35 1.51 1.63 1.47 1.59 1.60 1.08 1.34 1.22 1.37
0.76 0.67 0.58 0.53 0.47 0.36 0.33 0.31 0.26 0.25 0.22 0.16 0.14 0.09 0.09 0.08 0.08 0.06 0.08 0.08 0.04 0.11 0.10 0.14 0.14 0.16 0.22 0.30 0.30 0.35 0.41 0.37 0.38 0.39 0.26 0.29 0.10 0.33 0.36 0.43 0.34 0.32 0.27 0.27 0.34 0.31 0.22 0.40 0.42 0.46 0.41 0.41 0.44 0.32 0.33 0.46 0.58 0.44 0.71 0.67 0.79 1.00 0.73 0.92 0.52 0.35 0.39 1.55 1.21 1.22 1.05 0.97 1.07 1.15 1.24 1.30 1.41 1.20 1.44 1.57 1.24 1.34 1.31 1.14
0.45 0.69 0.55 0.55 0.47 0.41 0.34 0.28 0.27 0.27 0.22 0.18 0.16 0.11 0.03 0.09 0.07 0.08 0.08 0.07 0.09 0.11 0.11 0.11 0.15 0.17 0.23 0.33 0.32 0.35 0.27 0.44 0.50 0.45 0.28 0.16 0.29 0.24 0.39 0.47 0.33 0.34 0.33 0.36 0.43 0.31 0.21 0.47 0.29 0.40 0.39 0.32 0.38 0.43 0.44 0.53 0.22 0.29 0.18 0.26 0.68 0.77 0.75 0.88 0.94 0.78 1.16 1.31 1.26 1.48 1.01 0.92 1.00 1.14 1.15 1.15 1.34 1.27 1.52 1.42 1.23 1.16 1.09 1.03
0.41 0.70 0.63 0.59 0.46 0.39 0.33 0.25 0.21 0.20 0.21 0.20 0.14 0.09 0.08 0.10 0.08 0.09 0.11 0.11 0.02 0.13 0.13 0.13 0.13 0.17 0.18 0.19 0.40 0.17 0.06 0.14 0.41 0.31 0.14 0.18 0.34 0.32 0.45 0.39 0.41 0.35 0.26 0.37 0.39 0.40 0.47 0.57 0.37 0.44 0.40 0.39 0.23 0.46 0.42 0.41 0.09 0.15 0.17 0.18 0.61 0.70 0.80 1.22 0.91 1.03 1.30 1.54 1.60 1.71 1.15 1.24 1.25 1.06 1.17 1.11 1.34 1.35 1.25 1.57 1.29 1.31 1.04 0.87
0.77 0.52 0.61 0.55 0.43 0.38 0.29 0.26 0.20 0.17 0.16 0.13 0.35 0.05 0.13 0.09 0.12 0.13 0.13 0.14 0.15 0.15 0.13 0.12 0.18 0.24 0.14 0.24 0.22 0.05 0.06 0.16 0.18 0.16 0.05 0.06 0.07 0.02 0.29 0.53 0.56 0.45 0.28 0.29 0.48 0.47 0.56 0.48 0.54 0.43 0.41 0.11 0.39 0.48 0.49 0.09 0.09 0.10 0.09 0.29 0.27 0.58 0.64 0.29 0.95 1.45 1.22 1.80 1.72 2.23 1.49 1.64 1.50 1.23 1.03 1.19 1.22 1.35 1.65 1.59 1.28 0.77 1.56 1.66
0.75 0.63 0.49 0.56 0.42 0.37 0.33 0.26 0.24 0.17 0.19 0.19 0.21 0.22 0.24 0.12 0.12 0.11 0.13 0.14 0.14 0.15 0.16 0.16 0.21 0.23 0.21 0.06 0.08 0.14 0.13 0.37 0.17 0.07 0.06 0.10 0.07 0.11 0.20 0.30 0.44 0.49 0.42 0.33 0.60 0.81 0.76 0.68 0.66 0.58 0.48 0.38 0.40 0.42 0.41 0.06 0.07 0.09 0.08 0.21 0.38 0.71 0.74 0.59 0.53 1.04 1.54 1.38 1.61 1.47 3.61 1.76 1.51 1.10 1.38 1.38 1.37 1.74 1.54 1.44 1.36 2.64 1.26 0.70
0.52 0.58 0.50 0.54 0.49 0.41 0.34 0.30 0.23 0.19 0.22 0.21 0.20 0.29 0.25 0.22 0.14 0.16 0.14 0.06 0.14 0.12 0.05 0.17 0.12 0.12 0.22 0.44 0.21 0.08 0.19 0.35 0.37 0.15 0.05 0.05 0.18 0.07 0.05 0.04 0.28 0.19 0.45 0.66 0.66 0.70 0.65 0.76 0.77 0.62 0.38 0.38 0.43 0.38 0.06 0.06 0.05 0.21 0.28 0.65 0.75 0.77 0.73 0.88 0.52 1.09 1.26 1.20 1.40 1.78 1.70 2.25 1.75 1.38 1.53 1.78 2.08 1.37 0.78 1.13 3.32 0.99 1.15 1.63
0.59 0.59 0.49 0.57 0.50 0.41 0.35 0.26 0.22 0.40 0.17 0.19 0.21 0.26 0.27 0.23 0.08 0.14 0.12 0.05 0.01 0.05 0.05 0.07 0.16 0.16 0.22 0.29 0.30 0.23 0.11 0.19 0.45 0.20 0.20 0.06 0.07 0.02 0.09 0.16 0.42 0.44 0.29 0.51 0.52 0.58 0.54 0.60 0.27 0.12 0.13 0.08 0.06 0.04 0.05 0.11 0.03 0.20 0.45 0.68 0.78 0.86 0.79 0.83 0.93 1.06 1.00 1.19 1.46 1.54 1.30 1.38 1.27 1.43 1.72 1.75 1.26 1.01 1.92 1.24 1.38 1.39 1.93 1.85
0.62 0.55 0.68 0.59 0.54 0.44 0.34 0.26 0.24 0.31 0.19 0.17 0.21 0.19 0.19 0.27 0.06 0.19 0.06 0.06 0.02 0.05 0.01 0.09 0.13 0.15 0.25 0.16 0.28 0.30 0.47 0.41 0.20 0.15 0.24 0.19 0.44 0.48 0.12 0.26 0.41 0.42 0.50 0.40 0.58 0.49 0.57 0.60 0.25 0.09 0.06 0.07 0.28 0.06 0.13 0.10 0.09 0.09 0.12 0.58 0.82 0.83 0.80 0.89 1.06 1.17 1.39 1.33 1.50 1.61 1.40 1.35 1.27 1.17 1.18 1.08 1.18 1.57 0.87 0.79 1.27 0.95 1.18 1.64
0.53 0.61 0.64 0.56 0.52 0.45 0.37 0.28 0.24 0.26 0.16 0.20 0.16 0.20 0.26 0.29 0.28 0.23 0.19 0.06 0.05 0.09 0.02 0.03 0.03 0.03 0.16 0.27 0.14 0.28 0.46 0.48 0.52 0.11 0.43 0.48 0.35 0.51 0.51 0.39 0.33 0.35 0.35 0.30 0.57 0.52 0.67 0.80 0.61 0.75 0.82 0.34 0.54 0.04 0.25 0.10 0.08 0.12 0.21 0.38 0.75 0.90 0.93 1.05 1.06 1.15 1.38 1.45 1.38 1.62 1.56 1.38 1.25 1.17 1.10 1.13 0.81 0.73 0.53 0.70 0.85 1.24 1.06 1.12
0.52 0.62 0.56 0.56 0.57 0.46 0.37 0.30 0.26 0.28 0.22 0.21 0.22 0.13 0.17 0.31 0.18 0.22 0.21 0.21 0.09 0.08 0.06 0.03 0.03 0.02 0.11 0.05 0.35 0.33 0.35 0.40 0.52 0.54 0.29 0.53 0.59 0.58 0.51 0.35 0.28 0.20 0.20 0.34 0.32 0.40 0.63 0.60 0.80 0.47 0.70 0.43 0.45 0.16 0.06 0.44 0.10 0.19 0.32 0.49 1.21 0.94 1.19 1.34 1.32 1.36 1.15 1.34 1.24 1.31 1.44 1.38 1.33 1.10 0.98 0.43 0.62 0.73 0.57 0.61 0.91 0.81 1.80 1.71
0.61 0.64 0.73 0.61 0.58 0.47 0.40 0.38 0.31 0.27 0.22 0.27 0.17 0.15 0.32 0.29 0.20 0.25 0.18 0.22 0.12 0.06 0.23 0.08 0.06 0.01 0.05 0.27 0.25 0.26 0.32 0.34 0.50 0.40 0.53 0.46 0.45 0.64 0.39 0.25 0.22 0.10 0.07 0.15 0.27 0.47 0.61 0.70 1.33 0.50 0.77 0.44 0.41 0.13 0.06 0.40 0.20 0.32 0.55 0.79 1.24 1.48 1.65 1.45 1.57 1.51 1.68 1.38 1.49 1.36 1.02 0.94 1.12 0.30 0.40 0.76 0.47 0.91 0.44 0.75 1.01 0.97 1.24 2.46
0.43 0.58 0.61 0.51 0.56 0.52 0.41 0.35 0.28 0.30 0.27 0.23 0.20 0.16 0.27 0.29 0.24 0.24 0.25 0.13 0.20 0.11 0.10 0.07 0.23 0.02 0.17 0.23 0.28 0.26 0.28 0.34 0.39 0.79 0.49 0.59 0.60 0.57 0.04 0.10 0.01 0.07 0.05 0.12 0.27 0.65 0.89 1.11 1.15 0.02 1.09 0.33 0.32 0.20 0.09 0.04 0.21 0.57 0.80 0.82 1.18 1.29 1.47 1.88 2.03 1.80 2.10 1.94 2.11 2.21 0.83 0.75 0.39 0.65 0.58 0.68 0.80 0.80 0.72 0.70 0.78 0.93 0.62 0.86
