24h( un jeu de donné)/PH_20111105170000.asc
NCOLS 95
NROWS 110
XLLCENTER 939500
YLLCENTER 1831500
CELLSIZE 1000
NODATA_VALUE -999
[rows 38 to 75 of 110, columns 0 to 83 of 95]
0.00 0.00 0.00 0.00 0.00 0.00 0.00 0.00 0.00 0.00 0.01 0.01 0.00 0.04 0.00 0.01 0.00 0.00 0.00 0.00 0.00 0.00 0.00 0.00 0.00 0.00 0.00 0.00 0.00 0.00 0.00 0.00 0.00 0.00 0.00 0.01 0.00 0.00 0.00 0.00 0.00 0.00 0.00 0.00 0.00 0.00 0.00 0.00 0.00 0.00 0.00 0.00 0.00 0.01 0.00 0.00 0.00 0.00 0.00 0.00 0.00 0.00 0.00 0.00 0.01 0.03 0.02 0.13 0.22 0.21 0.10 0.17 0.19 0.23 0.22 0.28 0.35 0.40 0.63 2.54 2.44 1.28 0.56 0.54
0.00 0.00 0.00 0.00 0.00 0.00 0.00 0.00 0.00 0.00 0.01 0.01 0.03 0.00 0.01 0.00 0.01 0.00 0.00 0.00 0.00 0.00 0.00 0.00 0.00 0.00 0.00 0.00 0.00 0.00 0.00 0.00 0.00 0.00 0.00 0.01 0.00 0.00 0.01 0.00 0.00 0.00 0.00 0.00 0.00 0.00 0.00 0.00 0.00 0.00 0.00 0.00 0.00 0.00 0.00 0.00 0.00 0.00 0.00 0.00 0.00 0.00 0.01 0.02 0.02 0.02 0.07 0.14 0.17 0.18 0.18 0.12 0.11 0.08 0.28 0.61 0.82 0.95 2.20 3.87 0.91 0.78 0.67 1.07
0.00 0.00 0.00 0.00 0.00 0.00 0.00 0.00 0.00 0.01 0.01 0.01 0.03 0.02 0.01 0.01 0.02 0.00 0.00 0.00 0.00 0.00 0.00 0.00 0.00 0.00 0.00 0.00 0.01 0.01 0.01 0.02 0.02 0.04 0.01 0.00 0.01 0.01 0.00 0.01 0.00 0.00 0.00 0.00 0.00 0.00 0.00 0.00 0.00 0.00 0.00 0.00 0.00 0.00 0.00 0.00 0.00 0.00 0.00 0.00 0.01 0.01 0.04 0.14 0.07 0.06 0.13 0.18 0.17 0.19 0.23 0.10 0.08 0.12 0.32 0.67 1.67 1.56 0.64 1.26 1.47 1.35 1.07 1.13
0.00 0.00 0.00 0.00 0.00 0.00 0.00 0.00 0.00 0.01 0.01 0.02 0.02 0.03 0.02 0.03 0.01 0.00 0.00 0.00 0.00 0.00 0.00 0.00 0.00 0.00 0.00 0.00 0.02 0.03 0.03 0.05 0.03 0.02 0.02 0.00 0.00 0.02 0.00 0.00 0.00 0.00 0.00 0.00 0.00 0.00 0.00 0.00 0.00 0.00 0.00 0.00 0.00 0.00 0.00 0.00 0.00 0.00 0.00 0.00 0.01 0.05 0.17 0.31 0.17 0.20 0.22 0.32 0.25 0.19 0.25 0.31 0.18 0.20 0.42 0.40 0.23 0.22 0.75 1.74 1.58 1.66 1.34 0.60
0.00 0.00 0.00 0.00 0.00 0.00 0.00 0.00 0.00 0.01 0.01 0.01 0.02 0.03 0.01 0.01 0.00 0.01 0.00 0.00 0.00 0.00 0.00 0.00 0.00 0.00 0.00 0.01 0.00 0.05 0.06 0.07 0.04 0.00 0.00 0.03 0.00 0.00 0.03 0.00 0.00 0.00 0.00 0.00 0.00 0.00 0.00 0.00 0.00 0.00 0.00 0.00 0.00 0.00 0.00 0.00 0.00 0.00 0.00 0.00 0.05 0.17 0.28 0.22 0.12 0.14 0.36 0.55 0.60 0.51 0.87 0.35 0.35 0.14 0.13 0.12 0.43 0.53 1.14 1.50 0.69 0.57 0.36 0.35
0.00 0.00 0.00 0.00 0.00 0.00 0.00 0.01 0.01 0.01 0.02 0.02 0.00 0.02 0.03 0.01 0.01 0.01 0.00 0.00 0.00 0.00 0.00 0.00 0.00 0.00 0.01 0.03 0.06 0.06 0.05 0.07 0.04 0.01 0.00 0.00 0.00 0.00 0.00 0.00 0.00 0.00 0.00 0.00 0.00 0.00 0.00 0.00 0.00 0.00 0.00 0.00 0.00 0.00 0.00 0.00 0.00 0.00 0.00 0.03 0.16 0.25 0.24 0.19 0.25 0.35 0.56 0.81 0.84 0.82 1.25 1.09 0.22 0.20 0.31 0.09 0.16 0.33 0.43 0.50 0.42 0.31 0.56 0.55
0.00 0.00 0.00 0.00 0.00 0.01 0.01 0.02 0.01 0.02 0.01 0.01 0.01 0.02 0.02 0.00 0.00 0.00 0.00 0.00 0.00 0.00 0.00 0.00 0.00 0.00 0.02 0.00 0.06 0.06 0.07 0.07 0.00 0.02 0.01 0.01 0.00 0.00 0.00 0.00 0.00 0.00 0.00 0.00 0.00 0.00 0.00 0.00 0.00 0.00 0.00 0.00 0.00 0.00 0.00 0.00 0.00 0.00 0.02 0.13 0.28 0.28 0.18 0.26 0.27 0.58 0.70 0.79 0.87 0.66 0.76 0.79 0.41 0.16 0.16 0.10 0.11 0.15 0.25 0.14 0.32 0.65 0.88 1.21
0.00 0.00 0.00 0.00 0.00 0.02 0.03 0.01 0.01 0.01 0.01 0.01 0.02 0.00 0.00 0.00 0.00 0.00 0.00 0.00 0.00 0.00 0.01 0.00 0.00 0.01 0.00 0.01 0.09 0.08 0.09 0.07 0.01 0.02 0.01 0.00 0.02 0.00 0.00 0.00 0.00 0.00 0.00 0.00 0.00 0.00 0.00 0.00 0.00 0.00 0.00 0.02 0.01 0.00 0.00 0.00 0.00 0.01 0.04 0.23 0.27 0.15 0.14 0.36 0.88 1.11 1.20 0.83 0.74 0.64 0.66 1.18 0.51 0.30 0.36 0.26 0.14 0.10 0.39 0.16 0.18 0.23 0.51 0.68
0.02 0.01 0.00 0.00 0.01 0.03 0.02 0.02 0.02 0.01 0.01 0.01 0.00 0.01 0.00 0.01 0.01 0.00 0.01 0.01 0.01 0.00 0.00 0.00 0.00 0.00 0.06 0.07 0.09 0.14 0.02 0.01 0.01 0.01 0.01 0.00 0.00 0.00 0.00 0.00 0.00 0.00 0.00 0.00 0.00 0.00 0.00 0.00 0.00 0.00 0.02 0.01 0.01 0.00 0.00 0.00 0.00 0.01 0.06 0.16 0.12 0.07 0.07 0.64 0.71 0.69 0.52 0.56 0.52 0.56 0.80 1.23 0.58 0.39 0.64 0.35 0.35 0.09 0.20 0.20 0.16 0.21 0.31 0.38
0.01 0.01 0.00 0.01 0.02 0.01 0.01 0.01 0.01 0.00 0.00 0.00 0.00 0.00 0.01 0.01 0.02 0.01 0.01 0.01 0.00 0.00 0.01 0.01 0.00 0.02 0.05 0.07 0.01 0.00 0.01 0.01 0.01 0.03 0.01 0.00 0.00 0.00 0.00 0.00 0.00 0.00 0.00 0.00 0.00 0.00 0.00 0.00 0.00 0.00 0.01 0.01 0.00 0.00 0.00 0.00 0.00 0.01 0.05 0.08 0.03 0.04 0.15 0.60 0.47 0.51 0.39 0.30 0.41 0.64 1.33 1.35 0.54 0.85 1.17 0.41 0.51 0.33 0.06 0.10 0.10 0.06 0.16 0.18
0.01 0.00 0.00 0.01 0.01 0.00 0.00 0.01 0.00 0.00 0.01 0.00 0.00 0.02 0.02 0.02 0.02 0.02 0.01 0.00 0.00 0.01 0.01 0.00 0.00 0.02 0.05 0.01 0.01 0.02 0.01 0.01 0.05 0.00 0.00 0.00 0.00 0.00 0.00 0.00 0.00 0.00 0.00 0.00 0.00 0.00 0.00 0.00 0.00 0.01 0.01 0.00 0.00 0.00 0.00 0.00 0.00 0.01 0.03 0.03 0.02 0.02 0.14 0.43 0.28 0.18 0.26 0.39 0.88 1.44 1.48 1.48 1.09 0.75 0.60 0.42 0.18 0.08 0.05 0.06 0.09 0.08 0.18 0.20
0.00 0.00 0.00 0.01 0.02 0.03 0.01 0.00 0.00 0.01 0.01 0.01 0.00 0.02 0.02 0.03 0.03 0.03 0.01 0.00 0.00 0.01 0.01 0.00 0.01 0.02 0.01 0.00 0.01 0.04 0.02 0.02 0.02 0.05 0.04 0.00 0.00 0.00 0.00 0.00 0.00 0.00 0.00 0.00 0.00 0.00 0.00 0.00 0.00 0.01 0.00 0.00 0.00 0.00 0.00 0.00 0.00 0.00 0.01 0.00 0.00 0.02 0.14 0.24 0.17 0.23 0.43 0.86 1.12 1.40 1.11 0.94 0.73 0.60 0.54 0.55 0.16 0.22 0.35 0.14 0.08 0.10 0.15 0.33
0.01 0.00 0.00 0.02 0.05 0.05 0.03 0.02 0.01 0.01 0.01 0.00 0.00 0.00 0.00 0.05 0.05 0.04 0.01 0.01 0.00 0.01 0.01 0.00 0.00 0.01 0.01 0.02 0.02 0.02 0.01 0.00 0.00 0.02 0.01 0.00 0.00 0.00 0.00 0.00 0.00 0.00 0.00 0.00 0.00 0.00 0.00 0.00 0.01 0.02 0.00 0.00 0.00 0.00 0.00 0.00 0.00 0.00 0.00 0.00 0.00 0.03 0.06 0.07 0.05 0.19 0.50 0.75 0.72 0.97 0.59 0.43 0.35 0.45 1.04 0.78 0.25 0.35 0.74 0.21 0.12 0.18 0.30 0.17
0.01 0.02 0.03 0.04 0.10 0.03 0.04 0.01 0.02 0.00 0.01 0.02 0.00 0.04 0.01 0.04 0.03 0.03 0.02 0.00 0.00 0.00 0.00 0.00 0.00 0.00 0.02 0.04 0.02 0.02 0.01 0.01 0.00 0.01 0.01 0.00 0.00 0.00 0.00 0.00 0.00 0.00 0.00 0.00 0.00 0.00 0.00 0.00 0.00 0.03 0.00 0.00 0.01 0.00 0.00 0.00 0.00 0.00 0.00 0.00 0.00 0.03 0.04 0.04 0.03 0.08 0.28 0.63 0.73 0.41 0.51 0.43 0.40 0.88 1.05 0.53 0.75 0.89 0.56 0.30 0.15 0.09 0.10 0.07
0.02 0.03 0.07 0.06 0.07 0.03 0.03 0.01 0.01 0.00 0.02 0.01 0.00 0.02 0.02 0.02 0.01 0.01 0.02 0.00 0.00 0.00 0.00 0.00 0.00 0.00 0.02 0.06 0.04 0.01 0.01 0.01 0.02 0.03 0.02 0.01 0.00 0.00 0.00 0.00 0.00 0.00 0.00 0.00 0.00 0.00 0.00 0.00 0.00 0.00 0.00 0.01 0.04 0.05 0.00 0.00 0.00 0.00 0.00 0.00 0.00 0.01 0.02 0.04 0.01 0.04 0.11 0.28 0.46 0.24 0.33 0.88 1.08 1.12 0.59 0.46 0.73 0.68 0.34 0.20 0.12 0.15 0.17 0.11
0.04 0.02 0.09 0.09 0.04 0.03 0.02 0.03 0.03 0.02 0.03 0.01 0.02 0.01 0.02 0.02 0.02 0.01 0.03 0.01 0.01 0.00 0.00 0.00 0.00 0.00 0.02 0.09 0.03 0.00 0.01 0.03 0.05 0.03 0.02 0.01 0.00 0.00 0.00 0.00 0.00 0.00 0.00 0.00 0.00 0.00 0.00 0.00 0.00 0.00 0.00 0.01 0.02 0.06 0.01 0.00 0.00 0.00 0.00 0.00 0.00 0.00 0.01 0.00 0.00 0.01 0.06 0.15 0.18 0.15 0.28 1.04 1.64 0.99 0.61 0.78 0.53 0.42 0.17 0.15 0.28 0.33 0.22 0.15
0.09 0.09 0.10 0.06 0.05 0.04 0.04 0.04 0.05 0.02 0.01 0.03 0.02 0.01 0.02 0.01 0.02 0.04 0.04 0.03 0.01 0.01 0.01 0.00 0.00 0.00 0.06 0.04 0.00 0.00 0.01 0.06 0.07 0.03 0.02 0.01 0.00 0.00 0.00 0.01 0.00 0.00 0.00 0.00 0.00 0.00 0.00 0.00 0.00 0.00 0.00 0.00 0.02 0.04 0.00 0.00 0.00 0.00 0.00 0.00 0.00 0.00 0.00 0.00 0.01 0.00 0.02 0.03 0.04 0.05 0.13 0.72 0.98 0.70 0.69 0.64 0.84 0.56 0.10 0.13 0.36 0.47 0.22 0.09
0.27 0.11 0.05 0.09 0.08 0.10 0.08 0.07 0.09 0.08 0.04 0.06 0.04 0.03 0.02 0.03 0.04 0.03 0.03 0.03 0.03 0.02 0.01 0.00 0.00 0.00 0.03 0.03 0.00 0.00 0.01 0.08 0.08 0.02 0.00 0.01 0.00 0.00 0.01 0.00 0.00 0.00 0.00 0.00 0.00 0.00 0.00 0.00 0.00 0.00 0.00 0.00 0.00 0.00 0.00 0.00 0.01 0.00 0.00 0.00 0.00 0.00 0.00 0.01 0.01 0.01 0.02 0.01 0.03 0.00 0.06 0.22 0.27 0.20 0.21 0.75 0.74 0.49 0.35 0.22 0.41 0.27 0.13 0.08
0.25 0.10 0.08 0.09 0.16 0.15 0.13 0.10 0.10 0.11 0.11 0.07 0.05 0.06 0.03 0.04 0.03 0.00 0.02 0.04 0.05 0.03 0.01 0.00 0.00 0.00 0.03 0.03 0.00 0.00 0.02 0.09 0.04 0.01 0.00 0.01 0.01 0.01 0.02 0.00 0.00 0.00 0.00 0.00 0.00 0.00 0.00 0.00 0.00 0.00 0.00 0.00 0.00 0.00 0.01 0.00 0.00 0.00 0.00 0.00 0.00 0.00 0.00 0.00 0.00 0.01 0.02 0.02 0.02 0.04 0.07 0.24 0.20 0.06 0.27 1.34 1.62 2.44 1.34 1.37 0.50 0.21 0.07 0.06
0.06 0.11 0.10 0.07 0.27 0.22 0.20 0.21 0.14 0.11 0.09 0.06 0.05 0.05 0.03 0.09 0.07 0.09 0.07 0.06 0.08 0.04 0.00 0.00 0.00 0.00 0.02 0.00 0.01 0.00 0.01 0.04 0.03 0.01 0.01 0.02 0.02 0.01 0.01 0.00 0.00 0.00 0.00 0.00 0.00 0.00 0.00 0.00 0.00 0.00 0.00 0.00 0.00 0.00 0.01 0.00 0.00 0.00 0.00 0.00 0.00 0.00 0.00 0.01 0.01 0.00 0.02 0.02 0.01 0.06 0.10 0.25 0.14 0.13 0.11 0.63 0.79 0.50 0.28 0.58 0.18 0.05 0.06 0.13
0.12 0.12 0.10 0.33 0.25 0.23 0.28 0.22 0.17 0.12 0.09 0.07 0.08 0.08 0.09 0.15 0.12 0.09 0.08 0.09 0.07 0.03 0.02 0.01 0.00 0.00 0.00 0.01 0.00 0.00 0.02 0.09 0.00 0.03 0.01 0.01 0.03 0.03 0.02 0.00 0.00 0.00 0.00 0.00 0.00 0.00 0.00 0.00 0.00 0.00 0.00 0.00 0.00 -999 0.00 0.00 0.00 0.00 0.00 0.00 0.00 0.00 0.03 0.02 0.02 0.02 0.01 0.02 0.02 0.06 0.11 0.20 0.30 0.05 0.02 0.25 0.21 0.26 0.21 0.30 0.16 0.06 0.10 0.18
0.12 0.15 0.23 0.29 0.19 0.30 0.31 0.20 0.17 0.15 0.11 0.08 0.09 0.10 0.09 0.16 0.19 0.11 0.11 0.09 0.04 0.03 0.04 0.04 0.03 0.02 0.01 0.01 0.00 0.01 0.02 0.01 0.00 0.04 0.01 0.04 0.11 0.04 0.01 0.00 0.00 0.00 0.00 0.00 0.00 0.00 0.00 0.00 0.00 0.00 0.00 0.00 0.00 0.00 -999 0.01 0.00 0.00 0.00 0.00 0.00 0.01 0.01 0.02 0.02 0.02 0.02 0.03 0.06 0.11 0.15 0.17 0.12 0.04 0.03 0.12 0.12 0.08 0.08 0.17 0.16 0.06 0.17 0.29
0.18 0.25 0.43 0.72 0.24 0.86 0.30 0.24 0.18 0.16 0.09 0.12 0.18 0.14 0.14 0.15 0.18 0.09 0.07 0.07 0.04 0.06 0.08 0.08 0.02 0.03 0.02 0.00 0.01 0.01 0.02 0.00 0.00 0.00 0.01 0.02 0.05 0.01 0.01 0.01 0.01 0.01 0.01 0.00 0.00 0.00 0.00 0.00 0.00 0.00 0.00 0.00 0.00 0.00 0.00 -999 0.00 0.00 0.00 0.00 0.00 0.00 0.02 0.02 0.02 0.00 0.04 0.03 0.08 0.05 0.02 0.02 0.08 0.03 0.04 0.04 0.05 0.04 0.09 0.11 0.06 0.09 0.20 0.21
0.19 0.24 0.46 0.42 0.38 0.55 0.29 0.26 0.19 0.19 0.15 0.09 0.16 0.15 0.14 0.17 0.13 0.07 0.11 0.12 0.06 0.07 0.08 0.12 0.03 0.03 0.05 0.03 0.00 0.00 0.01 0.00 0.00 0.00 0.01 0.01 0.00 0.01 0.00 0.00 0.02 0.02 0.00 0.00 0.00 0.00 0.00 0.00 0.00 0.00 0.00 0.00 0.00 0.00 0.00 -999 -999 0.02 0.01 0.01 0.00 0.01 0.01 0.01 0.00 0.01 0.04 0.05 0.03 0.04 0.06 0.08 0.08 0.04 0.07 0.07 0.05 0.09 0.05 0.06 0.08 0.05 0.06 0.04
0.26 0.32 0.46 0.66 0.55 0.26 0.12 0.11 0.09 0.14 0.20 0.18 0.19 0.12 0.09 0.09 0.07 0.07 0.21 0.14 0.15 0.20 0.15 0.16 0.12 0.02 0.03 0.05 0.03 0.00 0.01 0.01 0.03 0.03 0.01 0.00 0.00 0.00 0.00 0.01 0.02 0.02 0.00 0.00 0.00 0.00 0.00 0.00 0.00 0.00 0.00 0.00 0.00 0.00 0.00 0.00 -999 -999 0.01 0.00 0.00 0.00 0.01 0.01 0.01 0.02 0.03 0.05 0.09 0.11 0.14 0.11 0.03 0.05 0.09 0.02 0.03 0.03 0.02 0.07 0.03 0.05 0.06 0.04
0.17 0.21 0.31 0.44 0.39 0.17 0.20 0.21 0.11 0.18 0.12 0.18 0.25 0.18 0.13 0.12 0.12 0.06 0.10 0.24 0.23 0.10 0.09 0.13 0.12 0.05 0.06 0.06 0.03 0.07 0.03 0.02 0.00 0.00 0.00 0.00 0.00 0.00 0.00 0.01 0.02 0.01 0.00 0.00 0.00 0.00 0.00 0.00 0.00 0.00 0.00 0.00 0.00 0.00 0.00 0.00 0.00 -999 -999 0.00 0.00 0.00 0.00 0.02 0.01 0.06 0.05 0.04 0.14 0.22 0.06 0.06 0.05 0.04 0.04 0.04 0.02 0.06 0.08 0.06 0.09 0.05 0.09 0.06
0.23 0.34 0.46 0.33 0.29 0.30 0.32 0.35 0.14 0.30 0.25 0.26 0.23 0.07 0.11 0.11 0.09 0.10 0.06 0.09 0.14 0.14 0.15 0.12 0.11 0.07 0.07 0.05 0.04 0.17 0.09 0.04 0.03 0.02 0.00 0.00 0.00 0.00 0.00 0.00 0.01 0.00 0.00 0.00 0.00 0.00 0.00 0.00 0.00 0.00 0.00 0.00 0.00 0.00 0.00 0.00 0.00 0.00 -999 -999 0.00 0.00 0.00 0.01 0.03 0.03 0.01 0.06 0.00 0.07 0.03 0.04 0.03 0.05 0.05 0.05 0.11 0.09 0.06 0.05 0.08 0.09 0.06 0.10
0.22 0.31 0.37 0.30 0.27 0.38 0.37 0.37 0.37 0.40 0.36 0.23 0.11 0.13 0.11 0.05 0.17 0.15 0.10 0.12 0.17 0.18 0.19 0.14 0.13 0.07 0.08 0.08 0.11 0.07 0.12 0.08 0.12 0.04 0.01 0.00 0.00 0.00 0.00 0.00 0.00 0.00 0.00 0.00 0.00 0.00 0.00 0.00 0.00 0.00 0.00 0.00 0.00 0.00 0.00 0.00 0.00 0.00 -999 -999 -999 0.02 0.00 0.02 0.02 0.00 0.02 0.03 0.11 0.12 0.13 0.06 0.04 0.10 0.13 0.14 0.01 0.12 0.20 0.06 0.13 0.16 0.15 0.12
0.17 0.26 0.38 0.29 0.23 0.36 0.33 0.45 0.50 0.22 0.18 0.26 0.16 0.20 0.20 0.22 0.21 0.19 0.18 0.23 0.24 0.18 0.11 0.16 0.20 0.06 0.09 0.09 0.11 0.03 0.11 0.06 0.11 0.08 0.01 0.00 0.01 0.00 0.00 0.00 0.00 0.00 0.00 0.00 0.00 0.00 0.00 0.00 0.00 0.00 0.00 0.00 0.00 0.00 0.00 0.00 0.00 0.00 0.00 -999 -999 -999 0.01 0.00 0.01 0.01 0.02 0.10 0.15 0.12 0.10 0.07 0.13 0.20 0.03 0.15 0.05 0.09 0.12 0.12 0.16 0.27 0.10 0.12
0.17 0.21 0.30 0.24 0.24 0.29 0.25 0.25 0.26 0.16 0.23 0.57 0.26 0.26 0.24 0.36 0.49 0.29 0.27 0.24 0.16 0.20 0.10 0.10 0.08 0.06 0.09 0.10 0.08 0.05 0.10 0.09 0.07 0.02 0.04 0.05 0.04 0.01 0.01 0.00 0.00 0.00 0.00 0.00 0.00 0.00 0.00 0.00 0.00 0.00 0.00 0.00 0.00 0.02 0.00 0.00 0.00 0.00 0.00 0.00 -999 -999 -999 0.01 0.01 0.05 0.03 0.11 0.02 0.09 0.08 0.13 0.16 0.23 0.16 0.08 0.07 0.11 0.09 0.22 0.33 0.31 0.16 0.10
0.18 0.24 0.25 0.38 0.65 0.44 0.17 0.22 0.44 0.33 0.40 0.30 0.22 0.37 0.29 0.28 0.39 0.37 0.26 0.16 0.15 0.10 0.09 0.11 0.16 0.08 0.11 0.05 0.12 0.08 0.05 0.03 0.13 0.07 0.07 0.03 0.03 0.03 0.02 0.00 0.00 0.00 0.00 0.00 0.00 0.00 0.00 0.00 0.00 0.00 0.00 0.00 0.00 0.00 0.00 0.01 0.00 0.00 0.00 0.04 -999 -999 -999 -999 0.07 0.07 0.10 0.07 0.04 0.09 0.11 0.16 0.16 0.20 0.14 0.10 0.18 0.16 0.24 0.31 0.20 0.15 0.09 0.17
0.44 1.17 0.84 0.51 0.52 0.25 0.45 1.18 0.35 0.33 0.28 0.25 0.22 0.17 0.20 0.38 0.35 0.27 0.23 0.20 0.25 0.15 0.20 0.21 0.19 0.16 0.13 0.09 0.13 0.08 0.08 0.14 0.12 0.17 0.06 0.07 0.03 0.10 0.06 0.01 0.00 0.00 0.00 0.00 0.00 0.00 0.00 0.03 0.00 0.00 0.00 0.00 0.00 0.02 0.01 0.01 0.00 0.01 0.00 0.03 0.00 -999 -999 -999 -999 0.18 0.12 0.00 0.03 0.08 0.12 0.22 0.16 0.20 0.10 0.13 0.15 0.25 0.38 0.20 0.06 0.06 0.10 0.30
0.62 0.37 0.35 0.59 0.65 0.78 0.26 0.52 0.37 0.41 0.37 0.21 0.32 0.45 0.37 0.15 0.18 0.12 0.12 0.22 0.23 0.21 0.28 0.28 0.19 0.20 0.14 0.12 0.14 0.10 0.13 0.11 0.21 0.12 0.08 0.05 0.05 0.08 0.04 0.02 0.01 0.01 0.00 0.00 0.00 0.01 0.03 0.05 0.02 0.00 0.00 0.00 0.00 0.01 0.07 0.00 0.00 0.02 0.00 0.00 0.00 0.00 -999 -999 -999 -999 0.10 0.03 0.06 0.05 0.15 0.07 0.07 0.12 0.12 0.07 0.11 0.12 0.35 0.18 0.08 0.07 0.10 0.28
0.50 0.51 0.36 0.32 0.19 0.32 0.26 0.32 0.24 0.44 0.42 0.47 0.43 0.46 0.24 0.19 0.13 0.13 0.23 0.30 0.33 0.53 0.45 0.21 0.16 0.26 0.14 0.15 0.17 0.12 0.07 0.06 0.16 0.14 0.06 0.06 0.11 0.06 0.14 0.07 0.05 0.03 0.01 0.01 0.00 0.01 0.00 0.00 0.00 0.01 0.02 0.03 0.00 0.00 0.01 0.01 0.02 0.02 0.01 0.00 0.00 0.00 -999 -999 -999 -999 -999 0.09 0.12 0.12 0.18 0.16 0.10 0.13 0.20 0.21 0.16 0.14 0.15 0.21 0.20 0.13 0.19 0.14
0.53 0.39 0.26 0.32 0.25 0.27 0.26 0.30 0.42 0.40 0.27 0.41 0.24 0.28 0.28 0.23 0.20 0.27 0.19 0.35 0.63 0.63 0.32 0.11 0.18 0.14 0.14 0.25 0.17 0.12 0.09 0.09 0.18 0.15 0.14 0.14 0.14 0.12 0.16 0.15 0.13 0.12 0.09 0.03 0.01 0.03 0.02 0.00 0.00 0.01 0.04 0.04 0.02 0.02 0.02 0.02 0.03 0.04 0.02 0.00 0.01 0.03 0.09 -999 -999 -999 -999 -999 0.15 0.15 0.16 0.05 0.06 0.09 0.10 0.05 0.27 0.09 0.14 0.27 0.21 0.21 0.13 0.08
0.53 0.51 0.33 0.22 0.30 0.32 0.35 0.43 0.53 0.42 0.32 0.36 0.28 0.26 0.33 0.24 0.27 0.35 0.54 0.40 0.37 0.19 0.25 0.21 0.18 0.14 0.24 0.46 0.28 0.12 0.07 0.13 0.16 0.24 0.31 0.06 0.20 0.14 0.15 0.23 0.29 0.21 0.20 0.00 0.03 0.03 0.02 0.01 0.01 0.05 0.10 0.00 0.04 0.04 0.06 0.10 0.04 0.02 0.00 0.01 0.01 0.04 0.06 0.00 -999 -999 -999 -999 -999 0.19 0.14 0.10 0.12 0.15 0.10 0.06 0.17 0.11 0.16 0.26 0.11 0.20 0.19 0.14
0.60 0.43 0.40 0.40 0.61 0.49 0.60 0.67 0.45 0.42 0.25 0.22 0.32 0.29 0.38 0.54 0.39 0.44 0.45 0.33 0.34 0.25 0.21 0.26 0.14 0.22 0.39 0.44 0.21 0.16 0.16 0.23 0.36 0.36 0.23 0.22 0.18 0.20 0.22 0.23 0.05 0.03 0.23 0.04 0.06 0.04 0.04 0.04 0.05 0.01 0.01 0.01 0.00 0.03 0.06 0.10 0.02 0.03 0.03 0.04 0.06 0.10 0.06 0.07 -999 -999 -999 -999 -999 -999 0.11 0.10 0.17 0.25 0.30 0.15 0.17 0.11 0.17 0.20 0.28 0.22 0.33 0.20
0.58 0.57 0.62 0.88 0.89 0.76 0.75 0.82 0.54 0.24 0.23 0.34 0.35 0.37 0.62 0.66 0.41 0.42 0.38 0.31 0.17 0.17 0.22 0.18 0.22 0.23 0.41 0.25 0.15 0.19 0.22 0.17 0.20 0.18 0.16 0.12 0.16 0.12 0.10 0.27 0.17 0.15 0.05 0.07 0.13 0.09 0.10 0.07 0.09 0.01 0.03 0.01 0.01 0.02 0.00 0.15 0.05 0.10 0.08 0.07 0.12 0.17 0.06 0.05 0.05 -999 -999 -999 -999 -999 -999 0.15 0.15 0.09 0.09 0.08 0.12 0.19 0.10 0.16 0.19 0.20 0.22 0.16
