24h( un jeu de donné)/PH_20111105040000.asc
NCOLS 95
NROWS 110
XLLCENTER 939500
YLLCENTER 1831500
CELLSIZE 1000
NODATA_VALUE -999
[rows 0 to 36 of 110, columns 0 to 83 of 95]
0.93 1.05 0.91 0.95 1.00 1.19 1.19 0.95 0.95 1.03 0.96 0.91 0.72 0.51 0.74 0.73 0.72 0.69 0.85 0.78 0.68 0.72 1.00 1.19 1.09 0.92 0.99 0.92 0.83 0.91 0.73 0.84 0.96 1.06 1.20 1.39 1.32 1.16 1.19 1.17 1.25 1.19 1.09 0.73 0.95 0.86 0.95 1.05 1.05 0.95 0.98 0.83 0.77 0.69 0.52 0.43 0.53 0.62 0.68 0.69 0.67 0.80 0.78 0.51 0.53 0.41 0.40 0.40 0.46 0.44 0.52 0.59 0.47 0.45 0.38 0.42 0.37 0.36 0.37 0.27 0.15 0.07 0.01 0.01
0.97 0.92 1.08 1.04 0.94 1.21 1.13 0.94 0.89 0.88 1.01 0.92 0.75 0.50 0.38 0.52 0.51 0.65 0.68 0.80 0.71 0.76 0.80 0.79 0.83 0.84 0.95 1.03 0.71 0.70 0.70 0.82 0.90 1.03 1.13 1.19 1.07 1.35 1.30 1.34 1.33 1.14 1.05 0.86 0.94 0.97 0.93 0.99 0.98 0.96 1.05 0.85 0.80 0.64 0.56 0.53 0.53 0.66 0.69 0.50 0.59 0.76 0.72 0.49 0.47 0.45 0.46 0.36 0.44 0.49 0.51 0.53 0.54 0.54 0.41 0.40 0.38 0.40 0.38 0.33 0.19 0.11 0.11 0.09
1.17 1.07 0.97 1.09 0.90 1.02 1.06 0.91 0.86 0.97 0.96 0.88 0.79 0.69 0.64 0.15 0.71 0.80 0.78 0.75 0.64 0.99 0.96 0.95 0.69 0.73 1.07 0.96 0.90 0.77 0.84 0.86 0.91 1.14 1.10 1.30 1.30 1.46 1.37 1.17 0.96 1.06 0.89 0.36 0.96 0.89 0.90 1.01 0.93 0.96 1.00 0.85 0.78 0.62 0.59 0.66 0.58 0.56 0.37 0.59 0.47 0.75 0.63 0.70 0.45 0.48 0.46 0.37 0.51 0.61 0.57 0.60 0.49 0.50 0.51 0.56 0.52 0.48 0.43 0.30 0.20 0.11 0.19 0.15
0.99 1.20 1.25 1.08 1.10 0.86 1.08 0.88 0.97 1.05 1.03 0.80 0.94 0.91 0.57 0.47 0.52 0.66 0.81 0.96 0.96 0.93 0.94 0.83 0.62 0.73 0.95 0.90 1.03 0.97 0.81 0.99 1.01 1.17 1.17 1.35 1.31 1.33 1.25 0.87 1.16 1.03 0.91 0.97 1.04 0.98 0.96 1.00 1.01 0.88 1.01 0.89 0.77 0.69 0.70 0.70 0.63 0.44 0.51 0.71 0.77 0.67 0.80 0.64 0.48 0.59 0.45 0.65 0.64 0.65 0.61 0.58 0.49 0.48 0.45 0.40 0.43 0.47 0.40 0.27 0.21 0.20 0.10 0.18
0.72 1.04 1.30 1.27 1.16 1.05 1.05 1.04 1.08 1.08 1.00 1.12 1.02 0.87 0.86 0.79 0.70 0.61 0.74 0.62 0.66 0.76 0.98 0.86 0.77 0.99 1.11 1.08 1.13 0.98 0.93 0.89 1.02 1.13 1.15 1.28 1.27 1.27 1.12 1.21 1.02 1.20 1.03 0.73 0.37 1.07 1.01 0.94 0.98 0.92 1.06 0.88 0.83 0.65 0.66 0.78 0.88 0.57 0.63 0.82 0.66 0.62 0.63 0.57 0.53 0.69 0.68 0.68 0.77 0.72 0.64 0.61 0.57 0.56 0.45 0.39 0.30 0.44 0.37 0.29 0.24 0.26 0.14 0.11
1.02 0.87 0.93 1.24 1.16 1.19 1.11 1.07 1.24 1.06 1.17 1.16 1.11 1.00 0.85 0.90 0.78 0.50 0.88 0.75 0.83 0.98 0.84 0.83 0.79 1.07 0.66 1.02 1.14 1.00 1.01 0.96 1.01 1.02 1.24 1.18 1.26 1.07 0.96 1.37 0.89 0.97 0.97 0.39 0.63 0.96 0.90 0.96 0.98 0.86 0.94 0.80 0.71 0.61 0.63 0.65 0.81 0.83 0.95 1.00 0.89 0.41 0.79 0.56 0.56 0.60 0.65 0.62 0.73 0.73 0.72 0.63 0.60 0.60 0.58 0.43 0.37 0.39 0.36 0.31 0.32 0.29 0.23 0.15
0.78 0.78 0.76 1.03 1.19 1.33 1.25 1.32 1.45 1.28 0.95 1.08 1.00 1.01 0.95 0.84 0.70 0.70 0.70 0.83 0.64 0.79 0.78 0.95 0.98 1.21 0.43 0.40 1.04 1.03 0.98 1.00 1.05 1.00 1.18 0.80 1.04 1.05 1.60 1.05 0.91 0.91 0.99 0.78 0.72 0.90 0.88 0.96 0.97 0.83 0.84 0.76 0.71 0.63 0.72 0.73 0.69 0.81 0.80 0.57 0.69 0.52 0.77 0.61 0.57 0.57 0.66 0.63 0.68 0.68 0.69 0.72 0.69 0.60 0.60 0.49 0.49 0.41 0.38 0.40 0.41 0.39 0.26 0.21
0.96 0.74 0.74 0.99 1.26 1.26 1.22 1.11 1.04 1.22 0.97 1.00 0.87 0.95 0.87 0.80 0.82 0.55 0.73 0.57 0.88 0.90 0.72 0.83 0.93 0.94 0.34 0.37 0.90 1.12 1.08 0.92 1.21 0.98 1.12 0.97 1.34 1.14 1.29 1.12 1.16 0.90 1.14 1.15 1.02 0.94 0.88 0.88 0.87 0.76 0.94 0.79 0.71 0.64 0.66 0.85 0.83 0.83 0.75 0.65 0.59 0.85 0.67 0.66 0.62 0.52 0.57 0.59 0.60 0.73 0.71 0.74 0.72 0.69 0.54 0.48 0.45 0.48 0.41 0.52 0.47 0.41 0.33 0.26
0.72 1.08 0.79 1.20 0.96 1.29 1.32 1.23 0.92 0.98 1.12 0.91 0.85 0.84 0.87 0.79 0.81 0.75 0.94 0.91 1.01 1.07 0.79 0.74 0.86 0.82 0.62 0.43 0.96 1.57 1.16 1.01 1.19 1.16 1.22 1.30 1.27 1.26 1.65 1.50 1.27 0.90 1.03 1.11 0.97 0.95 0.94 0.94 0.79 0.79 0.99 0.91 0.82 0.66 0.78 0.91 0.91 0.97 0.95 0.88 0.75 0.80 0.67 0.67 0.59 0.54 0.53 0.55 0.51 0.71 0.78 0.72 0.69 0.66 0.48 0.45 0.41 0.47 0.51 0.49 0.50 0.38 0.31 0.25
0.53 0.72 0.70 1.06 0.89 0.85 1.02 0.94 0.93 0.88 1.08 1.05 0.94 0.87 0.93 0.95 0.89 0.74 0.94 1.05 1.03 0.72 0.33 0.59 0.87 0.90 0.73 0.41 0.62 0.69 1.20 1.01 0.95 1.32 1.19 1.55 1.56 1.37 1.65 1.51 1.23 0.66 1.18 1.00 0.94 0.95 0.97 0.97 0.88 0.89 1.09 0.86 0.75 0.67 0.71 0.80 0.78 0.78 0.73 0.94 0.72 0.74 0.63 0.69 0.71 0.64 0.64 0.61 0.63 0.74 0.76 0.69 0.76 0.65 0.55 0.48 0.30 0.56 0.49 0.50 0.54 0.48 0.33 0.28
0.41 0.65 0.90 0.74 0.74 0.94 0.75 1.02 1.18 1.06 1.04 0.86 1.12 1.07 0.86 0.93 0.78 0.76 0.84 1.00 1.01 0.98 0.71 0.60 0.67 0.80 0.73 0.49 0.54 0.72 1.25 0.88 1.06 1.75 1.40 1.55 1.56 1.91 1.63 1.68 1.47 0.79 0.98 0.93 0.95 0.98 0.94 0.95 0.89 0.96 1.09 0.93 0.74 0.68 0.68 0.72 0.78 0.65 0.72 0.99 0.74 0.68 0.60 0.65 0.64 0.61 0.73 0.76 0.64 0.71 0.68 0.70 0.78 0.72 0.58 0.35 0.38 0.36 0.48 0.51 0.51 0.48 0.40 0.27
0.54 0.57 0.60 0.83 0.71 0.86 0.81 1.07 0.90 0.90 0.87 0.87 0.99 1.19 0.99 0.88 0.81 0.68 0.76 0.72 0.93 0.63 0.64 0.69 0.56 0.84 0.77 0.99 0.78 0.75 1.26 0.77 0.86 0.86 0.94 1.15 1.55 1.31 1.55 1.76 1.35 1.39 0.91 0.98 0.63 0.89 0.84 0.77 0.87 0.92 0.94 0.82 0.70 0.67 0.69 0.76 0.68 0.86 0.68 0.96 0.78 0.67 0.62 0.67 0.66 0.57 0.60 0.69 0.62 0.60 0.61 0.72 0.85 0.70 0.57 0.41 0.44 0.39 0.35 0.46 0.46 0.55 0.43 0.27
0.81 0.51 0.52 0.71 0.88 0.96 1.01 0.97 0.82 1.23 1.38 1.07 1.43 1.07 1.00 0.85 0.82 0.71 0.73 0.93 0.83 0.72 0.74 0.53 0.68 0.69 1.03 1.10 0.67 0.40 0.37 0.83 0.93 0.93 1.14 1.32 1.52 1.48 1.65 1.99 1.58 1.54 1.08 1.01 0.61 0.83 0.89 0.87 0.90 0.95 1.02 0.90 0.63 0.66 0.76 0.90 0.97 0.80 0.97 0.83 0.88 0.66 0.68 0.70 0.61 0.67 0.69 0.52 0.64 0.60 0.74 0.81 0.87 0.72 0.44 0.50 0.45 0.39 0.40 0.56 0.62 0.62 0.56 0.27
1.16 0.98 0.44 0.44 0.82 1.06 0.99 1.04 0.38 1.43 1.74 1.20 1.25 0.89 0.89 0.91 0.84 0.76 0.79 0.94 1.02 0.95 0.95 0.78 0.73 0.71 0.72 1.20 1.23 0.61 0.45 0.97 1.05 1.03 1.22 1.36 1.26 1.63 1.61 1.78 1.95 1.55 1.24 1.04 0.77 0.99 1.02 1.06 1.04 1.02 1.05 1.01 0.74 0.71 0.74 0.86 0.86 0.56 0.87 0.98 0.81 0.64 0.66 0.68 0.74 0.67 0.63 0.44 0.53 0.66 0.88 0.93 0.72 0.44 0.54 0.52 0.48 0.38 0.50 0.54 0.64 0.68 0.44 0.36
0.65 0.95 1.07 0.56 1.05 0.59 0.96 0.69 0.53 0.87 2.23 1.68 1.38 0.45 0.18 0.28 0.86 0.76 0.66 0.88 1.13 0.91 0.95 0.94 0.46 0.48 0.58 0.78 0.81 0.79 0.25 1.03 1.12 0.96 1.05 1.17 1.53 1.66 1.94 2.30 2.19 1.58 1.08 0.95 1.29 1.21 1.16 1.21 1.20 1.08 1.16 1.08 0.84 0.79 0.79 0.87 0.87 0.93 0.94 0.99 0.84 0.73 0.76 0.74 0.69 0.71 0.57 0.54 0.57 0.70 0.96 1.08 0.67 0.55 0.53 0.48 0.36 0.39 0.47 0.54 0.60 0.69 0.54 0.34
1.11 1.08 0.95 1.12 0.39 1.16 0.86 0.48 0.43 0.42 1.05 2.17 1.96 0.40 0.20 0.47 0.41 0.70 0.68 0.83 0.86 0.55 0.86 0.86 0.57 0.68 0.41 0.67 0.72 0.94 0.61 0.79 1.20 1.05 0.99 1.12 1.33 1.47 1.46 1.53 1.56 1.29 1.02 1.22 1.34 1.49 1.39 1.26 1.12 0.89 1.11 1.04 0.78 0.83 1.01 0.89 0.69 0.91 0.80 0.91 0.81 0.67 0.65 0.78 0.66 0.71 0.60 0.65 0.56 0.55 0.79 0.81 0.55 0.64 0.56 0.54 0.39 0.35 0.48 0.62 0.59 0.56 0.48 0.40
0.52 1.71 2.02 0.63 1.27 0.41 1.47 0.72 0.69 0.75 1.57 2.29 1.59 1.19 0.28 0.30 0.36 0.69 1.04 0.83 0.72 0.78 0.96 0.74 0.68 0.60 0.46 0.60 0.76 0.86 0.52 0.25 0.26 0.96 0.82 0.95 1.13 1.25 1.21 1.06 1.23 1.18 0.85 1.29 1.29 1.37 1.29 1.16 0.99 0.95 1.02 0.95 0.78 0.68 0.50 0.80 0.65 0.78 0.64 0.79 0.79 0.61 0.57 0.69 0.83 0.70 0.68 0.66 0.59 0.51 0.50 0.43 0.54 0.65 0.59 0.58 0.48 0.41 0.45 0.60 0.52 0.53 0.47 0.42
0.49 0.65 2.74 3.80 0.65 2.03 0.89 2.33 1.11 1.21 1.89 2.05 2.08 0.56 0.26 0.42 0.77 0.71 0.79 0.86 0.84 0.83 0.93 0.85 0.69 0.73 0.57 0.46 0.70 0.85 1.28 1.10 0.47 0.72 0.79 0.90 1.38 1.35 1.05 0.96 1.04 1.08 1.22 1.19 1.18 1.45 1.06 0.88 0.94 1.12 1.14 1.04 0.76 0.62 0.75 0.87 0.87 0.94 0.83 0.83 0.86 0.77 0.65 0.90 0.79 0.70 0.68 0.67 0.63 0.54 0.52 0.39 0.48 0.63 0.61 0.56 0.49 0.48 0.41 0.43 0.43 0.47 0.45 0.45
1.08 0.69 0.52 1.16 4.34 0.60 2.86 0.92 2.04 1.70 1.75 2.14 1.96 0.57 0.28 1.43 1.35 0.76 1.00 0.72 0.77 0.79 0.89 0.69 0.94 0.80 0.53 0.87 0.84 1.08 1.44 0.45 0.17 0.71 0.82 0.29 1.23 1.34 1.06 1.04 0.86 1.06 1.32 0.97 1.22 1.00 0.90 0.79 1.05 1.27 1.32 1.16 0.74 0.77 0.94 0.92 0.85 0.76 0.97 1.05 1.07 0.82 0.78 0.88 0.83 0.66 0.78 0.81 0.67 0.58 0.50 0.66 0.68 0.69 0.63 0.71 0.57 0.49 0.39 0.36 0.47 0.50 0.50 0.43
0.78 0.50 0.62 0.65 0.85 5.32 2.22 1.17 1.93 1.59 1.75 1.83 2.23 0.47 1.04 1.19 1.18 0.77 0.70 0.53 0.54 0.65 0.90 0.76 1.05 1.29 0.74 0.81 0.70 1.12 1.28 1.74 1.16 0.60 1.90 0.84 0.53 0.48 1.07 1.10 1.12 1.22 1.50 0.79 1.19 0.85 0.86 0.88 1.14 1.77 1.79 1.53 0.90 0.87 1.05 0.97 1.11 1.31 1.15 1.10 1.53 1.10 0.94 0.94 0.83 0.70 0.80 0.85 0.66 0.57 0.78 1.09 0.99 0.97 0.83 0.81 0.62 0.49 0.38 0.31 0.46 0.60 0.55 0.48
0.37 0.37 0.63 0.67 0.34 1.03 5.01 4.90 2.89 1.80 2.48 2.32 1.99 0.78 0.76 1.10 0.88 1.07 0.89 0.63 0.58 0.31 0.64 0.85 1.05 1.34 1.55 0.50 0.67 0.68 1.44 1.74 0.78 1.43 1.79 1.34 0.53 0.62 0.76 1.27 1.41 1.69 1.41 0.83 0.84 0.96 1.17 1.34 1.56 2.36 1.52 1.54 1.25 1.34 1.15 0.77 1.47 1.40 1.34 1.50 1.49 1.32 1.09 1.07 0.98 0.83 1.03 0.88 0.70 0.66 0.93 1.22 1.18 1.21 1.10 0.80 0.59 0.36 0.36 0.39 0.37 0.43 0.45 0.49
0.34 0.27 0.50 0.56 0.50 0.97 1.78 4.12 15.91 3.14 2.28 2.07 2.51 1.55 0.47 0.44 0.58 0.52 0.52 0.77 0.55 0.24 0.28 0.63 1.50 1.05 1.27 0.97 0.59 0.51 1.05 1.45 3.42 1.79 1.17 1.47 0.76 0.28 0.35 1.26 1.40 0.93 0.92 0.77 0.78 1.35 1.73 1.93 1.94 1.90 1.64 1.53 1.43 2.26 1.10 1.06 1.48 1.18 0.58 0.84 1.40 1.56 1.20 0.94 0.94 1.01 1.09 0.93 0.82 0.67 0.78 0.90 0.95 1.52 1.35 0.83 0.45 0.34 0.40 0.44 0.45 0.48 0.50 0.56
0.26 0.19 0.26 0.38 0.54 0.58 0.22 1.29 5.63 12.44 6.19 2.08 2.53 7.72 1.86 0.50 0.42 0.46 1.01 0.99 1.43 1.09 0.56 0.31 0.74 0.86 0.54 2.32 0.92 0.74 0.90 1.66 2.23 0.61 1.17 1.83 0.88 0.43 0.34 0.44 0.88 0.90 0.93 1.00 0.97 1.57 1.49 2.10 1.70 1.67 1.71 1.26 1.34 1.21 0.91 1.47 1.47 0.70 1.06 0.81 1.25 1.43 1.18 0.96 1.13 1.37 1.08 1.10 1.00 0.72 0.70 0.72 1.00 1.66 1.35 0.73 0.51 0.39 0.40 0.40 0.38 0.40 0.51 0.53
0.24 0.19 0.27 0.44 0.59 0.59 0.38 0.57 1.24 2.42 4.65 10.98 5.94 7.08 7.48 3.01 0.58 0.79 0.86 0.73 1.09 0.55 1.37 0.38 0.24 0.56 0.48 0.81 0.82 0.86 0.99 0.94 1.51 1.45 1.37 1.16 0.81 0.89 0.82 1.20 0.71 0.82 1.16 0.92 0.81 1.49 1.47 1.49 1.07 1.20 1.55 1.50 1.49 1.15 0.92 1.22 1.65 1.68 1.31 1.14 1.16 1.08 1.16 1.07 1.50 1.37 1.40 1.20 1.24 0.95 0.79 0.81 1.17 1.28 0.84 0.76 0.54 0.49 0.51 0.45 0.40 0.32 0.42 0.40
0.27 0.40 0.48 0.60 1.19 0.84 0.48 0.44 2.61 2.74 2.66 2.48 12.66 5.92 6.57 5.06 2.41 1.54 0.71 0.67 0.54 0.78 0.69 0.81 0.13 0.42 0.57 0.84 0.62 0.86 1.21 1.33 1.76 1.87 0.99 1.32 1.27 1.76 1.54 1.31 0.92 0.48 0.56 0.90 0.92 1.09 1.54 1.35 0.97 0.95 1.45 1.42 1.59 1.36 1.25 1.37 1.75 1.94 1.56 1.35 1.30 1.34 1.30 1.51 1.93 1.84 1.60 1.56 1.60 1.31 1.14 1.13 1.09 1.39 1.15 0.77 0.66 0.53 0.47 0.48 0.49 0.38 0.33 0.61
0.45 0.37 0.24 0.40 0.63 0.60 1.56 0.89 2.57 2.21 2.62 3.26 2.58 10.64 7.79 2.64 4.41 3.62 1.03 0.30 0.30 0.63 0.54 0.44 0.47 0.58 0.37 1.82 0.99 1.32 0.97 1.08 1.67 2.09 2.07 2.10 1.86 1.59 1.49 1.31 0.99 0.78 0.71 1.17 1.21 0.52 1.16 1.10 0.98 1.05 2.08 2.50 2.53 1.47 0.75 1.59 1.28 1.53 1.66 1.06 1.60 1.82 1.16 1.11 2.11 1.32 2.02 1.71 1.72 1.30 1.68 2.11 1.86 1.55 1.11 0.89 0.70 0.54 0.46 0.48 0.45 0.45 0.70 0.72
0.43 0.39 0.21 0.43 0.46 0.86 0.95 1.57 2.10 1.68 1.99 3.29 2.78 1.92 8.03 3.82 2.22 4.00 1.97 1.07 0.46 0.42 0.54 1.02 0.49 0.70 0.80 1.00 1.41 1.18 0.93 1.10 1.60 1.71 1.60 2.04 2.41 1.39 1.24 1.09 1.08 1.18 1.42 0.70 0.42 0.22 0.75 1.00 1.21 1.65 2.89 3.51 2.97 1.70 1.92 1.11 0.38 1.60 1.74 1.43 1.41 2.16 1.89 1.33 1.66 1.57 1.62 2.04 1.76 1.93 1.61 1.69 1.45 1.28 1.23 0.96 0.73 0.46 0.36 0.42 0.45 0.44 0.65 0.78
0.46 0.34 0.59 0.53 0.32 1.07 1.17 1.27 1.29 2.23 2.14 2.07 3.41 2.16 5.73 5.62 3.78 3.06 1.64 1.34 0.69 0.27 0.39 1.10 1.19 0.77 0.68 1.03 1.54 1.30 0.45 0.78 0.81 1.27 1.51 1.57 2.41 2.25 1.28 1.43 1.10 1.40 1.33 1.04 0.90 0.23 0.66 0.96 1.69 2.41 2.55 1.94 2.65 2.00 2.02 0.34 0.33 0.35 0.56 0.94 1.20 1.41 1.44 1.21 1.38 1.76 1.62 1.80 1.66 1.79 1.40 1.51 1.16 1.38 1.37 1.04 0.82 0.27 0.53 0.51 0.58 0.58 0.65 0.91
0.22 0.15 0.35 0.42 0.60 0.59 1.07 1.93 4.29 1.37 3.04 3.91 2.90 5.45 9.29 5.34 3.18 2.58 1.60 1.06 1.20 0.53 0.37 0.49 1.14 0.73 1.04 1.08 1.70 1.42 1.18 0.97 1.16 0.99 1.37 1.47 1.73 2.22 1.38 1.34 1.30 1.35 1.22 1.19 0.58 0.63 0.72 1.10 1.71 2.13 0.59 0.39 1.42 1.21 1.61 0.52 0.47 0.52 0.97 0.89 1.21 1.21 1.04 1.46 1.57 1.68 1.61 1.63 1.64 1.74 1.46 1.32 1.23 1.97 1.78 1.27 0.83 0.60 0.58 0.78 0.46 0.49 0.57 0.61
0.20 0.23 0.39 0.42 0.09 0.41 1.25 1.20 4.00 4.66 3.28 3.66 8.64 3.38 2.44 6.30 3.41 2.18 1.54 0.84 0.73 0.58 0.82 1.12 1.68 1.62 1.53 1.06 1.04 1.53 1.27 1.19 0.82 1.51 1.34 1.97 1.64 1.48 1.81 1.49 1.62 0.90 0.57 1.17 0.42 0.40 0.43 1.49 1.26 2.09 0.85 0.69 1.10 0.86 1.36 0.69 0.46 0.71 1.35 1.61 0.84 0.49 1.06 1.49 1.13 1.16 1.53 1.50 2.04 1.98 2.04 1.93 1.19 2.02 1.15 1.43 1.13 1.14 0.92 0.72 0.61 0.62 0.56 0.52
0.29 0.90 1.79 1.19 0.40 0.85 0.63 0.51 2.02 1.34 5.29 8.84 3.63 2.80 2.92 4.38 2.72 2.74 2.15 0.96 0.94 0.84 2.93 3.23 1.47 0.84 1.16 1.80 0.61 0.43 0.66 1.41 0.68 1.45 1.38 2.25 1.64 1.37 1.80 2.43 1.63 1.16 0.30 0.56 0.39 0.32 0.56 1.05 1.26 1.06 1.39 1.53 1.07 1.50 1.49 0.79 0.51 0.19 1.41 0.92 0.84 1.49 1.21 1.37 1.25 1.49 2.31 2.24 2.30 1.88 1.86 2.56 1.71 1.85 1.43 1.63 1.48 0.97 0.73 0.62 0.34 0.25 0.46 0.63
0.28 0.84 1.02 2.48 2.28 3.22 1.25 1.18 0.90 1.62 2.52 3.63 4.05 3.66 2.87 3.90 2.06 2.13 1.61 0.83 1.11 0.67 1.12 2.36 2.36 0.47 0.64 2.04 1.44 0.70 0.87 0.87 0.84 0.57 1.90 2.97 1.82 1.43 1.77 2.45 1.98 1.15 0.72 0.57 0.48 0.32 0.30 0.39 1.34 1.20 2.22 2.61 2.70 1.77 1.32 1.08 0.32 0.27 1.97 1.85 1.97 1.63 1.77 1.33 1.53 2.03 2.39 1.97 2.07 3.11 2.35 2.42 2.55 2.07 1.75 1.67 1.26 0.87 0.17 0.11 0.06 0.30 0.43 0.76
0.16 0.14 1.96 1.13 2.45 5.32 6.82 3.09 1.70 1.41 1.60 2.44 2.27 3.95 3.73 2.89 2.93 2.14 1.51 1.13 0.89 0.64 0.65 0.37 1.05 0.52 0.48 1.11 1.64 2.23 1.50 1.20 1.48 1.04 1.38 2.82 1.43 1.45 1.91 2.48 1.34 1.30 0.81 0.61 0.34 0.26 0.50 0.56 0.88 0.58 1.08 1.45 1.32 2.69 1.63 0.99 0.54 0.84 1.12 1.89 2.01 1.83 1.85 0.90 0.88 1.49 1.94 2.16 2.39 2.65 2.25 2.32 2.17 1.47 1.62 1.27 0.96 0.27 0.23 0.53 0.22 0.29 0.44 0.14
0.28 0.96 0.55 0.50 1.28 4.17 4.90 6.20 2.14 4.49 1.30 2.66 3.59 1.36 4.15 3.98 2.93 1.81 1.14 1.19 0.80 0.95 0.55 0.46 0.62 1.33 0.86 0.90 1.01 2.46 3.30 2.93 1.35 1.24 1.12 2.40 1.54 2.12 1.72 1.84 1.94 1.30 1.09 0.76 0.56 0.67 0.81 0.98 0.74 0.54 1.14 1.02 1.98 4.01 2.63 1.41 1.06 1.17 0.46 0.41 2.07 2.02 1.37 1.10 1.21 1.40 1.83 2.19 1.48 1.93 2.46 2.09 1.70 1.64 1.74 1.19 0.68 1.06 0.78 0.24 0.50 0.33 0.58 1.00
0.53 0.35 0.72 1.35 1.07 2.55 4.07 5.00 1.75 1.98 4.05 6.14 3.90 3.29 2.24 4.98 3.62 1.50 1.13 1.42 0.45 0.97 0.75 0.20 0.42 1.55 1.73 2.01 1.21 1.51 1.59 1.64 2.53 1.15 0.97 1.34 1.89 2.08 1.82 1.40 2.58 1.82 1.17 0.70 0.85 0.54 0.89 0.65 0.26 0.87 0.97 1.35 4.18 5.12 2.98 1.62 1.65 1.08 0.65 1.01 1.58 1.76 1.39 1.36 1.17 0.80 1.53 1.66 1.77 2.45 2.44 2.01 1.53 1.89 2.06 1.35 1.27 0.85 0.39 0.34 0.29 1.54 1.32 0.71
0.85 1.06 1.04 1.33 1.41 2.50 3.97 2.07 1.58 2.00 3.43 4.16 10.83 6.23 2.75 3.36 2.17 1.49 0.99 1.10 0.86 0.80 0.75 0.27 1.16 3.50 2.29 2.61 1.27 0.75 0.47 0.40 1.43 1.53 1.29 0.55 1.70 1.82 1.62 1.37 1.42 2.36 1.36 0.65 0.64 0.44 0.51 0.17 0.22 0.71 1.98 0.34 0.00 3.31 2.05 1.56 2.91 0.84 0.71 0.98 0.79 1.89 1.13 0.82 1.18 1.39 1.92 2.02 2.63 2.62 2.07 2.15 1.47 1.39 1.37 2.74 0.50 0.34 0.46 0.64 1.25 1.38 1.22 0.93
0.98 1.34 1.35 1.64 2.07 2.79 2.86 2.36 3.34 3.09 4.22 7.98 7.12 7.36 3.67 2.53 2.22 1.79 1.12 0.84 0.54 0.86 0.52 0.52 3.25 4.77 2.46 1.23 0.44 0.44 0.59 0.57 0.86 2.00 0.32 0.22 1.42 2.45 2.02 1.23 1.07 2.20 1.30 0.60 0.45 0.24 0.30 0.29 0.44 0.44 1.10 0.00 0.00 0.54 1.26 2.38 2.50 1.13 0.77 1.18 0.95 0.42 0.74 0.80 1.30 1.79 1.98 1.85 2.27 2.23 2.53 1.94 1.71 2.80 0.75 1.61 2.64 2.01 2.21 1.83 1.32 1.17 1.98 0.40
