24h( un jeu de donné)/PH_20111105040000.asc
NCOLS 95
NROWS 110
XLLCENTER 939500
YLLCENTER 1831500
CELLSIZE 1000
NODATA_VALUE -999
[rows 37 to 73 of 110, columns 0 to 83 of 95]
1.46 1.72 1.37 2.06 2.91 2.60 3.10 3.96 3.15 3.90 5.44 5.40 4.45 5.37 3.46 2.77 3.25 3.16 1.40 1.44 0.75 0.86 0.61 0.95 3.02 3.77 1.04 0.34 0.44 0.48 0.75 0.88 1.32 0.96 1.25 1.71 0.98 2.67 1.52 1.55 1.47 2.13 1.05 0.50 0.30 0.43 0.48 0.67 1.02 0.99 0.05 0.00 1.88 0.01 0.02 0.15 0.68 0.92 1.19 1.25 0.90 0.94 1.05 0.97 1.47 1.86 1.88 1.91 2.27 1.57 2.18 2.16 1.21 1.34 2.76 4.92 3.98 2.69 1.75 2.32 1.18 0.41 0.35 0.18
1.78 0.66 0.43 1.37 1.72 2.25 2.22 3.19 2.01 2.48 6.57 5.85 3.63 2.98 3.75 3.10 3.86 4.24 2.20 1.96 1.32 1.13 0.70 0.93 0.90 1.53 0.23 0.47 0.51 0.68 0.49 1.66 2.26 1.03 0.60 2.06 0.84 1.96 1.07 1.05 1.46 1.23 0.92 0.50 0.43 0.65 1.21 0.63 0.95 0.40 0.10 1.24 1.60 3.10 1.09 1.62 0.00 1.69 1.12 1.14 0.94 0.95 0.91 0.78 0.81 2.03 2.24 2.24 1.79 1.41 2.33 1.08 1.18 2.93 2.71 2.63 2.14 0.96 0.90 0.63 0.44 0.21 0.16 0.24
1.34 0.52 0.34 0.30 1.12 2.53 2.17 2.23 6.70 4.38 4.66 5.88 6.07 3.57 2.54 3.43 7.86 5.11 3.52 3.28 3.34 1.15 0.79 0.80 0.41 0.23 0.38 0.34 0.53 0.57 0.76 1.25 2.58 2.02 1.20 1.84 1.55 1.70 1.07 1.16 1.78 1.25 0.78 0.84 0.59 0.79 1.21 0.68 0.81 0.83 0.77 1.02 1.45 3.34 4.24 3.10 2.48 2.30 1.28 0.94 0.67 0.90 1.03 1.59 1.21 1.53 1.82 3.61 1.89 1.92 1.87 2.16 3.11 2.62 1.75 1.35 1.57 1.54 1.08 0.63 0.82 0.50 0.23 0.24
0.76 0.43 0.49 0.49 1.41 2.35 2.05 3.67 6.97 4.09 4.22 6.33 6.58 3.60 2.92 3.44 6.56 6.83 3.32 3.28 3.79 1.20 0.57 0.50 0.38 0.20 0.14 0.16 0.76 0.67 0.72 0.99 1.41 1.58 0.73 1.87 1.25 1.51 1.20 1.37 1.78 1.18 0.92 1.09 0.89 0.98 0.78 0.53 0.63 0.62 0.50 0.92 2.15 3.56 1.97 2.43 2.27 1.56 1.05 0.63 0.51 0.89 1.27 1.08 0.12 0.48 2.23 1.94 1.54 1.75 1.86 1.84 3.76 2.65 2.46 1.38 0.83 1.40 0.67 0.28 0.47 0.41 0.76 1.18
0.76 0.41 0.49 0.43 0.66 2.08 2.19 2.55 5.94 3.58 3.80 3.63 4.78 7.86 7.25 6.47 7.13 10.56 4.44 3.42 2.49 0.82 0.36 0.31 0.60 0.78 1.34 0.30 0.86 0.64 0.30 0.53 0.84 0.78 0.81 1.94 1.54 1.63 2.43 1.71 1.48 1.25 0.96 1.86 1.34 0.57 0.47 0.32 0.48 0.45 0.38 0.78 1.23 1.31 1.09 1.10 1.94 1.27 0.81 0.54 0.66 1.14 1.60 1.52 1.21 0.44 1.14 1.27 1.54 1.61 1.41 1.53 1.94 1.35 1.03 1.02 0.62 0.41 0.28 0.99 0.99 1.51 0.90 0.82
1.00 3.07 2.07 0.40 0.36 1.64 1.64 2.09 4.46 3.64 3.03 6.47 5.89 7.72 10.11 8.38 11.12 10.60 4.53 3.37 1.30 0.54 0.58 0.44 0.70 1.02 1.63 1.09 1.66 1.33 0.34 0.52 0.33 0.50 0.76 1.13 1.27 1.82 2.97 2.95 2.11 1.18 1.05 1.26 1.10 0.57 0.28 0.33 0.54 0.52 0.85 1.53 1.22 1.72 1.43 1.52 1.19 1.14 1.04 0.99 0.78 1.16 1.65 2.30 1.91 1.10 0.47 0.90 3.11 1.59 1.27 1.43 1.29 1.14 0.76 0.56 0.54 0.56 0.55 1.58 1.52 0.47 0.56 0.44
0.91 1.30 0.75 0.82 0.35 0.63 1.31 1.69 3.06 1.83 3.53 7.58 6.64 7.57 11.72 12.94 14.28 7.84 4.46 2.93 0.88 0.74 1.24 0.82 1.35 3.15 1.90 1.00 1.29 0.57 0.35 0.33 0.46 0.48 1.02 1.03 1.04 1.81 2.42 2.65 1.74 1.30 1.40 1.11 0.97 0.56 0.45 0.47 1.09 1.21 1.12 1.58 1.02 1.85 2.09 1.40 1.26 1.46 1.56 1.17 0.80 1.06 1.62 2.11 1.05 1.12 0.72 1.07 1.72 1.09 2.03 2.13 2.35 1.13 0.97 0.90 0.56 0.32 0.31 0.55 0.73 0.74 0.70 0.81
0.39 1.01 3.28 1.55 0.62 0.53 1.09 2.00 2.23 2.56 5.78 7.64 6.75 7.22 13.00 10.80 12.98 8.72 5.38 2.86 1.43 1.17 1.63 1.30 1.69 2.48 1.93 1.18 0.80 0.34 0.21 0.22 0.32 1.15 1.79 1.33 1.17 1.33 2.04 2.09 1.60 1.53 1.38 1.25 0.94 0.60 0.74 0.66 1.53 1.21 1.30 0.97 0.78 1.38 2.74 2.23 1.79 2.42 2.29 1.40 0.95 0.91 2.43 4.08 3.57 1.64 1.49 1.09 1.03 0.91 1.07 1.94 2.39 1.41 1.34 1.03 0.42 0.34 0.33 0.58 0.56 0.48 0.38 0.66
0.39 0.78 2.89 2.61 0.88 0.42 1.24 2.06 2.52 2.78 3.62 8.36 7.74 7.67 7.07 7.20 9.01 10.15 7.02 3.46 2.71 2.30 3.38 2.43 1.21 1.08 0.60 0.50 0.53 0.32 0.21 0.26 0.54 0.88 1.72 1.90 0.88 1.50 1.26 2.16 1.56 1.60 1.98 1.11 0.93 0.69 0.99 1.06 1.40 1.04 0.85 0.75 0.91 1.18 2.13 3.42 2.80 2.52 2.13 1.64 1.24 1.27 2.36 2.62 2.26 1.30 1.28 0.85 0.64 0.63 1.56 2.22 1.44 0.70 1.97 1.21 0.56 0.50 0.52 0.35 0.19 0.20 0.33 0.34
0.49 0.80 3.74 1.72 0.79 0.91 1.21 2.00 2.39 2.48 3.36 5.62 7.48 6.83 8.63 9.45 8.80 10.06 7.49 3.99 4.70 4.49 4.57 1.70 1.01 0.67 0.43 0.34 0.51 0.40 0.34 0.39 0.74 1.03 1.03 0.90 0.83 1.49 1.41 1.73 2.36 2.00 2.71 1.34 1.07 1.11 1.05 1.02 1.16 0.33 0.44 0.52 0.74 1.10 1.71 3.60 2.61 2.45 2.43 1.89 1.24 1.13 1.59 1.73 1.78 0.98 1.68 0.94 0.86 1.57 4.71 1.27 1.15 1.27 1.76 1.10 0.92 0.74 0.43 0.17 0.34 0.27 0.43 0.57
0.70 1.31 2.89 1.42 0.60 0.88 0.94 1.65 3.22 2.79 1.92 4.11 4.51 4.31 6.87 7.94 9.37 8.15 7.53 5.42 4.84 3.77 2.69 0.88 0.60 0.31 0.52 0.76 0.53 0.75 0.71 0.72 1.12 0.98 0.84 0.96 1.12 1.42 1.22 1.77 2.86 2.71 2.44 1.43 1.17 1.26 0.92 0.88 0.60 0.35 0.38 0.52 0.68 0.66 0.99 1.93 2.52 2.00 1.77 1.63 1.29 0.98 1.10 1.40 1.54 2.74 1.99 1.33 1.13 1.74 2.95 1.51 1.02 1.39 1.29 1.11 1.49 0.80 0.42 0.34 0.38 0.47 0.36 0.54
0.86 1.28 2.03 0.56 0.59 1.28 1.03 1.49 3.98 2.73 1.55 2.83 3.23 3.03 5.51 7.17 8.96 6.21 6.22 5.94 5.66 4.38 1.45 0.66 0.47 0.39 0.78 1.82 1.66 1.88 1.52 1.36 1.38 1.16 0.90 1.25 1.51 1.60 1.35 1.67 2.66 2.96 2.16 1.39 1.18 1.18 0.91 0.75 0.57 0.49 0.45 0.54 0.46 0.43 0.78 1.27 1.77 1.46 1.84 1.60 1.17 0.85 0.86 1.36 1.29 3.55 2.06 1.25 0.65 1.14 1.68 1.15 1.45 1.26 1.27 1.24 2.19 0.74 0.29 0.42 0.54 0.33 0.40 0.69
1.53 1.65 1.90 0.90 0.91 1.38 1.27 0.63 4.08 2.08 1.98 2.84 2.72 2.93 4.44 5.64 7.36 5.06 5.78 5.83 6.11 3.23 1.00 1.01 0.98 0.91 1.57 2.73 4.07 2.85 2.51 2.09 1.62 1.41 0.97 1.75 2.36 1.48 1.22 1.45 2.24 2.02 1.71 1.56 0.97 1.01 0.67 0.72 0.63 0.72 0.63 0.62 0.39 0.91 0.59 1.10 1.65 1.81 2.23 1.46 1.02 0.57 0.60 2.17 2.05 3.50 2.51 1.30 0.89 0.86 1.08 1.40 2.40 1.74 1.57 1.08 1.41 0.49 0.30 0.54 0.37 0.37 0.29 0.47
5.02 2.94 2.87 1.44 1.57 1.71 3.00 3.15 3.40 2.30 2.19 2.20 2.42 4.31 6.10 5.82 8.12 4.74 5.23 5.86 4.24 2.52 1.46 1.86 1.95 1.62 1.74 4.50 3.79 2.75 2.40 2.00 1.44 1.58 1.14 2.91 3.38 2.37 1.27 1.06 1.33 1.41 1.85 1.78 1.13 1.12 0.63 0.74 0.77 0.60 0.97 0.55 0.55 1.32 1.05 1.56 2.20 2.42 2.51 2.49 1.13 0.91 0.60 2.45 2.02 2.58 2.12 1.00 0.78 0.89 1.05 2.74 2.17 2.15 1.81 1.29 0.85 0.63 0.63 0.51 0.34 0.38 0.25 0.34
5.80 4.59 3.81 1.58 1.89 3.43 2.67 2.17 1.89 1.52 2.83 3.58 3.11 3.34 5.41 6.85 9.40 5.16 5.19 5.13 3.40 2.26 2.12 2.65 3.20 2.19 1.97 3.68 2.92 2.61 2.09 1.60 0.96 1.02 1.10 1.94 2.09 1.46 1.07 0.65 0.98 1.36 2.35 2.10 1.70 1.56 0.79 0.78 0.00 0.51 0.72 0.76 0.95 1.39 1.21 1.80 2.48 3.35 3.47 2.62 1.80 1.33 0.82 1.01 0.91 1.24 0.95 1.13 1.01 1.02 1.22 3.08 3.26 1.95 1.76 1.24 0.70 0.82 1.01 0.45 0.38 0.25 0.30 0.36
4.99 4.18 7.88 6.44 4.07 4.68 3.12 1.25 2.34 3.07 2.79 3.32 2.82 4.20 3.50 5.81 8.36 8.16 7.04 7.93 5.32 5.53 4.76 5.16 4.90 2.60 2.07 2.16 2.59 2.15 1.53 1.38 1.02 1.32 1.68 1.67 1.14 1.00 1.01 1.19 1.30 1.05 2.30 2.16 2.24 2.13 1.14 0.06 0.00 0.01 0.83 1.15 0.63 0.63 0.98 1.31 1.82 3.32 2.90 2.81 1.98 1.51 1.18 1.08 1.02 0.93 0.97 2.45 1.60 1.14 1.70 1.93 2.40 1.88 1.34 0.89 0.93 1.58 1.20 0.75 0.95 0.45 0.41 0.32
6.98 5.01 5.54 5.78 6.16 6.38 2.97 1.75 2.25 2.50 3.58 3.93 3.68 5.16 2.97 4.32 6.27 5.83 9.18 8.04 5.28 5.72 5.79 4.55 4.88 2.27 1.56 1.34 1.64 2.03 1.21 1.66 1.35 1.44 1.60 1.75 1.55 1.29 1.73 1.29 1.44 1.31 1.85 1.64 2.83 2.25 1.49 0.72 0.01 0.48 0.59 0.61 0.40 0.37 0.73 0.59 1.38 2.14 2.52 2.53 2.14 1.69 1.46 1.13 0.91 0.81 1.31 2.38 1.40 1.23 1.30 1.28 1.33 1.94 1.14 0.89 1.00 1.29 0.83 0.64 0.92 0.52 0.41 0.37
8.00 6.07 4.23 5.13 8.60 8.79 3.98 3.82 0.47 3.90 4.46 5.25 5.42 4.47 3.17 2.53 3.62 7.11 9.04 5.79 4.73 5.19 6.16 6.79 3.76 2.50 1.11 1.32 1.13 1.40 1.24 1.21 1.46 1.89 1.92 2.08 1.79 1.68 1.80 0.99 1.11 1.25 1.10 1.49 2.51 1.83 1.61 1.11 0.55 0.58 0.44 0.30 0.20 0.20 0.41 0.48 1.05 1.55 2.13 2.17 1.87 1.48 1.08 0.96 0.79 1.23 1.51 2.62 1.30 1.97 1.35 1.67 1.34 2.02 1.16 1.11 0.77 0.99 0.74 0.79 1.10 0.93 0.73 0.29
6.94 5.94 4.09 3.94 2.90 3.37 1.94 2.66 3.12 3.85 3.26 4.81 3.39 2.85 2.07 1.42 3.65 7.93 9.55 5.04 4.07 5.19 4.25 4.12 2.31 1.99 1.15 1.02 0.94 1.58 2.22 1.96 2.19 2.32 1.88 2.11 1.57 2.36 1.18 0.68 0.70 0.80 0.78 1.38 1.70 0.96 0.96 0.85 0.53 0.49 0.39 0.23 0.17 0.11 0.21 0.24 0.61 0.84 1.48 1.84 1.65 0.98 0.73 0.68 0.74 2.25 1.62 1.35 1.03 1.73 1.27 1.81 2.22 2.12 1.73 1.31 0.49 0.71 0.49 0.68 0.85 1.22 0.74 0.30
9.61 9.12 6.22 6.66 4.67 3.83 3.69 2.40 3.24 6.31 3.78 4.89 1.31 2.60 2.77 1.87 5.92 10.34 13.20 5.40 5.32 6.41 4.02 2.54 1.74 1.95 1.85 1.51 1.59 2.63 4.36 3.02 2.37 2.24 1.51 1.58 1.40 1.38 0.83 0.62 0.48 0.64 0.68 1.01 1.52 0.72 0.82 0.64 0.43 0.44 0.43 0.25 0.08 0.07 0.18 0.19 0.32 0.49 1.05 1.34 1.19 0.96 0.77 0.65 0.55 1.57 0.51 0.85 0.79 0.84 1.05 2.19 1.94 1.95 1.47 0.95 0.72 1.43 1.55 1.02 0.98 1.50 1.32 1.11
11.55 11.80 10.66 11.13 7.69 4.11 3.90 4.73 4.69 5.73 3.66 3.31 2.59 4.31 4.09 3.26 5.65 9.51 11.01 5.12 6.09 6.79 4.33 2.16 1.42 1.95 2.33 2.17 3.95 4.33 4.06 3.04 2.43 2.01 1.25 1.23 1.31 1.13 0.65 0.69 0.62 0.89 0.60 1.01 1.52 0.71 0.84 0.44 0.42 0.40 0.31 0.20 0.13 0.08 0.17 0.23 0.33 0.45 0.91 0.98 0.89 0.85 0.81 0.65 0.44 0.74 0.48 0.89 0.63 0.96 1.23 1.99 2.31 1.94 1.31 0.79 0.74 0.98 1.27 1.23 0.81 1.37 0.91 0.78
9.69 10.57 11.57 7.02 8.13 5.17 3.60 4.24 4.11 4.80 4.73 3.27 3.57 5.22 5.36 5.08 5.09 5.72 5.34 5.31 7.35 7.47 5.24 1.38 1.29 3.81 5.60 3.27 2.47 2.67 3.52 3.69 1.95 1.06 0.71 1.10 1.24 1.18 1.21 0.97 1.27 1.31 0.94 1.09 1.35 0.93 0.88 0.46 0.41 0.34 0.18 0.19 0.20 -999 0.13 0.19 0.27 0.47 1.26 0.96 0.72 0.71 0.64 0.68 0.73 0.72 0.51 0.55 0.65 0.92 2.02 2.74 2.31 1.77 1.34 0.94 0.73 0.97 0.94 1.24 0.84 1.01 0.61 0.46
10.22 9.63 11.45 6.95 2.10 2.08 5.15 4.99 5.40 3.72 4.67 4.90 5.56 5.27 4.36 5.42 2.72 1.97 1.65 3.82 3.24 2.74 4.05 1.83 2.34 4.60 5.02 3.02 1.80 1.89 1.99 2.41 1.04 1.29 1.52 2.72 2.71 2.25 2.00 1.47 1.23 1.84 1.16 0.96 1.24 0.89 0.85 0.54 0.39 0.23 0.10 0.25 0.22 0.19 -999 0.14 0.19 0.45 1.25 1.18 0.78 0.72 0.55 0.88 0.79 0.67 0.67 0.57 0.51 1.29 2.71 2.83 2.16 1.63 1.04 0.77 0.61 0.85 0.47 0.76 1.12 1.10 0.99 0.73
10.49 10.84 8.37 6.55 2.51 2.49 4.38 8.10 3.24 2.37 3.88 4.42 4.53 3.95 5.71 4.60 2.15 2.68 2.91 4.68 5.97 3.39 2.95 1.78 2.55 4.13 3.13 2.07 2.10 1.10 1.30 1.75 0.98 2.18 2.49 2.57 2.15 2.03 1.75 0.92 1.28 2.26 1.22 1.04 0.81 0.78 0.84 0.70 0.35 0.19 0.11 0.29 0.27 0.19 0.13 -999 0.29 0.57 1.02 1.15 0.74 0.54 0.57 0.89 0.82 0.67 0.63 0.63 0.60 1.56 2.39 2.24 2.32 1.97 1.26 0.66 0.46 0.79 0.68 0.58 0.91 0.85 0.90 0.71
14.29 14.99 13.67 5.59 3.91 2.70 3.47 5.45 2.00 1.04 3.78 4.95 5.78 5.56 4.60 3.84 2.57 3.09 3.85 7.23 10.29 5.76 2.66 1.81 2.23 2.63 2.07 1.41 1.07 1.21 1.58 2.83 2.37 2.30 2.01 2.24 1.82 2.18 1.46 0.67 0.99 2.20 1.32 1.11 0.62 0.81 0.82 0.98 0.37 0.19 0.17 0.21 0.23 0.20 0.11 -999 -999 0.71 0.81 0.73 0.73 0.41 0.51 0.90 0.68 0.66 0.48 0.45 0.47 0.80 1.35 1.67 2.50 1.83 1.40 0.86 0.61 0.87 0.64 0.61 1.16 0.85 0.56 0.56
8.10 9.35 11.55 7.48 5.66 7.23 5.56 6.19 5.49 4.53 3.46 2.96 3.78 4.46 3.63 2.33 2.57 4.12 4.35 4.80 7.10 4.96 2.08 1.68 1.84 1.53 1.35 1.06 1.05 1.26 2.05 2.22 3.86 3.26 1.11 1.09 1.65 1.62 1.42 0.42 0.68 1.52 1.54 1.38 0.67 0.94 0.81 1.08 0.51 0.21 0.24 0.16 0.25 0.22 0.15 0.24 -999 -999 0.33 0.26 0.44 0.28 0.46 0.52 0.63 0.52 0.35 0.31 0.41 0.36 1.01 1.06 2.17 1.79 1.43 0.93 0.94 0.92 0.92 0.91 1.13 1.03 0.72 0.57
11.83 14.14 14.41 11.13 9.05 9.32 8.64 7.81 6.78 5.06 4.73 4.27 3.19 3.17 4.83 2.87 4.48 3.56 5.98 3.91 2.45 4.69 3.18 2.16 1.92 0.96 0.87 0.86 1.33 1.12 1.86 3.29 6.89 4.81 1.85 1.50 1.37 1.61 1.25 0.50 0.69 1.25 1.39 1.08 0.68 1.10 0.77 0.84 0.56 0.28 0.24 0.18 0.23 0.16 0.14 0.19 0.27 -999 -999 0.23 0.34 0.37 0.65 0.56 0.46 0.60 0.49 0.53 0.62 0.83 1.11 1.56 2.19 1.79 1.50 0.93 1.09 1.18 0.93 0.90 0.94 0.96 0.65 0.61
7.26 8.34 8.34 6.67 5.93 10.02 10.95 7.35 7.77 7.49 6.30 5.86 3.08 4.40 6.27 6.49 6.67 5.62 4.60 3.10 1.74 2.59 2.75 1.29 1.28 0.85 1.31 1.44 0.98 1.61 2.82 4.58 7.69 6.40 3.14 1.27 1.28 1.76 1.49 1.03 0.80 0.94 1.18 1.11 0.95 1.32 0.94 0.85 0.66 0.28 0.25 0.18 0.18 0.24 0.20 0.16 0.20 0.00 -999 -999 0.21 0.18 0.99 0.96 1.00 0.78 0.79 0.90 0.60 0.84 1.85 2.34 1.36 1.75 1.64 0.95 0.72 0.92 0.84 0.79 1.17 1.19 1.01 0.67
7.62 8.12 8.26 8.63 7.84 6.69 9.45 10.94 7.70 7.05 8.18 8.69 4.25 5.99 7.05 8.53 5.80 5.25 3.70 2.82 2.09 3.21 1.28 0.79 0.70 1.27 1.06 2.28 2.46 2.00 3.31 3.99 6.10 6.26 2.47 1.09 1.42 2.57 2.86 2.72 1.39 1.06 2.04 1.68 1.39 1.13 1.19 0.96 0.90 0.29 0.20 0.13 0.15 0.35 0.30 0.26 0.20 0.26 -999 -999 -999 0.29 0.51 1.17 1.08 1.26 0.93 0.93 0.63 1.21 1.36 1.89 2.06 1.78 1.50 0.86 0.80 0.88 0.90 0.61 0.77 1.19 1.24 0.64
8.68 10.33 6.51 10.37 13.02 12.95 12.24 12.25 10.08 9.77 12.85 8.51 4.72 5.82 7.33 6.41 5.68 6.21 4.56 4.23 2.13 1.51 0.98 1.29 0.92 0.67 1.10 3.56 3.55 2.04 2.77 2.70 3.69 4.05 2.18 1.77 2.56 4.71 3.73 2.88 1.75 1.41 1.35 2.40 1.66 1.31 1.17 1.47 1.06 0.25 0.15 0.13 0.17 0.43 0.52 0.25 0.31 0.42 0.21 -999 -999 -999 0.52 1.25 1.42 1.15 1.35 0.81 0.54 0.84 1.15 2.44 1.85 1.62 1.20 0.82 0.98 1.00 1.38 1.02 0.96 1.14 1.07 1.07
9.46 9.50 8.75 10.11 10.16 11.96 10.32 11.82 11.89 8.73 8.76 6.62 4.52 5.57 8.73 10.44 5.89 7.85 5.21 5.35 4.19 1.75 1.78 1.11 0.92 0.81 1.28 3.33 5.52 1.61 1.31 2.34 3.78 4.37 2.77 2.57 2.96 3.84 3.11 2.96 2.01 1.74 1.74 2.85 1.99 1.19 1.12 1.99 1.23 0.33 0.17 0.15 0.23 0.39 0.48 0.28 0.26 0.90 0.26 0.00 -999 -999 -999 1.65 1.19 1.07 0.66 0.46 0.66 0.85 0.86 1.97 2.41 1.46 1.61 0.94 0.84 0.70 0.94 0.72 1.13 1.70 1.16 0.72
15.53 6.00 6.22 9.89 11.87 9.58 11.86 9.85 10.48 10.66 9.70 5.98 4.46 4.22 6.60 6.47 4.70 5.21 4.98 4.42 4.71 1.74 2.01 1.12 1.41 1.09 0.89 2.22 4.34 1.34 1.19 1.92 4.28 4.14 4.86 3.16 3.06 2.89 2.16 3.50 1.48 0.98 1.49 3.08 2.43 1.21 1.13 2.29 1.23 0.52 0.26 0.19 0.41 0.30 0.51 0.29 0.25 1.30 0.50 0.32 -999 -999 -999 -999 1.25 0.66 0.74 0.62 0.56 0.38 0.83 1.46 1.71 1.50 1.56 0.93 0.96 0.88 0.98 0.68 0.96 0.83 0.95 0.99
10.97 8.28 6.21 8.01 9.35 12.42 14.03 10.32 8.32 10.47 9.04 9.41 4.82 4.61 6.22 6.49 5.13 6.80 3.79 4.46 4.07 3.01 1.67 1.60 1.85 1.30 1.41 1.47 1.02 0.57 1.37 2.88 3.60 3.43 5.52 3.17 2.26 2.39 2.06 2.18 0.58 0.49 1.10 2.74 2.27 0.95 1.05 1.86 1.13 0.77 0.22 0.24 0.54 0.36 0.49 0.48 0.38 1.45 0.78 0.53 0.27 -999 -999 -999 -999 0.96 1.09 1.29 0.61 0.44 1.08 1.27 1.27 1.53 1.78 1.10 0.90 0.95 0.93 0.50 0.61 0.80 1.19 1.17
13.15 11.82 8.47 10.53 10.16 8.09 12.84 12.32 6.88 9.56 8.86 5.87 4.68 6.48 7.92 5.32 5.50 7.14 3.40 4.05 2.93 2.40 1.66 1.27 1.35 1.02 1.39 1.30 1.39 1.29 2.11 4.27 4.08 4.48 4.81 3.27 1.36 2.03 1.84 2.35 0.84 0.47 1.19 2.43 1.95 0.81 0.90 1.16 1.01 0.91 0.28 0.29 0.61 0.28 0.54 0.64 0.54 0.97 0.65 0.49 0.22 0.00 -999 -999 -999 -999 1.36 1.72 1.40 0.58 0.83 0.92 0.78 1.77 1.14 1.16 1.16 0.83 1.10 0.63 0.65 0.65 0.99 1.40
13.85 15.42 10.35 12.06 12.05 10.76 8.92 9.99 9.66 5.99 8.60 7.96 7.62 6.91 4.58 6.01 9.43 6.66 8.57 4.53 3.45 3.12 2.05 1.21 1.28 1.03 1.18 1.62 2.61 2.45 1.74 3.36 3.49 4.15 5.65 4.01 1.31 1.87 2.37 2.76 2.09 0.97 1.14 2.39 1.43 1.11 1.12 1.17 1.47 1.08 0.30 0.24 0.40 0.24 0.49 0.41 0.44 0.55 0.37 0.29 0.19 0.35 -999 -999 -999 -999 -999 2.43 1.11 0.93 0.54 0.90 1.64 2.12 1.75 1.14 0.88 1.16 1.33 0.68 0.66 0.85 1.14 1.16
17.49 14.58 11.28 12.03 7.13 6.83 10.08 11.65 11.07 11.97 10.30 9.23 8.76 7.42 6.61 8.46 12.51 9.69 9.33 5.02 6.84 4.55 3.35 2.90 1.96 1.15 1.28 2.80 3.58 2.66 2.25 2.17 3.21 3.81 4.01 4.15 0.99 1.89 2.60 4.08 3.39 2.46 1.65 1.98 2.20 1.65 1.93 1.67 1.81 1.30 0.45 0.17 0.20 0.30 0.51 0.50 0.34 0.33 0.43 0.23 0.21 0.30 0.33 -999 -999 -999 -999 -999 0.59 0.82 0.73 1.04 1.78 2.27 2.19 1.10 1.09 1.19 1.45 1.03 0.67 0.97 1.27 0.92
11.99 14.30 7.95 7.00 7.34 8.67 13.39 15.86 11.87 10.73 11.63 13.89 8.46 6.76 4.62 5.63 9.74 7.96 8.61 10.36 7.32 3.82 3.26 4.62 2.91 1.68 2.24 1.97 1.73 3.08 2.92 1.94 2.49 2.09 3.29 2.26 1.55 2.31 3.16 4.05 2.85 2.42 1.60 1.84 2.64 3.63 2.50 1.88 2.46 1.29 0.74 0.22 0.23 0.48 0.60 0.45 0.26 0.23 0.55 0.41 0.31 0.33 0.42 0.02 -999 -999 -999 -999 -999 2.09 0.90 1.01 2.36 2.02 1.94 1.00 1.03 1.33 1.12 1.02 0.89 1.30 0.77 0.73
