24h( un jeu de donné)/PH_20111105190000.asc
NCOLS 95
NROWS 110
XLLCENTER 939500
YLLCENTER 1831500
CELLSIZE 1000
NODATA_VALUE -999
[rows 38 to 75 of 110, columns 0 to 83 of 95]
0.64 0.58 0.40 0.52 0.51 0.51 0.37 0.35 0.31 0.33 0.30 0.28 0.25 0.23 0.26 0.20 0.17 0.20 0.26 0.11 0.09 0.13 0.21 0.12 0.19 0.16 0.22 0.17 0.33 0.23 0.31 0.36 0.44 0.47 0.57 0.69 0.69 0.18 0.07 0.02 0.00 0.02 0.08 0.33 0.39 0.55 0.82 1.19 1.51 0.44 0.58 0.73 0.00 0.00 0.00 0.00 0.01 0.58 0.76 0.81 1.08 1.28 1.42 1.79 1.73 1.79 1.76 2.05 2.30 2.53 1.66 0.57 0.91 0.95 0.78 1.29 1.04 0.86 0.81 0.69 0.55 0.53 0.63 0.88
0.56 0.66 0.65 0.67 0.51 0.45 0.43 0.40 0.39 0.43 0.34 0.32 0.23 0.29 0.24 0.25 0.22 0.24 0.16 0.14 0.35 0.25 0.28 0.29 0.11 0.14 0.20 0.41 0.43 0.36 0.37 0.62 0.52 0.23 0.59 0.61 0.18 0.07 0.04 0.00 0.01 0.05 0.14 0.36 0.38 0.55 1.02 1.20 1.44 0.27 0.48 0.31 0.03 0.01 0.01 0.00 0.00 0.53 0.68 0.81 0.94 1.02 1.14 1.77 2.35 1.85 1.61 1.70 1.90 2.46 1.90 1.37 1.76 0.84 1.15 1.01 0.77 0.74 0.55 0.80 1.26 0.99 1.17 1.42
0.42 0.66 0.38 0.42 0.58 0.54 0.49 0.38 0.41 0.36 0.29 0.38 0.31 0.27 0.25 0.19 0.17 0.14 0.21 0.24 0.13 0.17 0.36 0.25 0.19 0.26 0.29 0.30 0.51 0.47 0.43 0.61 0.61 0.42 0.54 0.41 0.52 0.21 0.08 0.11 0.17 0.03 0.10 0.30 0.40 0.41 0.52 0.68 0.83 0.90 0.88 0.77 0.00 0.01 0.01 0.15 0.36 0.58 0.71 0.89 0.91 0.95 1.28 1.82 2.64 1.59 1.26 1.52 1.69 1.94 1.78 1.64 1.59 0.82 1.15 0.79 0.82 1.07 0.89 1.23 1.34 1.17 0.99 1.98
0.45 0.63 0.55 0.61 0.71 0.52 0.41 0.43 0.38 0.35 0.36 0.39 0.32 0.30 0.32 0.30 0.25 0.21 0.21 0.06 0.15 0.22 0.45 0.30 0.21 0.15 0.30 0.41 0.45 0.45 0.47 0.37 0.43 0.46 0.47 0.36 0.42 0.63 0.21 0.48 0.38 0.08 0.26 0.39 0.44 0.44 0.53 0.63 0.89 0.86 1.17 0.74 0.32 0.03 0.15 0.26 0.42 0.66 0.75 0.86 0.78 1.10 1.36 1.66 1.45 1.63 1.56 1.60 4.09 2.59 1.57 1.40 1.50 1.40 1.63 1.80 1.05 1.84 1.29 0.98 1.09 1.24 1.21 1.11
0.65 0.62 0.67 0.52 0.75 0.61 0.50 0.49 0.41 0.40 0.34 0.34 0.34 0.35 0.36 0.23 0.19 0.17 0.13 0.06 0.10 0.17 0.23 0.21 0.33 0.27 0.58 0.67 0.31 0.36 0.43 0.58 0.34 0.31 0.41 0.35 0.47 0.53 0.62 0.16 0.25 0.26 0.16 0.23 0.54 0.73 1.17 1.17 0.80 1.00 1.00 0.40 0.16 0.30 0.23 0.32 0.48 0.69 0.76 0.72 0.70 1.04 1.21 1.54 1.41 1.68 1.54 1.59 3.15 3.06 1.69 1.38 1.22 2.05 2.46 3.90 2.21 1.96 1.58 1.25 1.36 1.50 1.04 1.05
0.78 0.63 0.71 0.68 0.80 0.69 0.55 0.47 0.43 0.42 0.40 0.45 0.36 0.37 0.38 0.20 0.17 0.14 0.16 0.08 0.12 0.19 0.20 0.17 0.23 0.26 0.22 0.31 0.25 0.17 0.59 0.34 0.53 0.18 0.44 0.50 0.52 0.53 0.36 0.30 0.42 0.32 0.48 0.45 0.61 0.80 1.06 1.14 0.75 0.83 0.82 0.21 0.11 0.21 0.24 0.47 0.57 0.63 0.69 0.89 1.08 1.38 1.70 1.79 1.74 2.69 2.65 2.15 2.63 2.58 1.79 1.99 2.05 1.68 2.34 2.67 2.68 2.11 1.50 1.28 1.26 1.23 0.95 1.01
0.86 0.80 0.76 0.83 0.84 0.70 0.59 0.53 0.53 0.50 0.45 0.45 0.36 0.34 0.38 0.12 0.09 0.16 0.22 0.17 0.17 0.25 0.18 0.15 0.16 0.12 0.16 0.20 0.19 0.17 0.33 0.21 0.27 0.17 0.29 0.63 0.34 0.18 0.22 0.19 0.15 0.39 0.57 0.47 0.43 0.80 1.20 1.09 0.77 0.86 0.76 0.25 0.24 0.27 0.40 0.62 0.74 0.89 1.01 1.31 1.52 1.80 2.35 2.37 1.39 1.08 1.12 3.33 3.05 2.89 2.58 2.04 2.61 1.54 2.40 2.64 2.64 2.33 2.39 1.72 1.50 1.37 1.51 1.28
1.11 1.03 0.80 0.79 0.57 0.78 0.61 0.53 0.32 0.66 0.61 0.42 0.48 0.48 0.44 0.20 0.18 0.14 0.11 0.21 0.34 0.41 0.25 0.15 0.14 0.08 0.09 0.12 0.20 0.26 0.25 0.26 0.46 0.25 0.22 0.39 0.36 0.22 0.13 0.21 0.24 0.29 0.40 0.48 0.50 0.85 1.41 1.22 1.01 1.07 0.82 0.41 0.31 0.46 0.69 0.83 0.88 1.02 1.09 1.58 1.70 1.35 1.65 1.88 1.04 0.61 0.51 2.95 2.76 2.57 2.55 2.34 1.95 1.59 2.21 2.43 2.69 2.74 2.27 2.26 2.26 1.89 1.57 1.17
1.13 1.03 0.93 0.83 0.94 0.87 0.81 0.82 0.82 0.73 0.60 0.31 0.44 0.26 0.12 0.26 0.20 0.19 0.18 0.28 0.22 0.28 0.28 0.19 0.19 0.16 0.14 0.17 0.26 0.32 0.22 0.29 0.38 0.35 0.52 0.61 0.42 0.31 0.19 0.22 0.33 0.36 0.51 0.59 0.60 0.79 1.26 1.17 0.89 0.93 0.55 0.33 0.31 0.54 0.86 0.89 0.97 1.09 1.42 1.45 1.73 1.64 1.65 1.66 1.11 1.90 2.18 3.03 1.96 1.84 2.52 2.27 1.65 2.65 2.64 2.12 2.74 2.29 2.62 2.75 1.54 1.78 1.80 1.03
1.19 1.12 0.88 0.88 0.89 0.92 0.89 0.84 0.80 0.65 0.65 0.54 0.63 0.53 0.28 0.26 0.16 0.15 0.18 0.32 0.30 0.20 0.18 0.27 0.28 0.26 0.28 0.30 0.52 0.52 0.53 0.49 0.63 0.69 0.56 0.54 0.50 0.35 0.28 0.27 0.42 0.56 0.57 0.57 0.66 0.95 1.14 1.09 1.16 0.95 0.77 0.73 0.75 0.85 0.99 1.26 1.27 1.19 1.25 1.47 1.91 2.08 1.90 1.80 1.39 1.54 1.95 2.52 2.67 2.84 2.15 1.66 0.83 1.40 1.65 1.64 1.84 1.71 1.73 1.94 2.06 1.89 1.59 1.36
1.21 1.14 0.91 1.03 0.88 0.94 0.98 0.84 0.88 0.72 0.70 0.65 0.64 0.53 0.60 0.37 0.24 0.26 0.28 0.23 0.23 0.19 0.24 0.20 0.21 0.15 0.34 0.44 0.38 0.61 0.92 0.90 1.25 1.59 0.66 0.54 0.48 0.67 0.66 0.47 0.48 0.60 0.71 0.80 0.80 1.05 1.12 1.14 1.18 1.06 1.17 1.14 1.03 1.01 1.24 1.55 1.36 1.34 1.55 1.57 2.03 2.28 1.88 2.07 2.38 2.29 1.79 1.76 2.47 2.37 1.83 1.31 1.28 1.28 1.42 2.58 1.83 1.50 1.67 2.37 2.07 2.29 1.55 1.52
1.09 0.99 0.91 0.94 1.07 0.93 1.02 0.92 0.90 0.59 0.49 0.43 0.46 0.35 0.67 0.66 0.55 0.36 0.25 0.36 0.32 0.26 0.16 0.12 0.30 0.40 0.42 0.44 0.34 0.29 0.35 0.58 0.67 1.00 0.72 0.73 1.14 1.23 0.82 0.86 0.92 0.99 0.82 0.70 0.75 0.90 1.00 0.95 0.93 0.93 1.06 1.11 1.11 1.26 1.48 1.50 1.47 1.30 1.56 2.08 2.13 1.68 1.47 2.03 3.46 3.38 2.51 1.68 1.86 2.32 1.93 1.23 1.29 1.93 1.74 1.84 1.64 1.50 1.27 1.11 1.03 0.68 1.01 0.97
1.14 1.18 0.92 1.19 1.14 0.81 0.69 0.90 0.81 0.53 0.55 0.41 0.44 0.63 0.62 0.69 0.49 0.39 0.29 0.24 0.21 0.21 0.31 0.39 0.45 0.45 0.39 0.28 0.30 0.42 0.60 0.53 0.59 0.55 0.56 0.56 0.74 1.54 1.39 1.29 1.37 1.45 1.07 0.65 0.61 0.76 0.76 0.71 0.92 0.87 0.85 1.13 1.25 1.19 1.23 1.28 1.32 1.38 1.54 1.87 1.55 1.61 1.31 1.85 2.10 2.36 2.14 1.48 1.50 2.02 1.71 1.77 1.52 1.51 1.47 1.21 1.48 1.67 1.26 1.03 1.14 1.43 1.09 0.83
1.02 1.09 0.99 1.13 1.21 1.01 0.86 0.97 0.82 0.79 0.67 0.41 0.29 0.75 0.74 0.72 0.44 0.45 0.34 0.52 0.62 0.42 0.46 0.33 0.25 0.22 0.22 0.23 0.24 0.51 0.55 0.44 0.23 0.35 0.50 0.61 0.65 0.79 1.02 1.39 1.25 1.50 1.47 0.86 0.66 0.65 0.61 0.84 0.00 1.21 1.18 0.98 1.11 1.12 1.29 1.27 1.14 1.22 1.25 1.42 1.43 1.55 1.36 1.72 1.80 1.91 2.28 1.87 1.71 1.45 1.69 2.33 1.81 1.87 1.50 1.39 1.34 1.39 1.25 1.27 1.47 1.43 1.21 0.97
0.78 0.84 0.79 0.74 0.94 0.89 0.94 0.88 0.95 0.92 0.66 0.68 0.60 0.75 0.83 0.95 0.86 0.72 0.60 0.59 0.84 0.58 0.48 0.39 0.35 0.37 0.35 0.45 0.50 0.55 0.58 0.50 0.56 0.63 0.67 0.72 0.63 0.64 0.68 0.86 1.02 1.34 1.62 1.36 1.02 0.73 0.97 0.00 0.00 0.40 1.18 1.05 0.96 1.03 1.26 1.16 1.14 1.20 1.11 1.23 1.48 1.53 1.86 2.38 1.97 2.04 2.58 2.63 2.66 2.87 2.40 2.23 1.85 2.07 1.59 1.70 1.57 1.68 1.47 1.21 1.45 0.95 0.87 0.87
0.82 0.92 1.07 1.18 0.86 0.96 1.16 1.19 1.15 0.84 0.73 0.64 0.81 0.82 0.98 0.95 0.93 0.67 0.54 0.83 0.48 0.62 0.63 0.31 0.37 0.52 0.49 0.47 0.66 0.76 0.64 0.58 0.53 0.67 0.84 0.87 1.04 0.97 0.90 0.99 1.15 1.16 1.19 1.17 1.09 0.96 1.14 1.25 0.00 1.13 0.87 0.97 1.19 1.38 1.25 0.86 0.87 0.99 1.24 1.29 1.43 1.66 2.21 2.51 2.49 2.60 2.79 2.35 3.07 3.18 2.40 2.67 2.15 2.31 1.97 2.08 1.67 1.54 1.19 1.23 1.58 1.30 1.36 1.59
0.96 1.31 1.27 1.29 0.90 1.24 1.18 1.23 1.19 1.13 1.05 1.07 1.48 0.94 0.85 1.01 0.75 0.68 0.78 0.63 0.49 0.66 0.61 0.46 0.54 0.64 0.52 0.58 0.79 0.79 0.55 0.59 0.64 0.58 0.79 0.83 0.90 1.03 0.97 0.91 1.20 1.19 1.11 1.10 1.12 1.21 1.22 1.15 1.02 0.95 1.19 1.30 1.49 1.18 0.97 0.93 1.00 1.09 1.43 1.50 1.38 1.29 1.66 1.97 2.94 2.94 2.66 2.69 3.30 3.17 3.18 3.99 2.88 2.97 2.46 2.61 2.03 1.58 1.86 1.39 1.52 1.25 0.84 1.60
0.99 1.21 0.93 0.90 0.67 1.12 1.34 1.38 1.25 1.13 1.02 1.09 1.16 1.03 1.06 0.90 0.86 0.86 1.02 0.80 0.57 0.47 0.40 0.51 0.63 0.60 0.62 0.69 0.81 0.93 1.02 0.77 0.75 0.85 1.09 0.96 0.90 0.80 0.88 0.92 0.99 1.17 1.24 1.23 1.12 1.08 1.00 1.11 1.17 1.27 1.45 2.04 1.69 1.28 0.88 0.95 1.24 1.37 1.40 1.32 1.28 1.16 1.33 2.21 2.65 2.63 2.37 2.57 2.81 3.06 4.97 4.49 2.63 3.03 4.31 3.82 2.89 2.39 2.05 1.64 1.53 1.17 1.06 2.39
1.12 0.89 0.95 0.90 0.73 0.97 1.29 1.26 1.15 1.05 1.13 1.22 0.95 1.04 1.09 1.13 0.86 0.70 0.56 0.92 0.85 0.57 0.54 0.71 0.83 0.77 0.50 0.97 0.93 0.98 0.80 0.80 0.90 1.24 1.22 1.12 0.90 0.68 0.72 1.05 1.09 0.95 0.95 0.89 0.89 0.94 1.00 1.05 1.18 1.28 1.40 1.39 1.77 1.56 1.15 1.16 1.44 1.53 1.51 1.40 1.37 1.73 1.85 2.05 2.38 2.82 2.33 2.85 3.05 3.65 4.83 3.89 2.45 2.34 3.63 3.33 2.35 1.53 1.67 1.50 0.93 0.92 1.05 1.24
1.05 1.13 1.05 1.16 1.14 0.94 1.16 1.24 0.98 0.87 0.99 1.10 1.00 0.98 0.89 1.00 1.07 1.07 1.32 1.06 0.91 0.95 0.88 1.11 1.18 0.98 0.76 0.90 1.21 1.10 0.79 0.88 1.22 1.61 1.54 1.09 0.84 0.69 0.85 1.04 1.01 0.90 0.72 0.80 0.81 0.91 1.11 1.21 1.13 1.04 1.26 1.47 1.78 1.55 1.35 1.07 1.29 1.26 1.39 1.44 1.44 1.68 1.92 1.95 1.95 2.53 2.31 2.85 2.93 2.88 3.71 2.78 2.00 2.28 2.46 2.43 1.49 1.59 1.43 1.12 1.24 1.14 1.71 1.45
0.80 0.95 0.94 1.16 1.28 1.25 1.22 1.02 0.82 1.10 1.07 0.90 1.12 0.93 0.82 0.90 0.99 0.85 0.96 0.67 0.80 0.83 1.38 0.96 1.32 1.70 1.19 1.06 1.44 1.37 1.31 1.02 1.91 1.98 1.31 1.13 1.14 1.19 1.28 1.20 0.98 0.94 0.95 0.87 0.91 0.93 1.08 1.17 1.24 1.12 1.11 1.44 1.58 -999 1.63 1.25 1.45 1.50 1.60 1.73 1.81 1.59 1.55 1.54 1.44 1.72 2.04 2.06 2.06 2.07 2.52 2.55 1.88 2.15 2.56 2.64 1.58 1.13 0.73 0.65 1.21 1.33 1.26 0.98
1.16 1.19 1.37 1.06 1.37 1.38 1.29 1.15 1.04 1.07 1.05 0.88 0.85 1.03 0.66 0.85 1.03 1.03 0.77 0.72 0.95 1.01 0.99 0.91 1.19 1.23 1.34 1.54 1.73 1.88 1.42 1.31 2.00 0.82 0.88 1.39 1.57 1.43 1.32 1.28 0.97 0.97 1.03 1.10 1.13 1.06 1.09 1.12 1.30 1.28 1.18 1.36 1.41 1.36 -999 1.44 1.50 1.64 1.61 1.68 1.89 1.72 1.64 1.82 1.78 2.08 1.90 2.01 2.32 2.54 2.89 2.10 1.74 1.70 2.21 2.19 1.73 1.38 0.84 0.88 0.66 0.92 0.80 0.58
1.13 2.68 2.34 1.14 1.43 1.42 1.32 1.14 1.10 1.20 1.15 0.75 1.16 1.26 0.97 0.55 0.70 0.84 0.79 0.90 0.75 0.84 0.64 0.86 1.08 1.02 0.72 1.19 1.51 1.89 1.76 1.49 1.53 0.94 1.42 1.80 1.36 1.59 1.50 1.32 1.56 1.37 1.29 1.25 1.14 1.21 1.19 1.34 1.40 1.43 1.28 1.28 1.39 1.50 1.41 -999 1.64 1.80 1.60 1.47 1.75 2.15 2.25 2.27 2.05 2.03 2.41 2.97 2.72 2.91 2.73 2.14 1.78 2.04 1.96 1.67 1.16 1.01 1.35 1.35 0.75 0.72 0.46 0.50
1.16 1.21 1.01 0.67 1.48 1.39 1.28 1.31 1.22 1.21 1.06 0.91 0.68 0.78 0.61 0.60 0.77 1.56 1.27 0.91 0.97 0.81 0.88 1.25 1.15 0.82 0.97 1.20 1.41 1.55 1.51 1.39 2.08 0.48 0.42 0.85 0.96 1.81 1.38 1.28 1.20 1.26 1.27 1.10 0.93 1.09 1.16 1.35 1.30 1.49 1.32 1.55 1.74 1.60 1.42 -999 -999 1.82 1.70 1.63 1.54 1.70 1.90 2.10 2.16 2.50 2.09 1.82 1.73 2.13 1.72 1.73 1.79 1.68 1.68 1.33 0.91 0.87 1.15 1.03 0.74 0.59 0.80 0.67
0.83 0.95 0.97 0.74 1.12 0.80 0.96 1.07 1.15 0.96 1.06 0.86 0.72 1.06 1.26 2.06 1.45 0.77 0.98 0.96 1.00 1.01 0.83 1.22 1.18 0.63 0.72 0.96 1.18 1.29 2.13 2.45 1.10 1.41 0.56 1.01 1.45 1.25 1.34 1.35 1.23 1.08 0.92 0.82 0.90 0.92 1.14 1.17 1.16 1.28 1.29 1.10 1.53 1.47 1.50 1.34 -999 -999 1.62 1.39 1.57 1.67 1.68 1.47 1.59 1.57 1.87 2.00 1.78 1.45 1.98 2.09 1.80 1.51 1.25 0.98 1.15 1.53 1.12 0.79 0.80 0.78 0.89 1.23
0.95 0.80 1.02 0.70 0.61 0.80 0.90 0.91 0.91 0.91 1.20 1.52 1.34 1.45 0.64 0.57 0.97 0.39 0.87 0.70 0.81 0.84 0.68 0.90 0.77 0.52 0.52 0.81 0.97 0.98 1.44 1.50 1.16 1.59 1.85 2.27 1.80 1.20 1.08 0.99 0.96 0.97 0.76 0.76 0.91 1.09 0.99 1.08 1.17 1.31 1.23 1.19 1.45 1.87 1.73 1.08 1.18 -999 -999 1.63 1.72 1.75 1.97 2.05 2.02 2.27 2.14 2.13 2.67 2.03 1.93 1.95 2.09 1.75 1.40 1.03 0.97 1.31 1.00 0.67 0.52 0.72 0.88 0.89
0.75 0.57 0.74 0.67 0.84 0.67 0.73 1.44 1.75 1.11 1.13 1.27 1.24 1.22 0.90 0.83 1.45 1.20 1.02 0.92 0.95 0.96 0.82 0.84 0.60 0.58 0.69 0.79 0.78 0.99 1.15 1.25 1.29 1.67 1.66 1.35 1.22 1.25 1.09 0.96 0.85 0.89 0.74 0.76 0.91 0.99 0.90 0.95 0.90 1.15 1.34 1.49 1.33 1.54 1.47 1.27 1.54 0.19 -999 -999 1.87 1.80 1.84 1.68 1.73 1.97 3.15 2.91 3.02 2.73 2.28 3.18 2.27 1.56 1.40 1.19 1.11 1.52 1.04 0.70 0.61 0.75 0.94 1.48
0.97 0.70 0.61 0.78 1.08 1.01 1.08 0.84 0.76 0.78 0.96 1.34 1.30 1.67 1.82 1.59 1.30 1.32 1.34 1.21 1.05 1.19 0.86 1.07 0.93 0.84 0.92 1.13 1.27 1.20 1.21 1.31 1.32 1.21 1.53 1.75 1.44 1.43 1.23 1.51 1.90 1.27 0.83 0.68 0.79 0.86 1.06 1.00 0.94 0.96 1.13 1.42 1.18 1.44 1.23 1.15 1.40 1.50 -999 -999 -999 1.68 1.52 1.89 1.70 1.96 2.95 3.13 3.09 1.93 1.63 3.35 2.72 2.13 1.48 1.61 1.15 1.17 1.45 1.25 0.92 1.06 0.99 1.96
1.18 1.34 1.02 0.93 0.62 0.67 0.79 0.66 0.65 0.70 1.03 1.48 2.03 2.13 1.47 1.49 1.69 1.55 1.64 1.61 1.10 1.32 1.23 1.15 1.34 1.13 1.20 1.05 1.12 1.30 1.07 0.90 1.37 1.34 1.71 1.67 1.53 1.38 1.51 2.01 3.06 2.40 1.22 0.72 0.78 0.86 0.78 0.74 0.86 0.89 0.97 1.19 1.02 1.10 1.14 1.15 1.23 1.36 1.56 -999 -999 -999 2.58 3.00 2.84 2.52 2.96 2.50 2.33 3.10 3.38 3.40 3.69 3.84 1.87 2.07 2.93 2.81 1.44 1.03 1.10 1.31 2.26 1.76
1.37 1.44 1.11 1.01 0.75 0.89 0.92 0.90 0.63 0.95 1.19 1.08 1.12 2.28 2.02 1.47 1.53 1.04 2.13 1.70 1.02 1.17 1.22 1.38 2.34 1.77 1.30 1.12 1.09 1.37 1.42 1.40 1.24 1.32 1.14 1.48 1.46 1.31 1.37 1.71 1.72 1.84 1.63 1.01 1.10 1.64 1.26 0.82 0.66 0.72 0.76 0.84 0.86 0.85 0.80 0.91 1.21 1.71 1.61 0.00 -999 -999 -999 3.37 3.36 2.84 3.58 2.57 2.60 3.79 4.63 4.86 4.22 2.73 1.95 2.51 3.97 4.10 3.36 2.12 1.42 1.42 2.57 1.09
1.90 1.77 1.47 1.44 1.38 0.90 1.00 1.17 1.21 0.92 0.82 1.24 1.33 1.17 1.00 1.36 0.97 0.96 2.08 1.30 1.47 1.07 1.48 3.04 2.11 1.68 1.84 1.42 1.21 1.33 1.65 1.73 1.66 1.17 1.52 1.42 1.48 1.40 1.55 1.72 1.50 1.50 1.25 1.20 1.35 1.71 1.57 1.22 0.71 0.81 0.76 0.95 0.63 0.67 0.84 1.01 1.05 1.34 1.35 1.13 -999 -999 -999 -999 3.34 3.16 3.18 4.33 3.95 4.31 3.44 3.34 3.53 3.32 4.12 4.34 3.31 2.50 2.64 2.58 2.68 2.91 2.17 1.08
4.62 4.56 3.16 4.43 3.02 2.37 2.22 1.57 1.21 1.46 1.13 1.44 1.34 1.38 1.39 1.57 1.74 1.36 1.80 1.99 1.56 1.85 2.65 1.88 2.13 2.13 1.78 1.28 1.18 1.79 1.90 1.86 1.54 1.26 1.05 1.38 1.84 2.15 1.70 1.53 1.67 1.54 1.26 1.18 1.19 1.33 1.48 1.17 0.96 0.83 0.75 1.00 0.68 0.46 0.75 0.75 0.76 0.94 0.86 1.05 0.93 -999 -999 -999 -999 3.46 3.33 3.99 3.71 4.11 4.38 4.84 4.20 5.30 4.78 3.92 3.42 2.85 2.14 2.21 2.32 2.45 1.85 1.04
7.20 2.27 4.49 5.20 5.39 5.84 4.68 2.80 1.71 2.33 1.90 1.50 1.27 1.87 1.92 1.27 1.76 1.60 1.99 2.25 1.69 1.43 2.29 2.27 1.68 1.36 1.51 1.27 1.43 1.73 1.85 1.53 1.46 1.43 1.47 1.45 2.11 2.29 1.86 1.99 1.65 1.72 1.61 1.66 1.62 1.39 1.61 1.05 0.91 1.19 0.90 0.73 0.64 0.43 0.66 0.55 0.69 0.66 0.63 0.80 1.13 0.00 -999 -999 -999 -999 2.88 3.86 4.29 4.48 5.19 5.63 4.78 4.98 4.68 5.18 4.08 4.08 3.70 2.74 2.60 2.60 1.71 1.74
2.39 6.24 6.48 5.83 7.62 6.68 3.96 2.95 2.72 2.67 2.41 2.79 1.99 1.75 1.68 1.87 1.66 2.06 1.95 1.72 1.66 2.77 2.77 2.32 1.81 1.61 1.73 1.81 1.98 2.00 2.28 1.51 1.86 2.04 1.87 2.12 2.19 2.37 2.64 2.13 2.19 1.91 1.93 2.37 1.75 1.79 1.60 1.03 0.77 1.08 0.81 0.73 0.68 0.51 0.53 0.64 0.51 0.41 0.50 0.71 0.80 1.08 -999 -999 -999 -999 -999 4.23 4.56 3.43 5.27 4.43 4.27 4.38 6.15 5.91 4.57 4.73 4.36 3.37 3.15 3.10 2.59 1.68
6.37 5.33 5.83 3.01 5.03 5.25 7.30 6.00 3.15 4.36 4.28 3.19 2.11 1.86 2.22 1.84 1.83 1.62 1.70 2.08 2.49 4.49 4.42 2.77 3.40 3.18 2.77 3.43 3.39 4.36 3.18 2.08 2.51 2.08 2.80 3.22 3.59 3.90 3.52 2.45 2.67 2.22 2.05 2.40 2.12 2.17 1.91 0.92 0.79 1.24 1.03 0.97 0.94 0.65 0.50 0.61 0.50 0.48 0.66 0.84 0.80 0.95 1.04 -999 -999 -999 -999 -999 3.47 2.58 2.96 3.08 3.46 4.58 5.16 5.18 3.85 3.83 4.47 3.75 3.71 4.27 3.06 2.73
6.37 2.85 2.77 5.01 7.11 4.42 5.39 8.23 8.33 5.84 5.14 4.57 3.32 2.63 2.48 1.97 1.46 1.39 1.86 3.54 4.22 4.32 3.40 2.91 2.40 3.23 3.94 5.47 6.28 3.07 2.26 2.57 2.74 2.52 3.00 3.67 4.10 3.83 3.69 3.08 2.68 2.53 2.49 2.77 2.54 2.11 1.79 0.87 0.88 1.00 0.76 1.12 0.97 0.57 0.44 0.59 0.57 0.81 0.77 0.72 0.61 0.91 0.97 0.00 -999 -999 -999 -999 -999 1.73 2.26 2.29 2.78 4.12 4.17 3.68 3.87 4.12 4.65 4.22 3.50 3.37 3.40 4.00
3.45 2.99 4.27 5.04 4.75 4.19 7.56 6.23 9.54 11.30 7.11 5.51 5.70 4.22 3.12 3.33 2.85 3.94 3.82 3.72 3.30 4.92 4.68 2.41 2.96 3.21 4.59 5.87 5.16 4.05 3.31 3.29 2.42 3.17 4.24 3.40 3.11 3.07 3.34 3.02 2.36 2.56 3.00 3.51 2.47 2.04 1.49 1.11 1.13 1.03 0.82 1.74 0.99 0.49 0.48 0.39 0.68 1.05 0.99 0.61 0.68 0.72 0.90 1.03 -999 -999 -999 -999 -999 -999 1.93 2.27 2.61 3.64 3.03 3.05 3.28 4.25 5.74 4.95 3.67 3.62 3.93 3.88
4.56 6.91 5.36 4.28 4.03 5.75 5.89 9.72 12.49 10.97 9.10 6.99 7.10 7.39 6.34 4.29 3.71 3.95 5.32 4.09 3.66 3.10 3.02 3.29 3.98 5.17 5.34 5.73 5.60 5.35 3.05 2.80 4.09 4.42 5.29 4.42 3.80 2.85 3.42 2.67 2.53 2.79 3.65 3.46 2.87 1.58 1.19 0.99 1.22 1.22 1.31 1.35 0.72 0.47 0.34 0.29 0.71 1.24 0.90 0.65 0.70 0.74 1.07 1.27 0.95 -999 -999 -999 -999 -999 -999 1.86 2.21 3.20 2.59 1.70 2.36 4.02 4.37 4.61 4.43 3.90 3.62 4.18
