24h/PH_20111105120000.asc
NCOLS 95
NROWS 110
XLLCENTER 939500
YLLCENTER 1831500
CELLSIZE 1000
NODATA_VALUE -999
[rows 0 to 37 of 110, columns 0 to 83 of 95]
0.88 0.73 0.77 1.08 1.00 0.85 0.92 1.02 1.05 0.83 0.89 0.75 0.54 0.58 0.23 0.29 0.23 0.17 0.29 0.40 0.41 0.35 0.23 0.29 0.23 0.27 0.25 0.26 0.24 0.24 0.27 0.33 0.24 0.34 0.32 0.26 0.26 0.31 0.35 0.44 0.42 0.40 0.40 0.58 0.64 0.61 0.72 0.84 0.94 1.09 1.19 1.19 1.25 1.25 1.29 1.15 1.30 1.27 1.33 1.04 1.16 0.71 0.43 0.38 0.14 0.03 0.01 0.06 0.05 0.01 0.01 0.00 0.00 0.00 0.00 0.00 0.00 0.07 0.18 0.30 0.36 0.38 0.46 0.55
0.88 0.88 1.01 0.83 0.86 1.02 0.85 0.88 0.91 0.85 0.82 0.54 0.41 0.35 0.49 0.36 0.21 0.28 0.23 0.14 0.34 0.34 0.19 0.12 0.10 0.11 0.21 0.16 0.16 0.15 0.21 0.29 0.41 0.39 0.41 0.35 0.30 0.29 0.36 0.40 0.36 0.29 0.26 0.47 0.65 0.67 0.74 0.85 0.82 0.92 1.15 1.34 1.34 1.37 1.25 1.11 1.26 1.14 1.38 1.22 1.26 0.96 0.30 0.45 0.17 0.10 0.09 0.07 0.05 0.01 0.01 0.00 0.00 0.00 0.00 0.00 0.03 0.02 0.11 0.22 0.34 0.38 0.45 0.58
0.82 0.85 1.02 0.57 0.87 0.83 1.03 1.03 1.07 0.68 0.71 0.58 0.54 0.59 0.42 0.45 0.22 0.21 0.30 0.30 0.25 0.23 0.21 0.18 0.20 0.06 0.11 0.19 0.15 0.14 0.22 0.32 0.39 0.43 0.28 0.35 0.19 0.30 0.21 0.27 0.32 0.29 0.31 0.34 0.32 0.50 0.63 0.70 0.66 0.71 0.90 1.11 1.21 1.22 1.13 1.12 1.35 1.43 1.34 1.26 1.08 0.80 0.65 0.52 0.20 0.12 0.08 0.04 0.02 0.03 0.04 0.04 0.01 0.00 0.00 0.00 0.03 0.07 0.04 0.16 0.28 0.35 0.44 0.53
0.92 0.83 0.65 0.64 0.62 0.91 0.97 0.98 0.75 0.68 0.84 0.65 0.68 0.79 0.69 0.60 0.51 0.29 0.19 0.23 0.24 0.26 0.28 0.28 0.23 0.10 0.13 0.20 0.18 0.20 0.31 0.36 0.37 0.38 0.22 0.16 0.17 0.21 0.20 0.21 0.37 0.38 0.33 0.16 0.29 0.45 0.51 0.60 0.50 0.65 0.85 0.95 1.07 1.05 1.09 1.18 1.37 1.49 1.55 1.16 0.97 0.91 0.75 0.48 0.31 0.23 0.12 0.04 0.04 0.05 0.07 0.08 0.02 0.00 0.00 0.00 0.02 0.02 0.06 0.08 0.22 0.35 0.42 0.54
0.77 0.85 0.78 0.70 0.96 0.88 0.66 0.93 0.81 0.67 0.68 0.89 0.91 0.79 0.83 0.87 0.53 0.25 0.22 0.31 0.32 0.22 0.30 0.21 0.30 0.06 0.04 0.11 0.24 0.26 0.25 0.32 0.33 0.36 0.27 0.20 0.17 0.16 0.21 0.19 0.19 0.43 0.38 0.34 0.09 0.45 0.50 0.50 0.49 0.72 0.84 1.00 1.07 1.05 1.27 1.36 1.37 1.43 1.43 1.03 1.29 1.05 0.74 0.60 0.37 0.24 0.13 0.06 0.05 0.07 0.12 0.09 0.01 0.00 0.00 0.00 0.00 0.00 0.01 0.07 0.20 0.28 0.44 0.55
1.11 0.47 0.74 0.90 0.50 0.92 0.78 1.13 1.21 1.01 0.87 1.16 0.99 0.83 0.91 0.66 0.64 0.51 0.46 0.34 0.15 0.20 0.22 0.30 0.34 0.08 0.03 0.03 0.31 0.20 0.23 0.26 0.13 0.34 0.26 0.18 0.35 0.20 0.17 0.21 0.23 0.43 0.44 0.22 0.27 0.37 0.52 0.61 0.64 0.75 0.84 0.88 0.99 1.12 1.24 1.31 1.19 1.21 1.20 0.99 1.47 1.24 0.95 0.64 0.51 0.34 0.16 0.18 0.14 0.13 0.10 0.04 0.00 0.00 0.00 0.00 0.00 0.00 0.00 0.05 0.09 0.22 0.43 0.50
1.00 1.00 0.96 0.96 1.10 1.14 0.88 0.81 1.32 1.04 1.04 0.85 0.97 0.93 0.93 0.76 0.64 0.55 0.45 0.26 0.26 0.26 0.23 0.25 0.29 0.06 0.05 0.02 0.24 0.16 0.20 0.22 0.06 0.28 0.22 0.10 0.40 0.23 0.08 0.24 0.13 0.27 0.39 0.31 0.12 0.37 0.45 0.51 0.56 0.69 0.68 0.68 0.74 0.96 1.09 1.18 1.21 1.07 1.09 1.12 1.48 1.16 0.86 0.58 0.51 0.44 0.27 0.28 0.24 0.12 0.09 0.07 0.00 0.00 0.00 0.00 0.00 0.00 0.00 0.02 0.10 0.19 0.32 0.38
0.80 0.96 0.94 1.16 0.85 0.93 0.63 0.85 1.23 0.88 0.76 0.99 0.99 0.95 0.78 0.76 0.61 0.78 0.56 0.52 0.44 0.41 0.28 0.28 0.26 0.28 0.11 0.09 0.04 0.17 0.22 0.18 0.15 0.34 0.33 0.36 0.38 0.30 0.11 0.12 0.15 0.13 0.36 0.30 0.32 0.35 0.31 0.34 0.42 0.53 0.56 0.56 0.53 0.53 0.69 0.88 0.94 1.05 0.88 1.26 1.34 1.10 0.71 0.61 0.49 0.39 0.29 0.27 0.19 0.07 0.07 0.05 0.03 0.01 0.00 0.00 0.00 0.00 0.00 0.00 0.05 0.03 0.21 0.41
0.93 1.09 0.92 0.90 1.11 0.77 1.00 0.60 1.07 1.02 1.09 1.06 0.94 0.90 0.83 0.84 1.09 1.01 0.80 0.63 0.39 0.30 0.31 0.20 0.30 0.32 0.18 0.06 0.14 0.13 0.18 0.21 0.27 0.37 0.37 0.35 0.29 0.31 0.17 0.16 0.15 0.13 0.34 0.31 0.31 0.25 0.13 0.30 0.34 0.46 0.47 0.49 0.48 0.51 0.64 0.80 0.95 1.00 0.85 1.15 1.23 1.04 0.78 0.93 0.73 0.60 0.47 0.30 0.23 0.09 0.12 0.10 0.05 0.02 0.03 0.00 0.00 0.00 0.00 0.00 0.00 0.06 0.15 0.27
0.80 1.18 1.03 1.03 0.90 0.88 0.56 1.13 0.38 0.69 0.84 0.94 0.95 0.92 0.86 1.10 1.26 1.04 0.79 0.72 0.53 0.40 0.27 0.30 0.29 0.30 0.14 0.20 0.31 0.32 0.26 0.20 0.49 0.55 0.33 0.29 0.16 0.17 0.23 0.21 0.12 0.10 0.29 0.32 0.17 0.26 0.14 0.24 0.29 0.33 0.36 0.51 0.54 0.54 0.64 0.66 0.99 1.12 1.04 1.05 1.07 0.72 1.02 1.01 0.80 0.72 0.51 0.29 0.31 0.16 0.10 0.08 0.09 0.04 0.05 0.02 0.00 0.00 0.00 0.00 0.02 0.06 0.13 0.19
0.89 1.21 0.92 0.76 1.13 0.92 0.56 0.73 0.73 0.85 1.14 0.70 0.99 1.02 1.09 0.89 1.16 1.05 0.86 0.76 0.59 0.59 0.24 0.22 0.26 0.21 0.17 0.33 0.29 0.23 0.16 0.30 0.25 0.34 0.27 0.27 0.11 0.07 0.18 0.15 0.12 0.10 0.24 0.24 0.28 0.18 0.11 0.19 0.23 0.36 0.44 0.54 0.54 0.58 0.59 0.65 0.73 0.80 1.07 1.01 0.93 0.90 1.21 1.18 0.95 0.74 0.46 0.35 0.28 0.25 0.19 0.14 0.12 0.04 0.06 0.01 0.00 0.00 0.00 0.00 0.00 0.05 0.12 0.08
1.11 0.96 1.13 0.88 0.96 0.96 0.85 0.81 0.83 1.02 0.95 1.00 0.65 1.01 1.02 0.89 1.11 0.93 0.78 0.72 0.83 0.63 0.45 0.32 0.25 0.25 0.24 0.35 0.17 0.21 0.20 0.22 0.24 0.25 0.18 0.16 0.12 0.11 0.06 0.13 0.12 0.09 0.18 0.23 0.26 0.22 0.15 0.20 0.21 0.19 0.40 0.43 0.48 0.51 0.44 0.28 0.55 0.84 1.11 0.84 0.93 0.96 1.15 1.13 0.96 0.81 0.53 0.36 0.34 0.36 0.21 0.19 0.17 0.15 0.06 0.02 0.00 0.00 0.00 0.00 0.02 0.03 0.11 0.15
1.20 1.06 0.94 1.09 1.00 0.98 1.12 1.07 1.32 0.82 1.55 1.51 1.86 0.96 1.04 1.30 1.26 1.21 0.84 0.94 0.80 0.68 0.61 0.39 0.39 0.31 0.23 0.16 0.27 0.20 0.31 0.19 0.24 0.20 0.13 0.15 0.15 0.13 0.10 0.09 0.21 0.17 0.22 0.16 0.21 0.22 0.22 0.19 0.14 0.15 0.25 0.32 0.35 0.38 0.39 0.39 0.38 0.64 0.97 0.93 0.92 0.95 1.15 1.23 1.04 0.92 0.65 0.33 0.28 0.30 0.32 0.21 0.28 0.21 0.08 0.06 0.03 0.00 0.00 0.07 0.05 0.05 0.04 0.07
0.98 1.37 0.99 0.89 0.95 1.21 1.92 1.10 0.70 0.63 0.93 1.67 1.42 0.82 1.13 1.29 1.05 1.23 1.13 0.88 0.92 0.92 0.75 0.53 0.28 0.28 0.21 0.27 0.24 0.24 0.16 0.23 0.27 0.14 0.11 0.23 0.14 0.16 0.07 0.16 0.24 0.17 0.11 0.14 0.14 0.16 0.19 0.14 0.04 0.10 0.22 0.16 0.25 0.36 0.34 0.41 0.51 0.62 0.90 0.90 0.88 0.89 1.01 1.16 1.03 0.88 0.70 0.49 0.29 0.31 0.65 0.53 0.30 0.18 0.19 0.08 0.03 0.00 0.01 0.07 0.05 0.04 0.03 0.01
1.02 1.03 1.19 1.24 1.21 0.83 1.20 1.54 1.13 1.31 1.45 1.20 1.52 1.15 0.51 0.61 1.26 1.00 1.51 1.05 1.16 0.99 0.67 0.49 0.22 0.18 0.19 0.40 0.10 0.08 0.09 0.16 0.16 0.15 0.06 0.19 0.27 0.12 0.05 0.07 0.11 0.08 0.10 0.06 0.01 0.07 0.08 0.05 0.01 0.07 0.14 0.19 0.22 0.29 0.36 0.48 0.47 0.47 0.71 1.09 0.98 0.71 0.83 1.24 1.20 1.07 0.99 0.67 0.43 0.38 0.65 0.64 0.36 0.24 0.14 0.11 0.04 0.02 0.00 0.00 0.02 0.02 0.00 0.00
0.75 0.88 0.98 1.32 1.04 1.01 0.95 1.27 1.45 1.40 1.07 1.44 1.09 0.77 0.96 0.92 0.72 1.22 1.73 1.07 1.10 1.18 0.68 0.39 0.31 0.20 0.26 0.21 0.15 0.16 0.06 0.16 0.11 0.04 0.12 0.25 0.14 0.09 0.03 0.01 0.01 0.00 0.10 0.05 0.02 0.03 0.03 0.03 0.00 0.02 0.10 0.19 0.14 0.38 0.20 0.39 0.49 0.44 0.55 0.56 0.75 0.66 0.84 1.15 1.21 1.31 1.00 0.97 0.67 0.48 0.50 0.74 0.29 0.30 0.32 0.11 0.05 0.04 0.00 0.00 0.00 0.00 0.02 0.03
1.37 1.03 1.40 1.29 1.45 0.88 1.79 1.07 1.16 1.71 1.52 1.75 2.32 1.42 0.56 1.07 0.94 0.80 1.20 1.04 1.00 0.89 0.63 0.46 0.45 0.24 0.19 0.21 0.12 0.10 0.08 0.17 0.12 0.12 0.13 0.13 0.11 0.07 0.05 0.05 0.03 0.00 0.00 0.03 0.00 0.01 0.02 0.03 0.01 0.04 0.09 0.11 0.20 0.26 0.13 0.21 0.32 0.26 0.25 0.31 0.57 0.67 0.76 1.20 1.24 1.46 1.07 1.00 0.87 0.46 0.35 0.34 0.47 0.46 0.41 0.25 0.20 0.10 0.02 0.01 0.00 0.04 0.05 0.09
0.53 0.95 1.90 0.92 1.63 1.98 1.91 2.13 1.36 1.53 1.73 2.12 1.99 1.33 0.61 0.72 1.25 1.04 1.02 1.02 0.99 0.79 0.69 0.57 0.55 0.32 0.25 0.29 0.08 0.04 0.11 0.21 0.15 0.08 0.10 0.12 0.14 0.08 0.06 0.06 0.07 0.03 0.02 0.01 0.03 0.05 0.04 0.03 0.01 0.01 0.06 0.05 0.16 0.25 0.26 0.32 0.43 0.42 0.42 0.51 0.54 0.71 0.72 1.00 1.16 0.99 1.18 1.02 1.14 0.80 0.38 0.26 0.80 0.78 0.48 0.30 0.26 0.13 0.04 0.00 0.01 0.13 0.18 0.17
0.30 0.42 0.80 3.86 1.18 2.31 2.64 2.39 2.14 1.57 1.97 1.89 1.73 1.41 0.69 1.49 1.43 1.40 1.50 1.34 0.92 0.90 0.75 0.66 0.64 0.45 0.50 0.25 0.19 0.13 0.17 0.25 0.10 0.08 0.06 0.08 0.07 0.04 0.09 0.06 0.05 0.01 0.03 0.07 0.07 0.07 0.03 0.00 0.00 0.02 0.03 0.03 0.07 0.17 0.20 0.26 0.32 0.39 0.09 0.53 0.48 0.69 0.81 0.76 0.89 1.21 0.99 1.13 1.28 0.87 0.44 0.49 0.69 1.05 0.63 0.32 0.28 0.16 0.05 0.00 0.00 0.03 0.16 0.10
0.66 0.40 0.50 0.76 2.23 1.20 3.20 2.32 4.44 5.26 1.77 1.45 1.61 1.40 1.03 1.50 1.29 1.34 1.55 1.30 1.17 0.96 0.57 0.54 0.62 0.31 0.31 0.35 0.24 0.17 0.17 0.18 0.15 0.04 0.02 0.15 0.12 0.04 0.04 0.00 0.03 0.02 0.00 0.02 0.09 0.04 0.00 0.01 0.01 0.01 0.00 0.00 0.04 0.05 0.12 0.15 0.21 0.32 0.12 0.19 0.37 0.67 0.67 0.71 0.46 1.12 1.11 1.56 1.62 0.97 0.64 0.57 0.73 0.79 0.49 0.42 0.34 0.13 0.04 0.02 0.00 0.00 0.03 0.04
0.50 0.39 0.42 0.63 0.61 3.03 5.33 3.81 2.44 1.73 1.52 1.10 1.70 2.44 1.23 1.42 1.60 1.47 1.25 1.18 1.02 0.43 0.41 0.49 0.50 0.39 0.23 0.40 0.23 0.34 0.29 0.16 0.13 0.07 0.03 0.10 0.05 0.04 0.06 0.05 0.04 0.03 0.01 0.00 0.07 0.00 0.00 0.00 0.00 0.03 0.01 0.03 0.02 0.03 0.09 0.13 0.15 0.16 0.00 0.18 0.39 0.65 0.64 0.67 0.70 1.11 1.34 2.03 1.69 1.09 0.81 0.71 0.51 0.52 0.49 0.49 0.53 0.23 0.09 0.02 0.01 0.00 0.00 0.02
0.59 0.34 0.47 0.60 0.55 0.55 3.83 6.91 3.81 1.68 1.54 1.74 1.55 1.46 1.25 1.11 1.52 0.96 1.33 1.23 0.84 0.48 0.36 1.32 2.48 0.57 0.46 0.49 0.30 0.36 0.29 0.16 0.10 0.06 0.16 0.20 0.07 0.00 0.01 0.05 0.06 0.01 0.03 0.02 0.00 0.00 0.02 0.00 0.03 0.02 0.05 0.03 0.02 0.04 0.13 0.17 0.19 0.07 0.08 0.22 0.49 0.66 0.62 0.43 0.47 0.76 1.60 2.25 1.42 1.00 1.19 1.28 0.75 0.67 0.81 0.30 0.40 0.21 0.14 0.06 0.04 0.01 0.01 0.09
0.26 0.46 0.68 0.26 0.48 0.28 0.93 4.17 7.54 3.02 1.89 1.44 1.70 1.33 1.21 1.52 0.89 1.00 1.44 1.27 1.01 0.93 0.38 0.61 0.91 0.62 0.49 0.47 0.40 0.43 0.30 0.19 0.15 0.12 0.23 0.29 0.06 0.00 0.02 0.01 0.01 0.02 0.01 0.03 0.00 0.03 0.04 0.04 0.05 0.05 0.07 0.05 0.03 0.02 0.12 0.25 0.25 0.23 0.00 0.00 0.37 0.80 0.72 0.52 0.54 0.77 1.01 1.62 1.30 1.13 1.31 1.15 0.93 0.84 0.86 0.80 0.39 0.24 0.21 0.07 0.04 0.02 0.01 0.01
0.35 0.34 0.36 0.57 0.78 0.26 0.54 0.79 2.42 2.26 9.50 3.62 1.95 2.39 1.42 0.98 1.08 0.91 1.20 1.07 1.15 0.39 0.72 0.68 0.92 0.76 0.56 0.62 0.55 0.48 0.43 0.60 0.39 0.38 0.35 0.14 0.06 0.05 0.09 0.02 0.04 0.00 0.00 0.01 0.00 0.01 0.02 0.08 0.07 0.04 0.03 0.04 0.03 0.01 0.04 0.11 0.00 0.03 0.00 0.00 0.00 0.16 0.44 0.52 0.63 0.81 0.91 1.23 1.27 1.61 1.89 1.58 1.02 0.87 0.91 0.79 0.57 0.43 0.18 0.07 0.04 0.02 0.02 0.03
0.17 0.43 0.24 0.36 0.48 1.12 1.06 0.75 1.92 2.88 2.24 7.08 4.76 2.13 2.47 1.19 1.59 0.85 0.58 1.06 0.58 0.43 0.37 0.68 0.27 0.45 0.57 0.48 0.47 0.45 0.50 0.40 0.38 0.33 0.23 0.13 0.07 0.06 0.08 0.07 0.05 0.00 0.03 0.02 0.01 0.01 0.00 0.02 0.03 0.01 0.00 0.01 0.01 0.01 0.00 0.01 0.00 0.05 0.00 0.00 0.25 0.33 0.33 0.48 0.83 0.90 0.93 1.17 1.52 2.37 2.71 1.76 1.05 0.85 0.63 0.69 0.59 0.46 0.33 0.07 0.03 0.02 0.01 0.01
0.49 0.40 0.42 0.70 0.58 1.06 2.82 2.61 2.30 2.01 1.66 2.12 1.78 4.61 1.80 1.88 1.27 1.01 0.68 0.81 0.51 0.45 0.32 0.26 0.23 0.41 0.38 0.56 0.51 0.49 0.46 0.40 0.30 0.24 0.15 0.09 0.05 0.12 0.29 0.16 0.05 0.04 0.05 0.02 0.03 0.00 0.00 0.00 0.00 0.00 0.00 0.01 0.00 0.02 0.02 0.02 0.08 0.13 0.15 0.22 0.17 0.26 0.27 0.41 0.71 0.12 0.54 0.73 0.91 2.39 2.83 1.78 1.54 1.35 1.01 0.88 0.85 0.51 0.29 0.11 0.09 0.06 0.03 0.01
0.50 0.60 0.32 0.54 0.57 1.69 2.25 4.21 4.84 1.84 1.65 1.70 1.52 1.85 3.36 2.09 2.40 1.88 1.10 0.89 0.53 0.48 0.27 0.23 0.73 0.74 0.61 0.65 0.58 0.55 0.50 0.43 0.28 0.24 0.15 0.14 0.22 0.17 0.40 0.31 0.09 0.05 0.04 0.04 0.02 0.01 0.01 0.00 0.00 0.00 0.00 0.03 0.07 0.07 0.04 0.03 0.02 0.17 0.23 0.32 0.34 0.23 0.12 0.22 0.67 0.02 0.55 0.57 1.09 1.91 2.68 2.07 2.10 1.69 1.31 0.85 0.73 0.48 0.23 0.15 0.08 0.07 0.06 0.02
0.30 0.42 0.69 0.45 0.30 0.52 2.05 3.23 5.02 1.70 1.69 1.57 1.85 1.62 2.57 4.53 1.52 2.71 1.48 1.19 0.77 0.48 0.29 0.32 1.12 0.98 0.97 0.43 0.37 0.64 0.44 0.34 0.27 0.32 0.25 0.23 0.41 0.37 0.32 0.14 0.05 0.08 0.05 0.02 0.02 0.01 0.00 0.00 0.00 0.00 0.00 0.00 0.04 0.04 0.09 0.03 0.01 0.08 0.10 0.08 0.07 0.17 0.18 0.27 0.30 0.29 0.53 1.52 2.38 2.16 2.80 1.95 2.56 2.13 1.38 0.73 0.67 0.28 0.22 0.06 0.10 0.09 0.05 0.06
0.55 0.29 0.24 0.34 0.68 0.41 0.23 0.75 4.28 0.86 1.82 1.69 2.81 1.85 1.23 2.38 4.04 2.30 2.24 1.74 0.90 0.53 0.30 0.29 1.09 1.04 0.30 0.23 0.37 0.42 0.24 0.47 0.26 0.41 0.09 0.12 0.39 0.32 0.12 0.05 0.05 0.04 0.03 0.07 0.05 0.02 0.00 0.00 0.00 0.00 0.00 0.00 0.01 0.01 0.02 0.01 0.01 0.01 0.06 0.07 0.07 0.11 0.27 0.39 0.36 0.58 1.07 1.65 1.82 2.43 2.10 1.84 2.73 2.17 1.20 0.74 0.47 0.54 0.50 0.34 0.16 0.10 0.00 0.05
0.47 0.71 0.86 0.50 0.17 0.19 1.32 0.63 0.38 1.15 1.86 2.20 4.86 3.73 3.38 2.21 1.75 2.74 4.21 1.57 1.50 0.68 0.69 0.55 0.41 0.59 0.45 0.32 0.46 0.31 0.31 0.29 0.12 0.19 0.07 0.09 0.33 0.18 0.07 0.08 0.09 0.05 0.04 0.03 0.00 0.02 0.00 0.00 0.00 0.00 0.00 0.00 0.00 0.00 0.00 0.00 0.01 0.02 0.03 0.03 0.07 0.05 0.42 0.41 0.38 0.33 0.87 1.17 0.84 0.88 1.64 1.86 2.58 1.59 1.86 1.10 0.97 1.18 0.35 0.46 0.18 0.05 0.03 0.04
0.69 0.72 0.65 0.74 0.94 0.48 0.78 1.36 1.13 0.48 1.73 1.85 2.19 2.78 2.50 1.66 1.78 1.07 1.81 2.67 1.95 1.47 1.09 0.66 0.51 0.49 0.60 0.61 0.47 0.22 0.27 0.38 0.19 0.23 0.17 0.09 0.08 0.06 0.10 0.12 0.13 0.12 0.13 0.06 0.04 0.04 0.02 0.02 0.02 0.01 0.01 0.00 0.00 0.00 0.00 0.00 0.00 0.03 0.00 0.03 0.03 0.31 0.25 0.23 0.29 0.31 1.39 0.30 0.23 0.04 1.66 2.77 2.25 0.93 1.68 1.43 1.20 0.56 0.38 0.16 0.24 0.12 0.07 0.06
0.64 0.90 0.98 0.87 0.76 0.94 4.03 0.93 0.63 1.09 1.78 1.91 1.89 2.05 1.49 1.74 1.86 1.80 1.81 1.27 1.90 1.75 1.11 1.07 0.58 0.52 0.61 0.46 0.32 0.19 0.22 0.30 0.28 0.13 0.10 0.10 0.18 0.09 0.19 0.25 0.18 0.25 0.09 0.06 0.04 0.05 0.03 0.05 0.01 0.01 0.01 0.00 0.00 0.01 0.01 0.01 0.01 0.01 0.03 0.06 0.13 0.12 0.22 0.15 0.34 0.33 0.76 0.59 0.08 0.94 2.60 2.27 1.42 0.91 0.63 0.46 0.46 0.36 0.35 0.33 0.27 0.14 0.11 0.08
0.67 0.78 0.86 1.18 1.18 1.34 1.79 1.63 2.52 0.80 1.51 1.90 1.64 1.85 1.77 1.60 1.76 1.96 1.98 1.15 0.66 0.86 1.18 1.53 0.97 0.52 0.43 0.46 0.30 0.29 0.44 0.32 0.19 0.19 0.24 0.19 0.12 0.06 0.06 0.18 0.34 0.15 0.06 0.02 0.04 0.07 0.02 0.03 0.00 0.00 0.00 0.00 0.00 0.01 0.01 0.01 0.00 0.03 0.03 0.06 0.06 0.06 0.06 0.11 0.21 0.35 0.85 1.08 1.71 2.27 2.34 1.16 0.86 1.82 1.32 0.84 0.56 0.41 0.50 0.50 0.31 0.30 0.18 0.09
0.65 0.75 2.43 1.97 0.95 1.46 1.63 2.41 1.48 3.50 3.79 2.01 1.91 1.26 1.73 1.68 1.36 2.05 2.17 1.50 0.89 0.85 0.97 1.29 1.03 1.01 1.04 0.65 0.67 0.96 0.80 0.98 0.37 0.30 0.35 0.40 0.63 0.54 0.28 0.40 0.24 0.06 0.05 0.02 0.03 0.06 0.04 0.03 0.00 0.01 0.01 0.00 0.01 0.00 0.00 0.00 0.01 0.03 0.03 0.03 0.04 0.04 0.09 0.18 0.29 0.61 0.87 0.99 1.19 1.96 0.78 1.13 2.29 2.23 3.00 1.85 0.81 1.33 0.35 0.67 0.54 0.28 0.13 0.06
0.45 0.72 1.00 1.35 2.19 2.07 1.66 1.93 2.42 1.76 2.96 3.67 4.47 1.00 1.34 1.12 1.15 2.43 1.79 1.59 1.96 1.67 0.93 0.97 1.17 1.32 1.45 1.32 1.26 1.31 1.15 0.90 0.87 0.38 0.27 0.50 0.48 0.44 0.31 0.30 0.11 0.03 0.02 0.02 0.06 0.05 0.02 0.00 0.01 0.01 0.04 0.02 0.02 0.01 0.00 0.00 0.00 0.01 0.01 0.05 0.03 0.03 0.10 0.18 0.42 0.93 0.33 0.34 0.61 0.49 0.34 0.67 1.54 1.69 2.36 2.03 1.24 0.42 0.80 0.45 0.17 0.11 0.15 0.21
0.86 0.99 1.29 1.94 2.08 1.91 3.35 3.10 1.81 2.25 4.00 5.19 3.41 2.07 1.27 1.32 1.47 2.10 1.63 1.83 1.95 1.53 1.42 1.39 1.56 1.41 1.20 1.36 1.27 1.63 1.01 1.09 1.09 0.86 0.22 0.43 0.31 0.36 0.41 0.37 0.24 0.09 0.09 0.02 0.02 0.03 0.02 0.00 0.04 0.02 0.04 0.05 0.02 0.02 0.02 0.00 0.00 0.00 0.00 0.02 0.00 0.13 0.13 0.15 0.65 0.83 0.62 0.62 0.43 0.51 1.03 1.70 1.99 2.10 2.30 2.39 0.85 0.54 0.25 0.44 0.37 0.37 0.26 0.23
0.92 1.71 2.12 2.25 2.28 2.14 3.07 2.87 1.66 1.46 4.84 2.68 2.60 3.20 1.65 2.08 1.98 1.92 1.28 1.32 1.89 1.55 1.56 1.79 1.86 1.41 1.17 1.30 0.54 1.77 1.04 1.48 1.18 0.57 0.78 0.52 0.46 0.34 0.39 0.43 0.05 0.02 0.06 0.06 0.05 0.04 0.02 0.01 0.06 0.11 0.06 0.08 0.00 0.00 0.00 0.00 0.00 0.00 0.01 0.01 0.02 0.18 0.14 0.12 0.71 0.33 0.83 0.28 0.72 0.65 1.87 1.38 1.43 4.50 1.91 1.87 0.89 1.07 0.80 0.46 0.57 0.43 0.30 0.25
1.48 1.73 1.75 1.66 2.58 2.47 2.44 1.50 1.34 1.41 3.08 5.21 2.77 4.06 2.11 2.38 2.61 1.62 1.41 1.71 1.65 1.83 1.92 2.18 1.71 1.60 1.91 1.40 0.97 1.72 1.91 1.57 1.32 1.41 1.22 0.90 0.57 0.19 0.12 0.05 0.03 0.09 0.07 0.05 0.05 0.01 0.02 0.00 0.01 0.05 0.03 0.06 0.00 0.00 0.00 0.00 0.00 0.00 0.01 0.00 0.02 0.04 0.13 0.12 0.05 0.08 0.20 0.69 0.83 0.64 0.96 1.99 1.34 3.68 2.43 2.16 2.70 3.00 1.76 0.61 0.69 0.78 0.42 0.82
