24h/PH_20111105060000.asc
NCOLS 95
NROWS 110
XLLCENTER 939500
YLLCENTER 1831500
CELLSIZE 1000
NODATA_VALUE -999
[rows 37 to 73 of 110, columns 0 to 82 of 95]
2.68 2.67 2.61 2.76 3.57 4.62 3.77 3.71 1.59 1.76 5.05 5.37 5.93 4.13 1.59 1.70 1.34 1.29 1.35 1.44 1.52 2.64 2.94 2.82 2.99 2.43 2.50 2.77 1.66 3.06 3.67 4.16 5.80 13.72 8.53 10.10 8.26 9.55 7.38 7.61 4.98 3.63 3.27 2.97 2.41 1.39 1.42 1.93 0.99 1.17 0.48 0.16 0.01 0.01 0.07 0.02 0.23 0.49 0.73 0.82 0.62 0.81 0.61 0.95 1.88 1.78 1.42 1.59 1.83 1.92 1.34 0.88 0.82 0.77 0.63 0.51 0.27 0.28 0.48 0.59 0.45 0.38 0.16
3.45 2.64 1.47 2.07 4.64 4.24 3.65 3.43 1.82 1.63 1.72 4.37 4.33 1.88 1.61 1.63 2.85 2.55 2.46 3.23 2.44 2.62 3.16 3.35 3.85 3.73 2.64 2.14 4.09 4.01 5.32 5.71 6.78 10.89 6.94 9.23 12.50 11.45 9.47 5.87 4.72 3.52 3.27 3.89 3.11 1.81 1.70 2.15 1.41 1.09 0.23 0.62 0.61 0.21 0.15 0.18 0.03 0.77 0.74 0.79 0.87 0.76 0.63 0.88 2.06 1.97 1.87 1.80 2.30 1.40 1.93 1.04 0.60 0.41 0.65 0.40 0.47 0.48 0.43 0.55 0.23 0.32 0.28
2.18 1.75 1.48 1.50 3.32 3.07 4.04 4.06 2.64 1.71 1.83 5.11 3.72 1.89 1.86 1.66 2.53 4.52 4.17 3.65 3.19 3.79 3.29 3.36 3.54 4.04 4.40 5.88 5.19 4.15 4.08 5.31 6.00 8.42 9.02 10.05 14.10 12.03 10.00 6.32 7.10 4.13 3.57 3.38 3.01 2.12 1.87 2.16 1.65 0.81 0.73 0.99 1.18 0.10 0.26 0.25 0.69 0.69 0.67 0.78 0.89 0.65 0.67 1.37 1.31 2.70 2.11 1.79 0.96 1.22 1.15 0.82 1.10 0.98 0.86 0.23 0.49 0.53 0.32 0.45 0.32 0.35 0.26
2.02 1.38 4.01 1.43 2.42 3.61 4.40 3.66 4.31 3.05 3.30 4.79 3.62 1.76 1.69 1.59 2.11 3.58 3.34 3.42 3.49 4.31 2.90 3.99 3.80 4.29 3.84 3.55 2.94 4.04 3.33 4.78 6.44 8.16 9.72 11.80 10.24 10.26 9.67 6.68 5.27 5.36 3.57 3.16 2.89 2.39 2.02 1.93 1.71 0.82 0.86 1.12 1.27 0.14 0.22 0.48 0.63 0.59 0.60 0.66 0.57 0.70 1.00 1.37 1.50 1.86 1.84 1.22 0.79 1.44 1.52 1.57 1.48 0.66 0.46 0.23 0.21 0.35 0.28 0.39 0.32 0.31 0.51
3.83 1.82 1.49 1.32 1.41 2.60 3.95 4.49 4.88 5.64 4.76 3.72 3.23 4.22 2.68 2.92 2.96 3.35 3.14 3.30 3.60 3.83 2.67 3.70 5.37 4.71 4.05 4.26 2.67 3.35 3.99 4.55 7.01 8.69 10.98 12.18 11.77 10.61 10.45 8.90 4.61 4.00 3.02 2.23 2.37 2.72 1.92 1.62 1.63 1.10 1.14 1.95 0.94 0.57 0.37 0.49 0.60 0.60 0.51 0.53 0.44 0.97 1.38 1.21 0.87 1.60 1.34 1.00 0.73 1.13 1.47 2.11 1.09 0.52 0.52 0.32 0.52 0.21 0.32 0.60 0.68 0.85 0.78
4.97 2.80 1.50 1.39 1.21 1.49 3.66 6.37 5.29 5.82 5.06 6.02 2.67 4.85 3.99 4.08 3.57 3.52 2.90 2.58 2.44 2.58 3.27 3.88 6.40 5.93 4.89 5.45 3.89 5.13 4.85 7.28 6.22 7.70 9.43 11.53 10.78 11.08 10.84 9.03 8.78 6.07 3.53 2.42 2.39 3.30 2.07 1.58 1.94 1.84 1.23 1.31 0.85 0.43 0.59 0.55 0.56 0.51 0.52 0.57 0.86 1.07 1.41 0.90 0.75 0.82 0.42 0.81 0.40 0.80 1.57 1.49 1.87 0.50 0.43 0.39 0.37 0.65 1.00 0.93 0.97 0.72 1.03
1.87 2.01 1.69 1.44 1.39 1.37 2.08 6.46 6.25 5.43 5.80 6.65 5.11 5.03 4.98 5.19 4.13 3.63 3.31 2.73 2.66 3.05 3.78 4.93 4.67 5.84 5.61 5.95 5.55 4.42 6.39 6.26 7.47 9.42 9.24 10.64 9.53 8.84 10.70 9.06 7.88 6.26 5.21 2.95 2.83 3.61 2.60 2.00 2.58 2.40 1.04 1.07 0.86 0.59 0.67 0.75 0.58 0.55 0.76 0.86 1.06 1.34 1.39 1.20 0.73 1.27 1.43 0.92 0.56 1.07 1.55 1.35 1.57 1.00 0.93 0.60 0.63 0.64 0.66 0.74 0.74 0.81 0.70
1.25 1.34 2.09 1.32 1.33 1.45 2.42 6.58 6.58 5.28 5.11 7.63 6.21 6.14 6.81 5.65 5.19 4.09 3.61 3.39 2.84 2.87 3.32 4.26 4.55 5.24 5.19 5.98 6.09 6.21 6.03 4.57 7.53 8.62 9.84 11.59 10.16 9.24 9.82 9.49 7.36 5.84 5.09 3.55 3.67 4.09 3.14 2.75 3.10 2.74 1.10 0.67 0.69 0.70 1.05 0.61 0.58 0.74 0.95 0.90 1.18 1.46 1.53 1.42 1.38 0.54 0.40 0.54 0.81 1.06 1.17 1.06 1.47 1.00 0.80 0.59 0.35 0.41 0.64 1.19 1.87 1.85 1.33
1.70 2.83 2.33 1.85 1.25 1.82 2.37 3.66 4.69 4.93 6.25 7.16 5.92 5.93 6.80 6.28 5.45 4.51 4.18 3.98 3.53 4.60 4.89 4.40 4.36 4.17 4.26 5.79 6.80 6.08 5.48 6.28 5.78 5.95 8.63 8.68 11.01 9.61 9.78 9.24 7.54 5.97 5.17 3.70 3.66 3.91 3.57 3.65 3.00 2.36 1.20 0.76 0.51 1.05 1.07 0.70 0.79 1.04 1.02 0.95 1.01 1.27 1.38 1.54 0.79 0.56 0.62 0.51 0.98 1.10 0.93 1.33 1.12 1.11 0.93 0.58 0.59 0.85 0.96 1.81 1.65 2.97 1.29
1.28 3.83 3.01 2.16 2.00 1.76 1.94 3.91 4.26 4.56 5.10 4.97 4.93 5.23 5.64 5.70 5.54 4.89 4.00 4.68 3.32 3.44 3.97 4.59 4.98 4.97 5.28 6.22 6.58 6.41 5.98 5.76 5.28 5.26 7.59 9.29 10.15 9.24 9.98 9.21 7.10 5.63 5.43 3.50 3.17 3.27 3.68 5.38 3.12 1.80 1.07 0.54 0.38 0.90 0.82 0.57 0.80 1.04 1.15 1.02 1.11 0.94 1.47 1.79 0.73 0.66 0.53 0.67 0.96 0.71 0.93 1.11 1.29 1.90 1.10 1.07 0.92 1.29 1.34 2.13 1.55 1.75 1.21
1.18 4.80 4.88 2.62 2.60 1.57 1.53 2.33 6.00 5.33 6.45 5.72 5.82 5.51 5.64 5.56 5.59 5.50 4.84 4.59 4.07 3.82 3.63 3.94 4.61 5.28 6.36 6.62 8.06 8.03 6.80 6.27 6.37 6.00 7.34 11.24 12.89 12.77 10.92 9.47 7.67 5.85 5.34 3.64 2.59 2.60 3.55 6.70 3.09 1.93 1.62 0.64 0.41 0.66 0.77 0.61 0.95 0.97 0.96 1.01 0.99 1.01 1.21 1.26 0.96 0.48 0.36 0.36 0.41 0.43 1.03 1.46 1.51 0.88 1.26 1.30 1.30 1.40 1.47 1.36 1.33 2.40 3.35
3.33 7.60 8.58 4.93 3.05 1.73 2.15 2.25 3.93 8.26 7.98 6.93 7.41 7.53 6.65 6.59 6.34 7.22 6.12 5.52 4.05 3.81 4.05 3.87 4.22 5.81 6.95 7.24 7.48 8.09 6.60 7.71 6.86 8.06 7.75 9.36 10.29 11.49 10.69 9.68 9.10 8.22 6.55 4.64 2.62 2.37 3.26 5.39 3.14 2.01 1.90 0.87 0.67 0.77 0.74 0.49 0.80 1.07 1.19 1.38 0.97 1.19 1.18 1.10 0.99 0.45 0.28 0.30 0.33 0.48 1.10 1.36 2.27 1.50 1.26 1.26 1.32 1.66 1.60 1.61 1.78 2.32 3.03
8.09 7.68 8.99 2.29 1.98 5.82 1.93 1.40 4.14 5.48 8.42 5.79 5.69 7.84 7.87 6.32 6.41 6.52 5.84 5.03 4.11 4.07 4.20 4.30 4.39 5.38 6.45 6.18 5.04 7.38 7.12 7.93 8.20 9.79 7.97 9.18 9.62 10.73 9.54 9.54 8.20 7.95 8.76 4.93 3.08 2.21 3.64 3.89 3.22 2.28 1.85 1.10 0.64 0.80 0.58 0.57 0.90 1.06 1.58 1.84 0.95 1.08 1.25 1.42 1.32 0.68 0.32 0.33 0.39 0.65 1.41 1.33 1.34 1.57 1.32 1.13 1.33 1.30 1.42 1.79 2.57 1.70 1.95
10.91 9.21 5.47 1.16 1.34 2.54 1.65 1.50 4.87 4.12 5.17 6.04 6.88 5.89 5.89 5.60 6.15 7.26 6.31 5.41 4.07 5.13 5.39 5.25 5.06 6.53 5.85 6.55 7.70 8.45 8.41 8.12 7.31 9.21 7.77 6.87 8.44 10.14 9.05 7.89 7.70 7.97 8.28 5.73 3.75 2.79 3.52 3.43 3.27 2.51 1.49 0.95 0.61 0.74 0.34 0.71 0.80 0.97 1.76 2.01 1.24 1.30 1.19 1.25 1.30 0.72 0.39 0.40 0.44 0.70 1.18 1.03 1.37 1.37 1.19 1.08 0.94 0.96 1.36 1.57 2.04 1.72 1.49
11.55 12.43 9.14 2.12 1.97 3.62 2.48 2.61 2.29 3.44 4.04 5.83 6.93 3.70 3.76 5.43 8.14 8.04 6.91 6.68 4.63 5.64 4.51 4.66 4.48 5.85 5.57 6.36 7.27 8.14 8.77 8.27 7.79 8.31 7.53 6.21 6.00 8.86 9.82 7.73 9.25 7.65 7.48 6.38 4.53 3.15 3.77 2.89 0.34 2.74 1.35 0.80 0.52 0.32 0.32 0.73 0.68 1.10 1.61 1.74 1.24 1.17 1.16 1.16 1.22 0.67 0.44 0.55 0.44 0.61 0.72 0.70 1.30 1.16 1.00 1.08 0.96 0.82 1.04 1.49 1.85 1.54 1.37
7.35 9.53 7.11 3.11 1.93 3.16 3.41 1.40 1.67 3.36 3.48 5.01 5.42 3.98 4.99 6.99 8.15 7.39 5.51 6.14 4.62 5.32 3.87 5.78 4.88 5.45 5.46 6.70 7.61 8.56 9.78 9.39 8.39 8.94 9.49 7.87 6.10 7.12 9.28 8.61 10.29 7.21 5.47 5.45 4.57 3.14 3.30 2.02 0.05 1.32 1.43 1.10 0.64 0.20 0.25 0.47 0.45 0.66 1.14 1.51 1.41 1.05 1.23 1.48 0.96 0.64 0.67 0.51 0.49 0.56 0.52 0.76 1.32 0.76 0.97 0.96 1.86 1.26 1.27 1.58 1.81 1.72 1.55
8.83 10.45 10.47 7.42 3.34 4.82 2.43 1.77 2.30 2.58 5.08 6.03 5.54 5.53 6.56 8.90 8.28 5.89 5.12 6.28 4.93 6.39 7.04 6.55 5.82 5.68 5.64 6.95 7.46 9.66 10.42 10.64 9.78 10.10 12.24 9.52 6.90 7.73 9.14 7.79 9.07 6.92 5.90 6.20 5.00 3.04 2.36 2.22 0.87 3.27 2.00 1.47 1.03 0.33 0.47 0.45 0.32 0.84 1.15 1.45 1.65 1.13 1.40 1.74 1.27 1.11 0.75 0.48 0.37 0.42 0.34 0.81 1.10 0.88 1.30 1.16 0.96 1.07 1.00 1.26 1.79 2.03 1.87
11.22 9.52 8.98 10.11 5.50 1.65 1.52 1.20 1.56 1.86 4.52 9.01 5.64 6.79 6.44 6.60 8.11 9.52 7.62 6.66 6.18 5.94 6.65 5.84 6.56 6.53 6.40 6.98 8.40 10.12 10.98 10.79 9.18 8.58 8.50 7.92 7.96 6.72 8.68 8.09 7.98 7.35 6.61 6.65 5.98 3.33 2.09 1.98 2.97 3.80 1.82 1.90 1.39 0.48 0.76 0.36 0.33 0.67 0.77 1.25 1.55 1.35 1.31 1.69 1.18 0.96 0.74 0.48 0.38 0.35 0.50 1.16 1.34 1.06 1.20 0.95 0.59 0.90 1.00 1.52 2.00 2.10 1.89
11.18 8.57 9.66 13.36 7.21 2.40 1.05 1.28 1.48 3.14 2.64 9.09 7.20 3.52 7.20 10.51 10.57 10.74 7.49 5.61 7.79 5.21 5.36 5.12 5.73 5.91 5.61 6.00 8.92 9.17 9.77 9.97 8.87 8.02 7.11 6.69 7.54 6.29 7.59 9.49 8.05 7.00 6.76 6.17 5.58 4.11 2.03 2.12 2.46 3.71 2.93 1.72 1.50 0.65 0.87 0.33 0.40 1.24 0.87 1.04 1.58 1.12 1.24 1.10 0.99 0.86 0.81 0.37 0.48 0.53 0.69 1.16 1.38 1.31 0.92 0.42 0.91 0.56 1.20 1.39 1.86 1.90 1.62
15.24 15.14 12.09 18.04 9.92 3.26 1.47 1.43 2.72 1.86 4.65 8.74 6.98 5.83 6.73 9.20 10.84 8.98 8.84 9.05 7.67 5.88 5.91 6.26 5.82 5.77 5.48 6.19 7.32 7.92 10.25 10.11 9.80 9.19 8.04 7.46 7.95 7.88 7.42 9.23 7.94 7.05 8.26 5.95 5.06 4.59 2.50 2.39 2.12 4.42 3.33 1.99 1.29 0.74 0.67 0.37 0.64 1.62 1.30 1.67 1.81 1.19 0.85 1.00 0.90 0.76 0.81 0.33 0.46 0.48 0.74 0.98 1.40 1.36 0.70 0.43 0.73 0.86 0.62 1.31 1.67 1.44 1.35
12.90 14.03 16.06 18.21 16.16 5.85 5.70 3.10 2.06 2.07 2.30 5.06 6.91 7.19 7.08 8.14 8.47 9.53 9.81 8.20 7.67 6.54 6.34 6.49 7.04 7.20 7.69 7.59 8.58 9.11 10.12 10.82 12.07 9.79 9.21 8.51 10.00 9.95 8.82 9.14 7.06 8.13 8.61 5.28 4.55 5.65 3.54 2.44 2.07 4.64 3.86 1.80 1.00 0.78 0.83 0.50 1.00 1.21 1.14 1.63 1.96 1.30 0.89 0.86 0.98 0.80 0.61 0.39 0.48 0.46 0.76 0.79 1.21 1.10 0.70 0.45 0.50 0.67 1.67 1.74 1.76 1.79 1.70
14.74 13.87 14.87 12.51 4.72 4.91 1.72 3.43 3.50 2.04 3.20 4.44 5.81 6.38 7.80 7.68 10.03 9.69 11.21 8.23 8.48 8.26 6.72 7.98 6.75 7.59 8.54 9.02 7.95 7.46 8.08 10.44 10.30 9.60 11.11 12.63 11.93 10.21 10.48 9.96 6.79 7.39 8.01 4.41 4.35 4.61 4.31 2.83 2.74 4.47 3.70 1.87 1.24 -999 1.26 0.96 0.78 0.77 0.83 1.31 1.66 1.16 0.85 0.88 1.07 0.86 0.76 0.44 0.38 0.31 0.43 0.68 1.01 0.88 0.69 0.54 0.89 0.66 0.82 1.80 2.27 2.78 2.28
10.37 12.33 16.29 11.88 1.90 5.82 3.55 4.27 4.74 3.13 3.00 3.35 3.91 4.64 7.85 5.95 8.39 7.37 10.23 9.75 6.61 6.77 6.28 8.15 7.24 7.14 6.40 6.83 7.29 6.61 8.93 8.93 9.55 9.65 8.97 11.28 12.90 10.03 8.29 9.84 7.13 6.79 5.68 5.23 4.21 4.83 4.95 2.74 3.64 3.91 3.31 2.17 1.28 1.04 -999 0.91 0.59 0.30 0.65 1.15 1.45 1.23 0.83 0.81 1.00 0.92 0.64 0.53 0.53 0.34 0.39 1.00 0.98 0.78 0.46 0.32 0.42 0.49 0.63 1.01 1.83 2.45 3.18
10.24 12.42 11.62 6.43 2.55 2.01 3.69 3.08 1.33 1.22 1.42 3.29 2.54 5.28 7.98 9.23 11.50 13.35 15.49 9.49 6.61 9.02 8.28 7.74 6.49 6.77 6.96 6.81 8.13 6.82 9.91 11.44 12.07 9.89 8.90 12.20 9.63 7.09 6.96 7.70 5.95 5.79 5.16 5.42 5.91 5.70 5.19 3.59 3.66 3.56 3.13 2.87 1.73 1.18 1.01 -999 0.41 0.29 0.65 1.05 1.27 1.34 0.96 0.72 0.88 0.90 0.78 0.71 0.62 0.41 0.64 1.00 0.95 0.88 0.45 0.24 0.26 0.25 0.34 0.60 1.27 2.21 1.85
9.13 11.09 8.11 6.15 2.80 4.83 4.88 2.96 1.26 1.22 0.71 3.49 4.40 7.42 9.34 10.66 10.23 11.88 13.90 13.77 8.67 7.41 10.96 8.64 6.61 5.83 7.97 7.44 8.50 9.63 12.03 13.74 14.38 11.34 11.07 11.15 9.86 9.11 8.41 7.58 6.37 7.48 5.01 5.57 7.83 5.93 5.31 3.71 3.44 3.52 3.22 4.31 2.33 1.41 0.99 -999 -999 0.44 0.81 1.07 1.28 1.70 1.04 0.87 0.73 0.84 0.72 0.82 0.47 0.53 0.70 0.87 0.78 0.87 0.42 0.27 0.13 0.32 0.39 1.08 1.41 1.07 1.25
7.91 9.84 9.64 6.97 8.42 4.45 5.06 3.22 2.51 1.74 1.89 3.89 5.34 4.77 7.55 8.58 7.94 12.20 13.91 13.82 10.00 10.38 8.74 6.56 6.86 7.86 9.45 10.31 9.63 8.59 9.61 13.89 14.92 12.28 11.60 12.56 10.12 13.53 11.45 9.62 6.97 7.12 4.79 7.67 8.40 6.49 5.10 3.60 2.77 3.16 3.76 5.41 3.13 1.56 0.93 0.62 -999 -999 1.25 1.14 1.32 1.79 1.35 0.77 0.74 0.94 0.76 0.85 0.66 0.54 0.49 0.50 0.89 1.10 0.54 0.25 0.16 0.34 0.60 0.97 1.26 1.26 1.18
11.67 11.00 10.12 11.19 10.63 11.48 5.24 3.70 2.76 4.96 4.32 2.67 3.37 2.69 4.13 5.07 7.51 7.81 11.04 13.31 13.25 7.97 10.13 9.08 8.57 8.33 8.00 9.62 8.12 9.23 9.24 10.37 16.33 17.62 15.39 13.37 13.81 12.04 11.96 10.50 8.04 6.62 5.23 7.78 7.14 6.21 4.67 3.27 2.38 3.07 4.14 6.30 3.52 1.75 0.95 0.58 0.54 -999 -999 1.21 1.26 1.70 1.27 0.85 1.04 1.18 1.04 1.22 0.71 0.83 0.55 0.52 1.53 1.00 0.54 0.22 0.21 0.30 0.92 1.18 0.96 1.48 1.45
15.99 13.22 10.01 9.45 11.57 11.06 5.50 4.33 3.09 3.40 4.96 4.90 4.02 5.15 3.28 3.27 5.36 7.29 10.14 11.77 16.55 10.82 11.05 10.95 12.34 10.96 8.69 8.68 8.89 10.82 9.26 9.20 15.16 15.46 15.03 14.62 13.20 10.26 11.04 8.98 7.38 6.86 5.03 6.54 6.18 5.23 4.18 3.49 2.95 2.95 4.39 6.33 3.99 2.05 1.20 0.86 0.65 0.00 -999 -999 1.61 1.35 1.07 1.09 1.22 1.14 1.34 1.20 0.92 0.93 0.84 0.98 1.70 0.89 0.51 0.19 0.21 0.49 0.81 1.25 1.62 1.51 1.62
15.47 16.20 16.04 12.98 12.50 11.44 6.46 6.15 6.56 5.57 5.69 5.27 5.14 5.90 3.35 1.92 4.06 9.10 12.09 13.93 15.39 12.79 14.24 14.50 10.39 11.02 10.40 10.23 9.01 12.14 15.87 11.13 14.37 14.29 15.48 12.58 12.86 10.24 10.66 8.56 6.65 6.76 4.50 6.05 5.02 5.05 4.21 3.75 3.90 3.70 4.50 5.49 4.54 2.53 1.38 1.19 0.79 0.67 -999 -999 -999 1.32 1.51 1.75 1.36 1.26 1.30 1.13 1.04 0.99 0.68 0.83 1.15 0.99 0.37 0.20 0.27 0.34 0.48 0.79 1.15 1.61 1.48
15.69 18.03 14.33 12.70 13.35 9.81 6.27 6.48 5.56 4.04 3.88 4.03 3.82 4.10 3.28 3.86 5.26 10.47 14.45 12.45 11.85 15.84 12.67 11.86 11.47 11.63 10.28 8.45 10.29 11.58 13.39 14.77 16.88 18.22 14.70 16.07 12.21 12.01 11.37 9.68 6.16 5.48 4.92 5.16 4.75 5.24 4.95 3.91 4.83 4.31 4.15 5.04 5.07 2.54 1.81 1.26 0.96 0.54 0.43 -999 -999 -999 2.08 2.16 1.11 1.36 1.14 1.11 1.09 0.87 0.78 0.94 1.00 1.14 0.47 0.32 0.25 0.30 0.39 0.94 1.31 1.45 1.45
15.24 13.72 13.14 17.00 15.26 10.38 9.16 7.84 6.58 2.87 2.85 2.42 3.40 2.60 3.36 3.91 5.23 5.71 11.14 12.40 10.21 15.42 14.90 13.34 10.51 10.23 9.60 9.26 10.93 8.96 10.65 11.32 12.22 16.50 16.77 17.34 15.78 15.27 12.78 11.41 7.07 5.81 5.00 4.65 4.46 4.87 5.87 4.87 4.87 4.17 4.09 5.03 5.02 3.14 2.64 1.80 1.02 0.40 0.38 0.07 -999 -999 -999 2.00 1.41 1.09 1.70 1.43 0.82 0.81 0.71 0.97 0.98 1.02 0.60 0.38 0.30 0.25 0.60 1.22 1.42 1.75 1.41
18.65 17.31 17.54 15.58 15.29 8.92 9.99 9.64 7.11 2.86 5.77 4.10 4.11 3.27 4.06 4.45 3.36 4.12 4.93 7.27 10.17 14.15 15.70 16.14 11.80 8.96 10.76 8.38 11.69 10.63 11.36 10.15 10.66 11.42 14.15 21.98 18.13 16.66 16.10 11.73 7.38 5.67 5.23 3.66 3.30 5.39 6.79 5.51 5.70 4.20 4.92 5.42 5.75 3.88 2.62 2.60 1.03 0.36 0.50 0.77 -999 -999 -999 -999 1.75 1.94 2.37 1.68 1.09 0.94 0.93 0.96 1.00 0.90 0.83 0.56 0.34 0.26 0.80 1.21 1.39 1.89 1.69
16.72 19.27 23.06 16.74 14.02 12.06 9.91 9.44 6.20 3.86 5.69 5.33 3.74 4.78 4.51 4.30 4.10 3.96 3.39 5.58 8.17 12.03 15.53 16.52 13.15 14.58 10.89 9.54 9.95 13.59 13.70 10.41 11.18 10.05 10.07 12.98 15.22 16.72 16.08 12.77 6.56 5.77 5.86 3.61 2.92 5.82 6.74 5.13 6.56 4.94 4.69 6.13 5.33 3.98 3.35 2.65 0.88 0.42 0.43 0.88 1.35 -999 -999 -999 -999 2.65 1.84 2.26 1.49 1.10 0.86 0.87 0.92 1.01 0.87 0.68 0.36 0.38 0.70 0.86 1.23 1.44 1.53
10.41 12.84 19.50 16.54 15.08 13.34 9.16 8.39 3.62 2.88 6.02 7.18 4.11 5.60 4.51 3.23 3.02 5.30 4.01 5.78 8.02 11.73 14.36 18.69 17.11 15.46 13.29 9.41 9.78 14.03 14.69 13.13 11.54 8.18 6.28 9.71 10.59 13.27 13.23 10.28 7.13 7.48 5.48 3.86 2.64 4.56 5.48 5.84 6.10 5.32 5.27 5.79 4.44 5.54 3.49 2.19 1.00 0.52 0.45 1.25 1.54 0.06 -999 -999 -999 -999 1.74 1.70 1.18 0.97 1.00 0.83 1.00 1.17 0.82 0.36 0.35 0.53 0.72 0.84 1.35 1.36 1.80
9.54 13.09 14.73 19.13 15.19 10.86 12.40 10.41 5.90 2.67 1.97 3.93 4.27 6.68 3.66 4.64 4.47 5.24 5.86 8.48 12.21 13.18 14.47 15.32 19.12 15.77 11.65 12.01 10.84 14.51 12.89 9.88 10.33 7.26 7.16 8.72 10.71 11.25 12.89 8.55 7.21 8.17 5.84 3.73 3.20 4.06 4.84 5.69 4.91 5.53 5.06 5.92 4.44 6.65 4.10 2.05 1.52 0.72 0.83 1.16 1.27 1.88 -999 -999 -999 -999 -999 1.56 1.38 1.03 0.96 0.96 1.06 1.12 0.70 0.34 0.46 0.55 0.67 1.13 2.23 2.19 2.57
11.70 10.65 11.65 16.73 16.37 12.53 9.88 10.52 8.45 6.04 4.92 4.91 4.55 4.99 3.97 4.76 4.08 6.33 7.51 7.88 8.14 12.71 11.83 15.77 20.97 14.83 13.22 12.15 10.26 9.43 9.51 8.92 7.92 6.44 9.18 9.75 10.53 11.09 10.13 8.84 7.70 8.84 6.55 3.96 3.39 4.12 5.22 6.03 4.73 5.95 5.28 6.03 5.47 6.37 4.83 2.43 1.77 1.03 0.96 1.00 1.12 2.05 3.04 -999 -999 -999 -999 -999 1.34 1.24 0.88 0.94 1.14 0.93 0.51 0.70 0.59 0.65 0.68 1.17 1.75 2.72 3.22
12.21 12.01 15.10 14.80 16.83 14.06 13.18 11.37 12.22 9.56 5.33 4.47 7.33 4.78 4.33 5.11 5.16 7.07 8.70 8.34 4.39 7.43 10.47 15.06 17.01 18.67 14.55 12.02 9.52 9.43 8.59 8.80 8.17 6.79 9.75 10.59 9.66 9.66 9.00 9.50 9.23 8.17 6.34 3.17 3.53 3.99 5.31 5.09 4.87 6.01 5.87 6.59 6.21 6.60 6.06 3.22 1.95 1.65 0.94 0.80 1.48 2.42 4.19 0.01 -999 -999 -999 -999 -999 1.19 1.27 1.24 1.13 1.09 0.69 0.49 0.66 0.79 1.01 1.75 2.48 3.35 3.09
