24h/PH_20111105110000.asc
NCOLS 95
NROWS 110
XLLCENTER 939500
YLLCENTER 1831500
CELLSIZE 1000
NODATA_VALUE -999
[rows 38 to 75 of 110, columns 0 to 83 of 95]
1.48 1.08 2.86 2.08 2.15 1.96 2.17 1.80 1.05 1.02 1.17 0.89 0.82 0.75 0.64 0.79 0.69 1.85 1.00 1.23 1.60 1.40 0.94 0.87 0.66 0.38 0.98 1.12 1.68 1.41 1.74 1.34 2.20 1.42 2.10 2.14 2.71 1.03 0.39 0.19 0.17 0.15 0.31 0.75 0.41 0.41 0.32 0.33 0.26 0.29 0.31 0.63 0.37 0.28 0.17 0.00 0.13 0.21 0.30 0.58 0.33 0.23 0.24 0.29 0.32 0.73 1.72 2.52 2.94 2.55 1.12 0.77 0.20 0.30 0.61 0.42 0.44 0.19 0.18 0.11 0.08 0.12 0.13 0.03
0.87 0.74 0.55 1.28 1.80 2.59 3.09 3.13 1.31 0.90 1.14 1.49 0.96 0.74 0.89 0.90 1.23 1.04 1.43 1.50 1.67 1.42 1.29 1.25 0.67 0.54 0.92 1.61 2.72 2.69 1.44 0.90 1.31 1.91 1.91 2.60 2.03 1.34 0.52 0.30 0.20 0.17 0.28 0.56 0.57 0.47 0.40 0.43 0.48 0.29 0.24 0.57 0.70 0.15 0.05 0.08 0.12 0.19 0.44 0.55 0.31 0.32 0.43 0.36 0.31 0.83 1.58 3.58 2.56 1.23 0.87 0.76 0.30 0.87 0.84 0.53 0.39 0.41 0.20 0.21 0.17 0.19 0.13 0.00
0.97 0.81 0.55 0.89 0.97 1.67 2.13 2.95 2.31 1.14 0.72 1.86 0.95 0.89 1.22 1.30 1.64 1.55 1.88 1.54 1.42 1.64 1.59 1.23 1.00 0.76 1.09 0.78 2.12 1.55 1.78 1.09 1.40 1.50 2.05 1.63 2.69 1.47 0.64 0.29 0.29 0.26 0.34 0.52 0.67 0.57 0.26 0.48 0.58 0.26 0.46 0.48 0.13 0.15 0.09 0.12 0.20 0.37 0.51 0.56 0.26 0.43 0.64 0.15 0.14 0.25 0.69 3.00 1.87 0.86 1.04 2.31 1.30 1.08 0.48 0.57 0.51 0.52 0.51 0.15 0.19 0.03 0.09 0.02
0.82 0.57 0.70 0.76 0.82 1.30 2.03 2.28 2.80 2.01 2.35 1.76 1.16 1.30 2.42 1.88 1.87 1.95 1.96 1.67 1.19 1.33 1.10 1.72 1.82 0.99 1.12 0.73 0.84 0.79 0.88 0.97 1.18 1.70 2.07 1.97 2.09 1.21 0.86 1.22 0.41 0.50 0.42 0.09 0.30 0.80 0.32 0.48 0.56 0.50 0.69 0.43 0.20 0.15 0.19 0.21 0.32 0.41 0.46 0.50 0.25 0.63 0.49 0.17 0.17 0.17 0.42 1.22 1.48 1.25 1.71 2.99 1.06 0.73 0.39 0.75 0.45 0.26 0.30 0.17 0.11 0.16 0.21 0.04
0.50 0.75 0.85 0.81 0.87 1.14 3.40 5.27 5.17 3.20 2.32 2.37 1.51 1.39 2.70 3.84 2.11 2.47 2.18 1.61 1.15 1.27 1.31 1.73 1.24 0.97 0.99 0.60 0.67 0.58 0.54 0.65 0.88 1.93 2.14 2.56 2.08 1.38 1.15 1.37 0.69 0.60 0.17 0.12 0.20 0.41 0.43 0.54 0.56 0.55 0.84 0.29 0.31 0.30 0.44 0.47 0.48 0.43 0.68 0.84 0.44 0.92 0.60 0.37 0.62 0.76 0.52 0.62 0.85 1.25 1.76 3.01 1.13 0.38 0.36 0.30 0.25 0.17 0.20 0.21 0.17 0.29 0.20 0.17
0.45 1.42 0.68 0.65 0.67 0.63 0.99 2.44 3.34 2.33 2.78 2.92 1.74 2.67 2.96 2.21 1.87 2.33 2.12 1.60 1.31 1.05 1.10 1.33 1.61 0.77 0.97 0.76 0.72 0.92 0.99 0.65 0.78 2.13 1.38 2.12 1.79 1.99 1.32 2.44 0.90 0.84 0.54 0.17 0.19 0.43 0.72 0.66 0.64 0.88 0.75 0.45 0.30 0.26 0.46 0.57 0.70 0.43 0.32 1.09 0.96 1.06 0.36 0.23 0.40 0.89 0.67 0.36 0.60 1.77 2.66 2.19 1.29 0.37 0.54 0.41 0.25 0.30 0.23 0.39 0.37 0.23 0.14 0.10
0.53 0.71 0.80 1.86 0.42 0.56 1.15 2.21 2.70 2.18 2.53 3.34 2.98 3.47 2.64 2.48 2.20 2.17 1.96 1.55 1.21 1.20 1.33 1.25 1.29 1.09 1.34 0.67 0.56 1.16 1.65 0.88 1.33 2.80 1.75 1.31 1.85 1.88 1.88 2.63 1.42 1.03 0.59 0.27 0.21 0.52 0.70 0.62 0.84 0.84 0.78 0.38 0.29 0.43 0.36 0.44 0.55 0.26 0.25 0.96 0.99 1.12 0.35 0.25 0.49 0.31 0.19 0.30 0.38 1.73 3.63 1.20 0.86 0.54 0.72 0.43 0.25 0.20 0.23 0.37 0.27 0.33 0.16 0.10
0.58 0.95 1.36 1.98 1.32 0.37 0.75 1.95 2.10 1.86 2.64 2.80 3.48 4.75 3.76 3.02 2.19 1.74 1.95 1.64 1.15 1.16 1.65 1.16 1.51 1.03 1.60 1.14 0.69 1.28 1.34 0.90 1.04 2.15 2.32 1.05 1.87 2.17 2.06 2.35 1.26 1.31 0.82 0.53 0.30 0.73 0.63 0.52 0.65 0.57 0.64 0.48 0.40 0.80 0.37 0.40 0.40 0.29 0.51 0.69 0.83 0.64 0.33 0.52 0.42 0.32 0.16 0.19 0.30 1.37 1.31 1.31 1.21 1.60 0.81 0.31 0.31 0.31 0.31 0.39 0.30 0.28 0.08 0.03
0.54 0.50 0.89 0.82 0.94 0.84 0.97 1.26 1.90 2.06 2.95 3.31 4.11 4.76 4.61 3.14 1.90 1.64 1.77 1.56 1.29 1.53 1.73 1.13 0.96 0.90 1.34 1.11 0.85 0.95 1.29 1.02 0.88 1.10 1.58 1.42 1.67 2.47 2.74 1.87 1.58 1.21 1.16 1.06 0.59 0.98 0.48 0.26 0.31 0.26 0.58 0.71 0.88 0.75 0.30 0.36 0.56 0.61 1.01 0.93 0.51 0.59 0.60 0.74 0.53 0.15 0.16 0.20 0.31 0.83 0.78 1.40 2.25 2.29 0.76 0.28 0.29 0.40 0.49 0.43 0.32 0.28 0.41 0.08
0.29 0.36 2.64 0.58 0.68 0.63 0.66 0.93 1.70 1.73 2.51 2.99 3.24 4.56 4.79 3.31 2.18 1.67 1.58 1.48 1.55 1.73 1.63 1.30 1.00 0.93 0.97 0.79 0.70 0.71 0.92 1.17 1.33 1.23 1.32 1.29 2.17 2.54 2.44 1.67 1.94 1.88 1.45 1.16 0.92 0.97 0.35 0.17 0.38 0.27 0.93 0.77 1.07 0.86 0.33 0.40 0.65 0.83 1.13 0.90 0.55 0.53 0.76 0.84 0.53 0.12 0.11 0.44 0.30 0.47 0.48 0.54 1.49 1.71 0.67 0.31 0.41 0.36 0.41 0.61 0.18 0.63 0.56 0.15
0.30 0.30 0.81 0.57 0.66 0.78 0.64 0.65 1.40 1.64 2.55 3.12 2.62 3.96 4.76 3.31 2.52 1.88 1.51 1.73 2.16 3.11 2.25 1.15 0.93 1.10 0.81 1.01 1.17 0.95 1.22 1.16 1.49 2.46 2.00 1.36 2.31 1.76 1.52 1.43 1.98 2.48 1.94 1.05 0.88 0.83 0.38 0.17 0.51 0.47 0.62 1.09 1.55 1.18 0.39 0.30 0.48 0.90 1.32 0.79 0.28 0.34 1.01 0.94 0.64 0.18 0.15 0.17 0.22 0.33 0.50 0.85 1.85 1.61 0.79 0.42 0.47 0.28 0.25 0.48 0.61 0.85 0.38 0.15
0.35 0.41 0.76 0.54 0.52 0.68 0.62 0.59 0.56 2.86 3.58 2.74 1.95 2.69 2.41 2.17 2.01 2.05 1.67 1.90 2.39 2.81 1.96 2.26 2.22 2.41 1.42 1.55 1.46 1.78 1.79 1.65 1.90 3.25 2.12 1.22 1.76 1.40 0.90 1.42 1.68 2.01 1.67 1.19 1.09 0.94 0.57 0.29 0.51 0.25 0.64 1.04 1.25 0.80 0.36 0.30 0.55 0.78 0.82 0.38 0.20 0.40 0.84 0.65 0.55 0.19 0.35 0.18 0.21 0.38 0.49 0.45 1.25 1.38 0.69 0.43 0.53 0.21 0.27 0.32 0.50 0.71 0.39 0.21
0.81 1.09 1.16 0.72 0.92 0.80 0.99 0.99 0.76 1.80 2.63 1.95 1.87 1.79 1.94 1.95 2.34 3.09 2.58 2.41 2.19 1.99 2.82 1.55 1.20 1.31 1.20 1.49 1.89 2.06 1.94 1.98 2.29 3.24 2.32 1.59 1.43 1.45 0.94 1.36 1.78 1.43 1.36 1.29 1.63 1.20 0.84 0.42 0.55 0.24 0.32 0.37 0.63 0.68 0.68 2.22 0.98 0.62 0.49 0.57 0.36 0.67 0.80 0.79 0.40 0.21 0.29 0.34 0.17 0.26 0.26 0.47 0.66 0.74 0.79 0.72 0.73 0.40 0.70 0.65 0.62 1.11 0.62 0.30
1.21 1.20 1.85 1.00 0.67 1.44 1.30 0.93 1.17 0.81 1.10 1.23 1.73 1.87 1.80 2.30 2.97 4.17 2.23 2.53 2.24 2.06 1.78 1.43 1.44 1.73 1.54 1.61 2.08 1.80 2.06 2.14 2.48 2.12 2.27 1.08 1.26 1.37 1.07 1.27 2.08 1.70 1.53 1.44 1.94 1.61 1.22 0.68 0.00 0.26 0.17 0.19 0.30 0.57 0.84 1.09 0.41 0.52 0.38 0.78 0.53 1.35 1.06 0.76 0.67 0.38 0.45 0.51 0.19 0.21 0.30 0.45 0.43 0.76 0.98 1.73 0.59 0.27 0.34 0.23 0.27 0.40 0.26 0.17
1.24 4.37 6.69 3.19 3.80 2.86 0.90 0.42 0.54 0.70 1.06 0.88 1.46 1.85 2.21 2.12 2.55 3.79 2.15 2.21 2.20 2.45 1.59 1.74 1.88 1.53 1.45 1.34 1.10 1.11 1.36 1.13 1.49 1.04 1.45 1.15 1.53 1.59 1.19 1.82 2.31 1.95 1.68 2.04 2.62 1.75 1.44 0.00 0.00 0.02 0.18 0.08 0.14 1.03 1.28 1.01 0.51 0.31 0.45 1.09 0.89 1.68 1.12 0.49 0.61 0.56 0.96 0.39 0.24 0.33 0.27 0.38 0.46 0.86 1.29 1.97 0.57 0.35 0.49 0.21 0.24 0.67 0.62 0.23
0.79 2.32 3.44 3.69 2.28 1.74 0.80 0.76 0.61 0.90 0.86 0.76 1.04 2.19 2.21 0.91 1.07 1.83 2.95 5.27 3.57 2.66 2.20 2.05 1.96 2.44 2.01 1.25 0.95 0.93 1.45 1.51 1.37 1.84 1.96 1.79 2.13 2.08 1.18 1.77 2.08 2.20 1.83 2.55 3.09 1.68 0.81 1.27 0.00 0.45 0.11 0.10 0.18 1.14 2.27 1.03 0.69 0.25 0.42 0.66 0.96 0.90 0.82 0.21 0.55 0.97 1.20 0.34 0.13 0.27 0.27 0.35 0.54 0.54 1.25 1.17 0.41 0.50 0.38 0.18 0.28 0.64 0.86 0.38
2.45 2.07 2.27 2.03 2.69 1.97 0.57 0.75 0.43 0.53 0.57 0.51 0.69 2.59 2.11 1.30 1.12 1.51 4.13 2.80 2.96 2.16 2.04 1.89 1.72 2.88 2.39 1.02 0.84 1.11 1.42 2.06 2.13 3.07 2.82 2.18 2.00 2.20 1.32 1.70 1.85 1.49 1.50 1.93 2.17 1.65 0.86 1.49 1.41 0.67 0.10 0.18 0.17 0.94 1.47 1.01 0.90 0.50 0.42 0.48 0.68 0.36 0.47 0.45 0.66 0.78 1.31 0.22 0.09 0.15 0.26 0.19 0.37 0.08 0.51 0.42 0.44 0.53 0.36 0.16 0.34 0.64 0.52 0.38
1.35 1.16 1.44 1.42 1.75 0.76 1.04 0.58 0.78 0.99 0.86 0.47 0.30 0.27 0.73 1.04 1.28 1.59 4.10 3.16 4.26 2.53 1.44 1.44 1.41 2.79 2.40 1.06 0.96 1.15 1.51 1.97 2.75 2.98 2.59 1.42 1.48 1.28 1.15 1.26 1.48 0.95 1.17 1.67 1.19 1.45 1.45 1.69 1.57 0.59 0.14 0.28 0.20 0.24 0.46 0.99 0.81 0.50 0.39 0.33 0.40 0.24 0.43 0.59 1.25 1.17 0.82 0.25 0.14 0.40 0.39 0.14 0.07 0.16 0.54 0.63 1.02 0.68 0.49 0.25 0.43 0.51 0.38 0.38
0.34 0.38 0.83 1.81 2.57 1.17 0.73 0.88 0.58 1.17 1.24 0.39 0.28 0.39 0.41 0.58 1.29 1.81 2.35 3.23 4.44 2.51 1.68 2.23 2.50 3.55 2.32 0.93 0.97 1.30 1.35 1.47 1.99 2.57 2.10 1.03 0.90 0.84 1.01 1.13 1.35 1.10 1.32 2.09 1.13 1.83 2.52 2.07 1.77 0.60 0.19 0.28 0.19 0.25 0.25 0.74 0.56 0.57 0.52 0.28 0.57 0.46 0.68 1.28 1.87 1.09 0.34 0.54 0.24 0.37 0.43 0.11 0.14 0.26 0.53 0.91 0.91 1.10 0.68 0.32 0.29 0.28 0.14 0.23
0.25 0.24 0.58 1.05 2.00 2.38 1.15 1.06 1.32 1.36 0.91 0.54 0.35 0.45 0.58 0.46 1.38 1.78 2.93 3.34 3.12 2.91 1.92 2.22 1.73 1.74 1.39 1.00 1.29 1.44 1.05 1.10 1.42 2.01 2.14 0.93 0.91 0.83 0.87 1.81 1.27 1.34 1.86 2.36 2.10 2.43 2.97 3.38 2.07 1.11 0.31 0.41 0.31 0.13 0.18 0.55 0.81 0.53 0.32 0.30 0.31 0.52 0.87 1.77 1.51 0.64 0.27 0.45 0.22 0.23 0.44 0.04 0.17 0.23 0.34 0.82 1.11 2.12 0.68 0.40 0.30 0.22 0.14 0.29
0.67 0.45 0.94 0.93 0.68 0.57 2.19 1.46 0.52 0.82 0.52 0.61 0.42 0.33 0.43 0.41 0.69 0.78 2.03 1.99 1.65 2.07 2.61 2.88 2.61 2.04 2.33 1.32 1.74 1.35 0.72 0.87 1.17 1.95 1.02 1.09 1.27 0.82 1.70 3.26 1.36 1.07 1.50 2.90 2.27 2.77 2.37 2.98 1.56 1.02 0.39 0.86 0.23 -999 0.17 0.19 0.61 0.51 0.38 0.23 0.18 0.48 0.74 1.08 0.43 0.43 0.77 0.82 0.35 0.14 0.04 0.02 0.05 0.18 0.23 0.30 1.24 1.26 0.65 0.50 0.39 0.26 0.16 0.38
0.30 0.75 0.74 0.93 0.68 0.59 1.37 0.83 0.76 1.06 0.69 0.74 0.30 0.32 0.61 0.62 0.36 1.54 1.37 0.86 1.72 1.60 2.64 3.50 4.15 3.02 2.78 1.71 2.02 1.95 0.57 0.59 1.01 1.83 1.44 1.41 2.30 1.14 1.65 1.03 1.10 0.59 1.62 1.96 2.00 1.69 2.41 1.73 0.97 0.61 0.29 1.05 0.13 0.06 -999 0.22 0.33 0.56 0.44 0.18 0.28 0.50 0.85 0.60 0.33 0.59 1.48 1.13 0.35 0.13 0.17 0.06 0.10 0.15 0.16 0.17 1.58 1.50 1.02 0.91 0.51 0.28 0.40 0.67
0.46 3.25 2.42 2.83 0.40 0.52 0.56 0.80 0.84 1.08 0.82 0.71 0.65 0.77 0.63 0.71 0.60 0.97 1.15 0.94 1.19 1.46 1.74 3.26 5.06 2.70 2.52 2.35 2.63 2.30 0.62 0.86 1.66 1.80 1.04 2.44 1.95 1.43 1.00 0.72 0.63 0.50 0.95 1.82 1.74 1.11 1.72 0.76 0.44 0.27 0.21 0.53 0.12 0.13 0.47 -999 0.09 0.68 0.43 0.27 0.27 0.32 0.50 0.27 0.30 0.95 1.68 0.86 0.44 0.23 0.14 0.13 0.24 0.24 0.09 0.19 1.71 0.84 0.71 0.77 0.40 0.37 0.70 0.86
0.16 1.04 2.69 1.22 0.23 0.18 1.56 2.38 3.47 1.99 1.75 1.59 1.28 0.84 0.87 0.83 0.54 0.78 0.67 0.58 1.00 1.02 1.25 1.96 3.39 3.77 2.06 2.60 3.20 2.30 0.88 1.83 1.80 1.59 1.03 0.99 0.70 0.90 0.67 0.74 0.43 0.36 0.67 1.36 1.50 0.92 0.74 0.67 0.34 0.27 0.19 0.18 0.14 0.30 0.67 -999 -999 0.55 0.37 0.30 0.33 0.25 0.26 0.27 0.61 1.15 1.36 1.09 0.56 0.54 0.32 0.22 0.05 0.06 0.38 0.35 1.19 1.57 0.69 0.37 0.35 0.23 0.49 0.36
0.04 0.53 2.93 0.74 0.73 1.12 1.13 4.12 5.48 1.86 1.54 1.40 1.14 0.61 0.71 0.57 0.30 0.22 0.31 0.39 0.61 0.80 1.13 1.67 1.17 3.70 2.85 2.71 2.81 1.94 1.66 3.54 2.05 1.50 1.11 1.47 1.41 1.26 0.69 0.45 0.52 0.70 0.45 0.59 1.12 0.76 0.45 0.63 0.45 0.22 0.32 0.10 0.16 0.43 0.74 0.66 -999 -999 0.15 0.30 0.48 0.21 0.28 0.27 0.70 0.80 0.34 0.69 0.91 1.09 0.39 0.09 0.04 0.05 0.06 0.11 0.36 1.91 2.34 2.19 0.53 0.25 0.44 0.25
0.02 0.31 3.10 1.79 1.27 0.53 1.46 2.05 2.71 1.65 1.64 1.97 0.66 1.01 0.89 0.57 0.31 0.29 0.23 0.40 0.34 0.88 1.47 2.72 2.49 3.76 3.04 2.25 2.10 2.17 2.61 3.76 1.75 1.22 1.00 1.21 1.75 1.59 0.96 0.57 0.46 1.49 0.54 0.67 0.45 0.71 0.25 0.60 0.48 0.17 0.25 0.09 0.14 0.69 0.47 0.24 0.01 -999 -999 0.37 0.22 0.15 0.13 0.25 0.86 0.37 0.40 0.92 1.96 1.28 0.32 0.10 0.07 0.05 0.11 0.10 0.29 0.37 0.27 0.31 0.29 0.51 0.57 0.30
0.03 0.12 0.76 1.04 0.73 0.57 0.65 0.61 1.62 3.39 1.37 0.77 1.26 1.84 2.09 1.02 0.81 0.42 0.62 0.42 0.64 1.04 1.56 2.21 1.70 1.75 2.01 2.09 2.98 3.21 4.08 1.50 1.38 1.02 0.70 1.31 2.35 1.68 0.78 0.87 0.63 1.47 1.04 0.50 0.52 0.36 0.43 0.91 0.69 0.20 0.22 0.15 0.13 0.60 0.12 0.10 0.10 -999 -999 -999 0.04 0.06 0.16 0.32 0.51 0.35 0.43 1.16 3.17 0.93 0.38 0.17 0.11 0.09 0.01 0.01 0.19 0.13 0.25 0.33 0.32 0.21 0.28 0.45
0.11 0.18 0.49 0.64 0.96 0.93 0.62 0.69 1.14 1.32 1.69 1.43 1.96 2.24 1.84 1.10 1.06 0.96 0.60 0.77 0.97 1.29 1.26 1.59 2.08 1.40 1.59 2.54 2.55 4.02 2.30 1.25 1.68 1.05 1.15 2.40 3.20 1.50 0.71 0.90 0.74 1.11 0.85 0.52 1.31 0.20 0.59 0.87 0.40 0.16 0.20 0.20 0.12 0.65 0.07 0.16 0.32 0.74 -999 -999 -999 0.07 0.34 0.29 0.22 0.36 0.58 0.87 2.00 0.64 0.28 0.27 0.14 0.08 0.01 0.04 0.06 0.03 0.21 0.55 0.31 0.23 0.29 0.33
0.13 0.17 0.66 1.11 0.60 0.55 0.91 1.01 1.38 2.42 3.72 2.72 4.82 3.50 2.34 1.96 1.45 0.95 0.53 0.59 0.36 0.71 1.10 1.08 1.43 1.07 1.59 1.92 3.12 3.91 2.18 1.53 1.14 0.86 1.98 3.53 3.09 1.73 0.44 0.65 0.71 1.25 0.96 0.70 1.72 0.37 0.57 0.36 0.10 0.13 0.19 0.28 0.06 0.20 0.12 0.19 0.52 0.42 0.09 -999 -999 -999 0.14 0.11 0.14 0.30 0.42 0.98 0.88 0.59 0.88 0.30 0.09 0.05 0.00 0.02 0.02 0.03 0.27 0.87 0.20 0.08 0.13 0.30
0.20 0.11 0.37 0.61 0.97 0.92 0.96 0.74 1.16 1.26 3.55 3.93 6.23 3.57 2.51 2.03 0.95 0.85 0.83 0.46 0.21 0.70 0.73 0.59 0.62 0.61 1.69 3.22 5.21 2.55 1.60 1.06 0.82 1.25 3.85 4.38 3.51 1.05 0.96 0.77 0.99 1.08 0.79 0.60 0.51 0.67 0.54 0.19 0.15 0.11 0.20 0.20 0.03 0.06 0.14 0.23 1.02 0.10 0.06 -999 -999 -999 -999 0.10 0.12 0.17 0.38 0.69 0.16 0.65 1.52 0.26 0.06 0.00 0.00 0.00 0.00 0.02 0.29 0.36 0.26 0.11 0.13 0.24
0.33 0.19 0.23 0.44 0.67 0.71 1.40 1.23 0.90 1.31 1.92 2.14 3.77 2.34 2.45 0.44 1.18 1.36 0.93 0.67 0.50 0.70 1.17 0.42 0.50 1.09 2.11 3.78 4.11 1.88 1.15 0.60 1.08 3.48 6.43 2.13 1.36 0.77 1.65 1.27 1.67 1.17 1.13 0.53 0.84 1.49 0.56 0.24 0.11 0.10 0.15 0.06 0.04 0.03 0.15 0.26 0.96 0.09 0.02 0.11 -999 -999 -999 -999 0.05 0.31 0.15 0.04 0.29 1.26 1.34 0.26 0.01 0.00 0.00 0.01 0.00 0.01 0.19 0.19 0.14 0.30 0.08 0.07
0.35 0.42 0.16 0.48 0.89 0.71 3.77 2.01 1.39 0.54 1.57 1.89 1.48 0.78 0.80 0.86 1.45 2.18 2.55 1.34 1.04 2.11 1.90 0.58 0.75 0.80 0.82 1.96 1.88 0.56 1.26 0.80 1.84 4.94 3.14 0.94 0.53 1.18 2.18 2.43 2.40 1.47 0.43 0.65 0.79 1.47 0.60 0.26 0.07 0.10 0.07 0.03 0.05 0.05 0.15 0.32 0.85 0.03 0.04 0.46 0.56 -999 -999 -999 -999 0.29 0.15 0.05 0.38 1.21 1.28 0.05 0.00 0.00 0.01 0.02 0.00 0.01 0.14 0.04 0.14 0.50 0.24 0.09
0.85 1.54 0.38 1.00 1.31 1.48 5.58 2.51 0.46 0.37 0.54 1.29 0.76 1.24 0.87 1.15 3.58 3.96 2.74 2.39 1.53 1.54 1.01 0.61 0.59 0.64 0.75 1.01 0.61 0.39 0.50 1.34 2.87 2.25 1.99 0.82 0.73 1.72 2.36 2.83 1.89 0.85 0.57 1.09 1.77 1.48 0.70 0.22 0.07 0.06 0.03 0.06 0.14 0.08 0.07 0.24 0.19 0.02 0.20 0.57 0.20 -999 -999 -999 -999 -999 0.05 0.04 0.20 0.51 0.46 0.02 0.07 0.05 0.01 0.00 0.00 0.01 0.07 0.02 0.12 1.06 0.13 0.23
0.90 1.65 1.66 3.11 0.60 0.27 0.60 1.00 1.22 0.34 0.43 0.35 1.33 2.13 3.07 3.06 5.54 7.02 4.91 2.94 1.73 1.19 0.77 0.56 0.37 0.83 0.62 0.69 0.41 0.37 0.63 1.60 2.76 1.89 1.25 0.66 0.64 1.84 4.47 3.55 1.76 0.76 0.41 0.92 2.78 1.09 0.42 0.15 0.09 0.06 0.01 0.15 0.32 0.14 0.03 0.10 0.03 0.07 0.21 0.65 0.03 0.02 -999 -999 -999 -999 -999 0.06 0.31 0.23 0.09 0.01 0.03 0.03 0.00 0.00 0.00 0.01 0.02 0.00 0.21 0.50 0.19 0.13
1.38 7.16 0.46 1.06 0.36 0.14 0.87 1.87 0.73 0.37 0.94 0.53 1.04 2.91 3.13 3.84 5.72 8.92 4.75 2.89 0.99 0.87 0.79 0.50 0.43 1.05 0.51 0.29 0.44 0.50 1.79 2.16 2.90 1.42 0.56 0.31 1.76 2.42 4.19 3.23 1.32 0.55 0.63 1.35 3.41 0.71 0.20 0.11 0.26 0.03 0.01 0.14 0.41 0.20 0.03 0.01 0.01 0.06 0.35 0.46 0.01 0.00 0.00 -999 -999 -999 -999 -999 0.10 0.07 0.02 0.04 0.05 0.01 0.00 0.01 0.00 0.01 0.01 0.01 0.15 0.31 0.10 0.09
0.78 0.82 0.26 0.27 0.34 0.10 0.27 0.97 0.49 0.46 0.85 0.95 0.53 1.08 1.99 3.17 2.54 3.15 4.53 1.15 0.92 1.03 0.74 0.84 0.99 1.44 0.92 0.31 0.61 1.07 1.21 2.65 2.49 0.53 0.27 0.44 2.11 3.65 6.51 1.95 1.14 0.77 1.40 2.11 2.47 0.24 0.11 0.14 0.12 0.03 0.03 0.12 0.26 0.06 0.01 0.01 0.01 0.04 0.26 0.20 0.00 0.00 0.00 -999 -999 -999 -999 -999 -999 0.02 0.01 0.09 0.02 0.00 0.04 0.00 0.00 0.01 0.00 0.01 0.05 0.11 0.04 0.13
0.44 0.65 0.30 0.17 0.14 0.22 0.34 0.74 0.62 0.92 1.71 1.05 0.39 0.20 0.51 0.77 3.34 1.28 1.08 0.68 1.87 2.25 1.32 1.56 1.54 1.43 1.35 0.61 0.83 0.80 0.80 1.29 1.00 0.28 0.34 1.62 3.00 6.51 6.51 1.92 1.91 1.42 3.51 2.49 1.04 0.10 0.13 0.16 0.15 0.12 0.05 0.12 0.21 0.02 0.01 0.02 0.01 0.04 0.14 0.01 0.01 0.00 0.00 0.01 -999 -999 -999 -999 -999 -999 0.05 0.06 0.01 0.02 0.00 0.00 0.00 0.01 0.00 0.01 0.03 0.01 0.01 0.15
0.23 0.43 0.26 0.15 0.24 0.49 1.01 1.23 1.26 1.12 1.80 1.72 0.60 0.57 0.18 1.11 1.05 0.79 0.46 1.12 2.54 3.46 3.12 1.54 1.82 1.86 1.12 0.73 0.79 0.65 0.82 0.34 0.17 0.32 0.81 1.36 3.53 6.87 3.51 2.63 3.30 2.06 2.70 2.32 0.76 0.10 0.11 0.07 0.13 0.06 0.05 0.07 0.09 0.00 0.07 0.11 0.02 0.01 0.05 0.00 0.01 0.00 0.00 0.00 0.01 -999 -999 -999 -999 -999 -999 0.05 0.02 0.00 0.02 0.00 0.00 0.00 0.00 0.00 0.01 0.01 0.01 0.13
