24h/PH_20111105120000.asc
NCOLS 95
NROWS 110
XLLCENTER 939500
YLLCENTER 1831500
CELLSIZE 1000
NODATA_VALUE -999
[rows 38 to 75 of 110, columns 0 to 83 of 95]
2.21 1.86 1.08 1.45 1.42 1.66 2.33 3.61 1.34 1.49 2.73 4.39 2.97 1.67 2.22 2.46 3.40 2.59 1.79 1.61 1.42 1.57 1.91 1.72 1.27 1.64 1.44 1.41 1.51 1.89 2.00 1.62 1.58 1.49 1.09 1.06 0.46 0.19 0.27 0.09 0.06 0.08 0.07 0.05 0.03 0.02 0.03 0.01 0.01 0.03 0.02 0.01 0.02 0.00 0.00 0.00 0.00 0.00 0.00 0.00 0.05 0.04 0.15 0.05 0.07 0.14 0.84 2.00 1.00 0.99 0.64 1.05 1.00 1.12 1.66 2.38 2.53 2.30 1.58 1.33 1.52 0.63 0.17 0.08
2.53 0.92 0.75 0.82 1.33 2.21 2.13 2.13 1.65 1.56 3.23 3.33 3.81 2.03 2.30 2.08 3.32 2.64 1.74 1.44 1.47 1.33 1.59 1.39 1.42 2.02 1.63 2.25 1.69 2.63 2.56 1.73 1.22 2.67 1.49 0.62 0.29 0.24 0.21 0.12 0.11 0.12 0.08 0.03 0.03 0.04 0.01 0.02 0.04 0.05 0.02 0.01 0.05 0.00 0.00 0.00 0.00 0.00 0.00 0.01 0.03 0.06 0.05 0.10 0.04 0.32 0.53 0.50 3.12 1.04 0.49 0.37 0.52 0.46 0.47 0.99 3.66 3.43 2.21 1.24 0.56 0.90 0.22 0.13
1.74 0.82 0.70 0.77 1.66 1.76 2.31 2.62 1.97 1.38 1.82 3.47 2.65 1.84 1.42 2.14 3.81 3.03 2.24 1.40 1.57 2.04 2.33 1.64 1.68 2.00 2.27 2.59 2.06 2.39 2.59 1.70 1.22 2.06 1.99 0.93 0.59 0.42 0.32 0.22 0.10 0.08 0.08 0.05 0.02 0.02 0.03 0.03 0.03 0.04 0.01 0.04 0.17 0.05 0.02 0.01 0.01 0.01 0.00 0.02 0.04 0.05 0.00 0.13 0.11 0.24 0.08 1.05 0.37 0.95 0.15 0.82 0.47 0.72 1.26 2.12 2.59 1.32 1.73 1.45 0.41 0.46 0.53 0.52
1.15 0.75 0.70 0.82 1.63 1.90 3.74 3.46 2.58 2.42 3.58 2.02 2.59 3.03 2.71 2.56 2.08 3.01 2.27 1.49 1.65 2.26 2.07 2.32 2.11 2.18 2.00 2.11 3.58 2.17 2.67 2.11 1.74 1.45 1.92 1.41 1.25 0.63 0.37 0.32 0.25 0.15 0.23 0.12 0.06 0.03 0.04 0.03 0.03 0.04 0.02 0.02 0.07 0.05 0.05 0.03 0.01 0.00 0.01 0.01 0.01 0.02 0.00 0.04 0.12 0.08 0.04 0.10 0.31 0.96 0.89 0.83 0.97 2.91 1.91 2.33 2.53 0.83 1.34 2.37 1.50 1.18 1.23 0.72
1.27 1.28 0.66 1.20 2.26 3.10 4.56 3.50 3.72 3.95 6.72 1.98 1.75 2.23 2.04 2.47 3.09 3.46 2.23 1.80 1.97 2.24 1.62 1.82 2.19 2.99 3.44 3.54 2.88 3.34 3.73 2.20 1.81 1.72 1.93 2.22 2.36 1.04 0.52 0.37 0.36 0.29 0.29 0.19 0.12 0.06 0.06 0.04 0.01 0.02 0.01 0.01 0.06 0.05 0.04 0.00 0.01 0.00 0.00 0.00 0.01 0.00 0.00 0.01 0.16 0.15 0.06 0.10 0.12 0.25 1.08 1.97 0.48 1.84 2.41 2.01 0.61 0.53 2.14 3.14 2.13 2.41 1.13 0.36
1.52 1.18 1.74 0.85 1.00 1.25 2.59 2.62 2.34 2.33 2.83 2.44 2.36 2.95 3.04 3.28 2.65 3.15 3.56 3.14 2.49 2.08 1.62 1.92 2.28 2.73 3.41 3.62 3.50 2.96 3.47 1.99 1.82 2.86 2.88 2.37 2.41 1.42 0.69 0.62 0.40 0.25 0.26 0.17 0.12 0.07 0.06 0.06 0.04 0.03 0.04 0.04 0.04 0.05 0.03 0.01 0.00 0.00 0.00 0.00 0.00 0.00 0.01 0.02 0.01 0.09 0.07 0.05 0.06 0.44 1.39 0.42 0.28 1.01 0.51 0.74 0.90 0.58 0.88 1.77 1.53 1.81 0.73 0.66
0.79 1.49 2.02 2.49 1.29 0.72 1.50 2.29 1.91 1.84 2.59 2.29 2.64 4.21 3.64 3.52 3.57 4.46 3.82 3.28 2.56 2.73 1.98 2.05 2.29 3.74 3.86 3.16 2.48 2.42 4.01 2.67 3.13 3.46 3.11 2.32 2.39 1.48 1.11 0.89 0.52 0.41 0.41 0.22 0.13 0.06 0.06 0.06 0.06 0.05 0.10 0.03 0.07 0.07 0.06 0.05 0.01 0.00 0.00 0.00 0.01 0.01 0.01 0.03 0.03 0.03 0.04 0.06 0.21 0.76 0.37 0.40 0.25 0.12 0.21 0.67 1.14 0.90 0.84 1.17 1.01 1.20 0.31 0.31
0.76 2.15 2.81 2.74 1.74 1.16 1.08 2.48 3.04 1.54 1.97 2.65 2.67 2.72 3.63 3.90 4.56 4.70 3.51 3.15 2.45 2.22 2.22 2.40 2.63 3.32 4.30 4.47 3.06 2.64 3.19 2.79 2.70 3.22 2.85 2.52 2.39 1.40 1.42 1.34 0.85 0.59 0.52 0.37 0.19 0.11 0.06 0.08 0.09 0.08 0.13 0.07 0.06 0.06 0.06 0.13 0.01 0.01 0.00 0.01 0.01 0.04 0.02 0.08 0.02 0.02 0.04 0.08 0.38 0.88 0.05 0.19 0.36 0.64 0.19 0.48 1.59 1.13 1.36 0.73 0.61 1.32 0.31 0.87
0.59 2.16 2.83 1.36 1.25 0.64 0.89 1.86 2.76 3.00 3.54 3.55 3.24 3.04 3.47 3.93 5.29 4.47 3.13 2.53 2.68 2.61 2.08 2.74 2.32 2.75 3.47 4.21 3.67 4.16 4.68 3.66 2.54 2.92 3.18 2.92 2.19 1.59 1.79 1.83 1.17 0.77 0.51 0.46 0.31 0.26 0.23 0.12 0.15 0.14 0.17 0.09 0.07 0.08 0.03 0.07 0.03 0.04 0.00 0.01 0.02 0.04 0.07 0.03 0.02 0.02 0.02 0.09 0.34 0.57 0.05 0.14 0.62 1.05 0.49 0.46 1.46 0.34 0.77 0.43 0.59 0.98 0.81 1.38
0.72 1.09 1.99 1.00 0.75 0.77 1.05 1.20 4.03 4.87 5.89 4.99 3.63 3.05 3.64 4.02 5.28 4.70 3.24 2.46 2.39 3.20 2.32 2.83 2.80 3.13 2.53 2.43 3.09 4.74 4.38 3.58 2.22 3.16 3.80 2.89 2.46 1.93 2.06 2.22 1.51 1.07 0.58 0.56 0.51 0.40 0.36 0.18 0.18 0.18 0.19 0.05 0.06 0.10 0.04 0.05 0.04 0.02 0.03 0.01 0.01 0.04 0.04 0.05 0.06 0.05 0.07 0.30 0.33 0.31 0.09 0.24 0.43 1.11 0.53 0.13 0.18 0.26 1.46 1.56 1.62 0.90 0.59 1.00
0.54 0.69 2.21 1.02 0.66 1.05 1.10 1.26 2.15 5.80 5.34 7.39 3.67 3.39 3.62 4.63 6.05 5.47 3.91 3.97 3.47 4.27 3.74 2.95 2.79 2.25 1.95 1.86 2.17 4.33 5.06 3.31 2.00 2.43 3.69 2.93 2.78 2.62 2.40 2.66 1.68 1.21 0.76 0.76 0.76 0.58 0.45 0.21 0.12 0.14 0.19 0.15 0.10 0.08 0.06 0.06 0.05 0.03 0.01 0.01 0.01 0.04 0.06 0.07 0.09 0.18 0.06 0.15 0.18 0.11 0.21 0.25 1.16 0.74 0.25 0.05 0.16 0.18 1.64 3.03 2.08 1.23 0.52 0.73
2.84 2.13 2.42 0.93 0.63 1.85 2.18 1.70 2.18 4.07 3.78 4.48 3.60 3.38 2.22 4.17 4.20 4.96 5.38 5.82 5.80 5.70 5.25 3.20 3.27 3.09 2.78 2.91 3.21 3.36 5.05 4.78 2.26 2.52 3.21 3.33 3.47 3.40 2.99 2.93 1.66 1.29 1.19 1.15 0.86 0.78 0.52 0.21 0.09 0.08 0.25 0.32 0.30 0.27 0.11 0.05 0.13 0.05 0.09 0.02 0.01 0.05 0.06 0.13 0.17 0.13 0.08 0.11 0.14 0.11 0.32 0.58 1.21 0.54 0.13 0.05 0.20 0.12 0.25 0.82 0.26 0.86 0.83 0.35
3.17 2.20 2.82 0.73 0.91 1.13 1.06 0.76 2.02 2.80 2.48 2.48 2.88 2.66 2.72 3.10 4.06 5.25 5.25 6.38 6.99 7.09 3.92 2.85 3.72 4.19 3.06 3.06 3.35 3.53 3.82 4.19 3.44 3.80 4.03 3.59 3.81 3.41 3.65 3.13 1.89 1.39 1.56 1.30 1.05 0.79 0.61 0.22 0.08 0.09 0.28 0.54 0.62 0.32 0.13 0.17 0.15 0.13 0.15 0.08 0.02 0.02 0.07 0.15 0.25 0.34 0.14 0.04 0.06 0.13 0.30 0.52 0.78 0.15 0.11 0.20 0.28 0.11 0.09 0.40 0.51 0.46 1.29 0.61
1.83 1.59 2.40 0.73 0.76 1.56 1.88 1.95 2.05 1.52 1.50 1.68 2.68 3.90 3.46 4.04 4.68 5.22 5.80 7.77 8.15 6.18 4.06 2.56 3.87 4.41 3.47 2.99 2.81 2.92 3.62 3.50 3.25 4.94 4.87 3.82 3.47 3.61 3.62 3.46 2.14 1.69 1.88 1.59 0.82 0.53 0.41 0.28 0.00 0.16 0.42 0.48 0.49 0.33 0.14 0.11 0.08 0.10 0.12 0.08 0.03 0.02 0.08 0.11 0.23 0.24 0.03 0.01 0.05 0.10 0.11 0.24 0.32 0.19 0.24 0.41 0.27 0.19 0.10 0.15 0.11 0.34 1.37 1.49
1.40 1.82 2.44 1.36 1.34 1.81 2.02 1.71 1.37 1.56 1.77 1.84 3.27 5.41 3.78 4.44 5.10 5.91 5.93 8.61 7.56 5.55 4.27 4.16 4.78 5.00 4.15 3.34 2.84 3.37 3.72 3.20 3.60 5.11 6.01 4.83 3.29 4.20 4.42 3.90 3.21 2.42 1.85 2.19 0.97 0.67 0.53 0.03 0.00 0.26 0.43 0.48 0.33 0.52 0.08 0.14 0.09 0.08 0.11 0.07 0.03 0.07 0.24 0.14 0.10 0.17 0.29 0.28 0.11 0.13 0.05 0.13 0.26 0.25 0.70 0.34 0.18 0.21 0.05 0.04 0.12 0.36 1.27 1.09
2.62 3.05 3.34 2.70 1.80 2.09 2.08 1.87 1.51 1.43 1.87 2.23 4.19 4.20 2.67 3.73 4.06 5.05 4.75 6.81 4.99 4.09 5.35 6.08 6.03 6.72 5.30 4.11 2.75 3.00 3.12 3.56 4.74 5.81 6.08 5.55 3.72 5.37 6.18 4.52 4.09 3.24 2.50 2.20 1.30 1.25 0.94 0.74 0.01 0.59 0.34 0.46 0.34 0.37 0.27 0.21 0.11 0.08 0.05 0.05 0.09 0.20 0.22 0.11 0.13 0.30 0.39 0.28 0.30 0.15 0.04 0.06 0.13 0.25 0.56 0.28 0.13 0.04 0.08 0.06 0.13 0.24 0.73 0.57
5.83 8.11 6.38 4.49 3.69 3.17 2.38 1.27 1.20 1.32 1.88 2.89 5.48 4.48 2.59 2.12 2.50 3.13 3.52 5.96 4.04 3.52 5.72 7.73 6.64 7.09 4.80 3.61 3.03 3.96 4.10 3.88 4.18 6.11 7.11 8.43 4.71 5.43 6.39 4.84 3.82 3.48 3.23 2.34 1.77 2.13 1.78 1.07 1.02 0.66 0.41 0.37 0.33 0.48 0.87 0.59 0.19 0.04 0.07 0.10 0.19 0.25 0.13 0.06 0.17 0.40 0.52 0.31 0.38 0.09 0.03 0.05 0.07 0.12 0.13 0.15 0.17 0.09 0.09 0.05 0.08 0.13 0.28 0.16
4.18 6.77 6.08 5.38 4.28 1.89 1.68 1.37 0.94 1.08 1.13 2.12 4.21 1.98 1.72 1.81 2.65 2.55 2.21 5.03 4.46 3.78 5.70 8.73 7.75 7.23 4.40 3.43 3.73 4.42 4.54 4.82 3.81 4.61 5.59 6.07 4.58 5.41 6.12 4.87 4.28 4.17 3.71 2.63 1.98 2.22 2.19 1.77 1.12 0.76 0.33 0.29 0.31 0.46 1.22 0.69 0.27 0.05 0.11 0.17 0.25 0.25 0.09 0.06 0.22 0.53 0.60 0.34 0.29 0.13 0.06 0.14 0.13 0.07 0.23 0.18 0.14 0.14 0.12 0.05 0.05 0.08 0.08 0.10
1.98 2.88 5.83 4.00 3.28 1.60 0.82 1.20 0.94 1.09 1.41 2.09 1.73 0.96 0.88 1.25 2.04 2.50 3.56 4.94 4.18 4.95 5.63 9.46 7.21 6.30 4.57 4.44 4.68 5.17 5.36 4.96 3.34 3.96 5.19 5.35 4.67 6.31 6.50 4.78 4.97 4.72 4.42 2.86 2.41 1.84 2.08 1.58 0.96 0.47 0.31 0.52 0.31 0.45 0.82 0.59 0.18 0.07 0.10 0.14 0.22 0.23 0.09 0.10 0.27 0.34 0.66 0.33 0.31 0.22 0.25 0.33 0.16 0.07 0.12 0.11 0.11 0.20 0.14 0.12 0.11 0.12 0.05 0.08
1.27 1.94 4.37 2.86 3.15 3.51 1.58 0.65 1.05 2.11 1.98 2.02 2.29 2.30 1.53 1.26 2.80 4.07 4.98 6.20 7.08 7.00 8.19 10.28 8.14 6.47 5.74 5.11 5.07 6.06 4.89 4.56 3.51 3.89 4.37 4.38 4.87 6.49 8.49 4.24 4.56 6.13 4.82 3.11 2.50 1.65 1.59 1.01 0.83 0.64 0.50 0.73 0.81 0.51 0.77 0.56 0.17 0.08 0.09 0.07 0.12 0.13 0.13 0.15 0.37 0.47 0.50 0.27 0.37 0.43 0.43 0.32 0.14 0.11 0.11 0.11 0.06 0.04 0.13 0.01 0.06 0.07 0.01 0.10
1.14 1.83 3.01 2.46 2.29 2.32 1.78 2.16 1.80 2.24 2.83 2.49 2.02 2.10 2.07 1.92 3.67 3.89 3.20 6.75 6.47 5.39 6.63 6.59 4.73 6.52 6.70 6.80 5.83 5.10 4.43 4.39 3.48 3.42 3.36 4.34 4.30 4.89 6.35 7.00 5.47 7.28 5.66 4.02 2.50 1.68 1.51 1.51 1.31 1.31 0.99 0.81 0.83 -999 0.56 0.38 0.20 0.10 0.14 0.08 0.09 0.10 0.09 0.23 0.43 0.39 0.30 0.44 0.77 0.86 0.39 0.27 0.57 0.07 0.08 0.11 0.09 0.02 0.11 0.08 0.06 0.06 0.03 0.18
2.16 2.25 4.96 6.72 1.64 2.33 2.45 2.32 2.05 3.01 2.80 2.37 2.04 1.78 1.28 1.96 3.43 2.27 1.76 2.02 2.98 4.21 3.72 5.30 4.71 6.56 8.84 9.22 7.10 6.16 4.62 4.26 3.41 3.94 3.03 4.30 3.85 4.88 5.71 5.52 5.03 7.44 7.27 5.02 2.97 2.28 1.73 1.54 1.42 1.55 1.32 1.17 0.99 0.51 -999 0.30 0.27 0.20 0.42 0.10 0.05 0.14 0.17 0.20 0.21 0.12 0.23 0.78 1.37 1.25 0.63 0.13 0.06 0.11 0.16 0.17 0.13 0.11 0.06 0.07 0.07 0.02 0.04 0.09
2.72 2.37 4.11 6.45 1.65 1.69 2.37 3.22 2.24 1.81 2.05 2.08 2.16 1.63 2.11 2.77 4.20 2.90 2.04 2.37 2.61 2.28 3.71 4.72 5.21 7.84 10.36 12.65 8.73 5.89 4.55 4.26 5.56 3.35 3.91 3.21 3.72 5.08 4.98 4.26 4.80 7.00 5.36 4.53 3.14 2.98 1.99 1.80 1.62 1.39 1.36 0.92 0.78 0.51 0.34 -999 0.24 0.49 0.26 0.06 0.05 0.10 0.17 0.28 0.14 0.10 0.29 0.95 1.16 0.91 0.22 0.13 0.16 0.19 0.19 0.14 0.08 0.07 0.05 0.06 0.05 0.01 0.03 0.04
1.45 1.79 2.93 7.21 2.07 1.42 2.41 2.80 2.42 2.40 1.69 2.14 3.42 2.82 2.28 3.43 4.73 3.38 2.52 2.81 4.36 4.24 3.47 5.16 5.71 7.14 10.54 10.88 6.96 5.65 5.31 4.44 3.31 3.12 3.54 3.89 3.37 3.91 4.07 3.71 3.37 4.26 4.72 5.43 4.15 3.41 2.58 2.24 1.95 1.31 1.33 0.64 0.70 0.56 0.46 -999 -999 0.96 0.23 0.04 0.01 0.08 0.16 0.18 0.08 0.08 0.40 1.22 0.68 0.19 0.12 0.24 0.45 0.30 0.21 0.12 0.03 0.04 0.06 0.02 0.06 0.12 0.16 0.04
2.00 1.58 1.86 4.66 2.94 2.48 4.09 4.44 4.41 1.53 2.10 2.35 3.34 3.50 2.76 3.14 3.41 2.62 2.64 3.24 3.24 2.30 5.18 4.58 5.17 7.67 8.18 8.89 6.95 5.59 5.09 6.01 3.56 2.81 2.78 5.16 4.26 3.28 3.56 3.90 2.97 2.74 2.80 3.94 4.55 2.85 2.48 2.33 1.96 1.05 0.84 0.81 1.10 1.03 0.84 0.75 -999 -999 0.15 0.11 0.03 0.03 0.03 0.06 0.06 0.12 0.52 0.72 0.28 0.18 0.17 0.42 0.30 0.31 0.28 0.14 0.02 0.02 0.11 0.08 0.13 0.04 0.10 0.06
1.32 1.28 1.26 1.22 2.77 2.99 3.76 3.56 2.68 3.34 4.84 2.39 1.89 1.36 2.31 2.90 3.16 3.43 1.65 1.88 2.01 3.87 3.84 5.66 7.52 6.08 6.42 5.80 5.77 6.89 7.85 6.87 4.48 3.65 4.29 4.51 4.42 4.39 4.00 3.79 3.06 2.68 3.60 3.37 4.82 2.94 2.66 2.93 1.74 1.06 0.98 1.25 1.23 1.27 0.72 0.90 0.78 -999 -999 0.08 0.09 0.06 0.01 0.03 0.04 0.06 0.23 0.43 0.12 0.26 0.36 0.60 0.24 0.35 0.20 0.07 0.01 0.05 0.06 0.01 0.06 0.05 0.04 0.01
0.96 1.15 1.13 1.22 1.29 1.39 2.56 3.61 3.43 4.38 5.15 2.52 2.44 2.74 2.54 2.16 1.83 1.71 2.12 3.53 1.98 3.72 3.51 3.85 5.47 4.54 3.46 3.56 4.15 5.82 7.79 7.75 6.31 6.01 4.81 4.03 4.65 5.39 3.36 2.79 3.05 2.65 2.60 2.66 4.72 4.15 3.34 3.19 1.58 1.07 1.49 1.96 1.04 1.63 1.03 0.81 0.78 -999 -999 -999 0.15 0.16 0.02 0.02 0.04 0.04 0.14 0.11 0.19 0.47 0.64 0.36 0.19 0.26 0.19 0.10 0.02 0.05 0.05 0.03 0.10 0.06 0.02 0.01
1.28 0.97 1.30 1.48 1.37 1.99 2.47 4.33 7.94 6.02 5.20 4.22 2.87 4.58 4.08 1.92 1.63 1.72 2.39 3.01 1.59 3.45 1.86 2.39 3.67 3.99 3.64 3.19 3.13 5.31 7.32 8.84 6.89 4.96 4.04 5.20 4.04 5.09 2.69 3.09 3.47 3.21 2.28 1.80 3.05 3.62 4.21 3.52 1.41 1.38 2.16 2.25 0.85 1.50 1.13 0.86 0.62 0.14 -999 -999 -999 0.11 0.08 0.02 0.08 0.05 0.07 0.26 0.72 0.39 0.56 0.18 0.05 0.10 0.12 0.11 0.16 0.17 0.03 0.02 0.04 0.02 0.01 0.07
1.10 1.03 1.07 1.15 1.05 1.99 2.98 4.22 6.78 5.26 1.73 6.58 4.62 3.59 2.50 2.12 2.15 2.32 2.34 2.38 2.34 3.92 2.88 3.14 4.24 4.19 5.39 3.79 4.19 8.11 8.76 8.44 5.68 5.15 4.00 3.74 3.40 4.33 2.70 3.73 5.17 3.54 2.33 1.89 1.82 2.30 3.76 2.59 1.58 1.61 2.04 2.04 0.57 0.90 1.03 0.51 0.59 0.16 0.24 -999 -999 -999 0.04 0.20 0.04 0.03 0.05 0.10 0.47 0.93 1.02 0.24 0.03 0.05 0.06 0.15 0.22 0.09 0.02 0.04 0.04 0.03 0.01 0.08
0.45 1.10 2.01 2.17 2.02 1.05 2.36 1.36 1.98 2.45 1.53 1.78 4.18 2.34 2.06 2.41 3.61 2.92 1.73 1.63 2.05 3.88 4.37 5.13 5.47 4.51 4.88 5.64 7.53 8.68 7.71 7.37 7.02 6.47 5.13 2.83 3.80 3.20 3.12 2.92 4.08 3.51 2.04 1.35 1.11 1.63 2.09 2.13 1.94 2.07 2.89 1.88 0.25 0.37 0.61 0.46 0.53 0.41 0.59 -999 -999 -999 -999 0.06 0.06 0.04 0.02 0.07 0.09 0.25 1.47 1.22 0.06 0.07 0.10 0.06 0.09 0.03 0.01 0.04 0.20 0.04 0.01 0.06
0.67 0.94 0.95 0.58 1.20 1.41 1.70 1.59 1.31 1.44 1.66 1.28 2.54 3.17 3.19 1.85 3.31 2.19 4.02 2.27 2.51 4.71 5.73 3.76 2.01 3.10 6.16 7.59 7.01 4.98 4.15 4.44 5.70 3.11 3.69 4.81 4.89 3.31 3.13 2.72 3.75 4.26 1.70 1.27 1.18 1.37 1.29 3.30 3.20 2.32 2.16 0.47 0.11 0.67 1.17 1.01 0.78 0.82 0.61 0.31 -999 -999 -999 -999 0.08 0.09 0.17 0.03 0.02 0.05 0.13 0.14 0.11 0.19 0.06 0.04 0.03 0.04 0.04 0.04 0.07 0.02 0.02 0.05
0.38 0.54 0.69 0.66 0.91 1.29 2.40 0.84 0.93 1.36 1.75 2.52 3.09 3.58 4.23 2.74 5.39 4.14 3.71 2.73 3.55 4.30 2.76 2.41 1.48 3.41 4.20 2.92 2.79 2.23 2.64 3.68 1.62 2.91 5.48 5.20 5.36 3.72 3.58 2.56 4.17 3.03 1.93 1.36 1.69 1.42 1.19 2.11 2.34 1.84 1.07 0.20 0.23 1.15 1.78 1.11 0.78 0.22 0.35 0.13 0.08 -999 -999 -999 -999 0.08 0.03 0.03 0.03 0.01 0.03 0.01 0.04 0.29 0.13 0.01 0.04 0.08 0.08 0.05 0.05 0.00 0.02 0.01
0.52 0.61 0.92 1.24 1.22 1.07 0.76 0.37 0.74 0.59 1.71 3.86 2.80 3.80 3.92 4.25 6.17 4.30 5.52 2.76 2.94 1.47 2.28 2.88 1.32 4.26 4.28 1.60 2.22 3.88 2.99 3.14 3.34 4.98 8.03 7.23 5.36 3.50 3.17 2.62 3.13 2.92 1.44 2.37 3.21 2.12 1.03 0.89 1.64 1.24 0.43 0.38 0.72 1.05 1.96 0.69 0.58 0.15 0.20 0.16 0.07 -999 -999 -999 -999 -999 0.09 0.02 0.02 0.01 0.01 0.01 0.05 0.06 0.06 0.07 0.05 0.04 0.08 0.06 0.00 0.02 0.01 0.01
0.94 0.89 0.92 1.32 1.12 0.86 0.78 1.87 2.20 0.47 1.01 1.36 3.69 5.52 5.41 4.54 2.43 4.78 2.35 1.59 0.94 1.36 2.32 2.26 1.52 3.39 3.58 2.38 3.34 3.84 3.92 2.98 6.53 8.67 10.25 7.73 6.21 4.12 3.47 2.94 2.96 3.00 1.46 1.70 3.77 3.11 0.81 0.68 0.63 0.72 0.66 1.10 1.82 1.34 0.51 0.40 0.22 0.13 0.26 0.17 0.05 0.23 -999 -999 -999 -999 -999 0.05 0.01 0.00 0.04 0.00 0.03 0.03 0.00 0.04 0.14 0.12 0.04 0.00 0.01 0.01 0.00 0.00
2.05 2.89 1.35 1.06 0.93 2.86 0.89 1.61 2.10 0.72 2.14 1.73 2.91 1.56 1.24 1.97 2.90 1.43 1.56 1.57 1.90 1.83 2.46 1.69 1.87 2.54 4.99 4.21 4.54 5.22 4.88 6.38 6.32 7.53 8.80 6.31 5.41 5.47 3.41 2.49 3.27 1.72 1.84 2.25 4.56 2.48 0.49 0.45 0.58 0.49 0.97 1.61 2.69 1.16 0.20 0.19 0.18 0.32 0.83 0.37 0.07 0.12 0.28 -999 -999 -999 -999 -999 0.05 0.02 0.02 0.00 0.02 0.01 0.01 0.04 0.01 0.01 0.10 0.01 0.01 0.00 0.03 0.01
2.02 1.14 0.79 1.75 2.64 0.91 0.95 0.76 0.59 1.40 2.23 1.61 0.74 0.82 1.26 1.20 1.39 1.37 1.05 1.43 2.64 4.33 2.69 1.68 3.61 5.51 5.11 3.54 1.91 2.42 4.99 5.49 4.97 5.51 3.12 6.63 3.15 3.35 3.42 3.15 3.54 2.27 1.81 3.10 4.51 1.40 0.39 0.54 0.74 0.51 0.93 1.42 1.95 0.69 0.12 0.17 0.32 0.45 0.68 0.34 0.09 0.07 0.18 0.03 -999 -999 -999 -999 -999 0.01 0.00 0.00 0.02 0.01 0.02 0.00 0.02 0.03 0.00 0.01 0.04 0.01 0.00 0.02
1.66 1.34 0.81 3.19 2.50 1.10 0.84 0.49 0.64 1.06 1.20 0.58 0.29 1.20 1.24 1.48 1.41 1.28 2.50 1.73 4.57 5.71 4.06 2.85 5.26 4.18 2.83 1.60 2.27 2.17 1.29 1.92 2.33 3.52 1.59 2.47 3.35 3.25 3.20 3.57 3.69 2.62 1.48 2.15 2.30 1.26 0.73 1.21 1.33 0.62 0.48 1.11 0.69 0.17 0.06 0.40 0.74 0.77 0.73 0.18 0.05 0.07 0.09 0.05 -999 -999 -999 -999 -999 -999 0.01 0.00 0.01 0.01 0.00 0.00 0.02 0.01 0.00 0.05 0.02 0.02 0.00 0.00
1.03 0.66 1.04 0.84 0.79 0.85 0.86 0.69 0.69 1.16 0.77 0.36 0.18 0.56 1.02 2.07 2.52 2.31 2.46 3.49 6.41 6.59 5.97 2.27 1.78 1.51 0.76 1.49 1.38 2.09 1.23 2.22 2.06 2.61 2.72 2.11 2.68 4.73 3.15 3.11 2.45 2.97 1.28 1.85 2.85 0.91 1.11 2.17 1.52 0.67 0.25 0.61 0.32 0.20 0.12 0.77 0.70 0.50 0.23 0.06 0.03 0.09 0.10 0.05 0.04 -999 -999 -999 -999 -999 -999 0.02 0.01 0.00 0.01 0.00 0.01 0.00 0.01 0.02 0.00 0.02 0.00 0.01
