24h/PH_20111105050000.asc
NCOLS 95
NROWS 110
XLLCENTER 939500
YLLCENTER 1831500
CELLSIZE 1000
NODATA_VALUE -999
[rows 72 to 107 of 110, columns 0 to 82 of 95]
2.66 6.26 4.53 3.69 4.32 3.72 3.23 4.46 3.21 4.57 3.58 7.11 4.89 4.12 4.46 4.27 8.71 7.37 12.62 21.19 34.99 26.91 26.62 31.50 26.72 24.81 24.35 24.58 21.80 21.80 21.98 22.43 19.63 17.90 18.88 11.43 15.23 10.98 7.40 4.64 3.04 2.37 1.47 0.86 0.81 1.54 1.08 0.91 2.28 2.50 1.50 2.04 1.78 1.39 2.45 1.98 0.66 0.28 0.18 0.23 0.24 0.25 0.24 -999 -999 -999 -999 0.06 0.71 1.31 1.71 1.66 1.58 1.66 1.65 1.26 1.23 0.56 0.30 0.35 0.48 0.42 0.61
3.31 4.32 2.49 5.04 3.81 2.18 3.90 4.42 4.06 3.68 3.46 2.97 6.29 4.08 2.77 3.78 5.20 8.24 12.92 26.42 26.45 28.61 28.27 24.09 30.75 30.95 26.82 23.34 20.11 20.96 19.84 18.94 18.85 18.86 16.66 13.77 13.35 10.89 6.69 4.90 3.55 2.08 1.54 1.58 1.86 2.35 1.52 1.47 3.78 2.52 1.72 2.10 2.02 1.73 2.93 2.17 0.80 0.34 0.17 0.31 0.23 0.22 0.39 -999 -999 -999 -999 -999 0.06 1.11 1.77 1.68 1.49 1.62 1.66 1.61 1.21 0.78 0.27 0.29 0.47 0.62 0.63
1.90 1.89 3.55 3.54 2.45 4.24 3.90 6.25 6.62 5.01 3.23 4.14 5.23 5.23 5.95 6.16 7.46 6.34 12.55 17.99 24.09 23.83 22.04 19.41 32.42 34.92 24.37 20.11 21.71 16.19 18.20 23.02 22.34 16.95 13.41 12.64 11.86 10.89 7.15 4.73 3.54 2.21 2.02 3.11 2.85 2.68 1.95 2.58 4.28 2.00 1.47 2.17 1.76 1.70 2.57 1.77 1.00 0.33 0.19 0.30 0.40 0.30 0.33 0.30 -999 -999 -999 -999 -999 0.03 1.67 1.89 2.08 1.73 2.08 1.72 1.48 0.80 0.45 0.34 0.52 0.57 0.69
2.08 1.86 3.57 2.96 4.85 3.83 3.51 3.25 3.32 3.29 3.44 3.29 5.63 3.52 6.52 5.31 7.96 3.50 7.82 16.67 14.77 22.19 24.56 25.41 28.03 30.10 22.57 22.52 21.83 19.27 22.13 24.20 22.11 16.52 14.85 12.60 9.86 9.81 7.55 5.90 4.19 2.12 2.40 4.31 3.55 2.30 1.59 2.95 3.51 1.38 1.20 1.50 1.69 1.38 2.47 1.71 1.50 0.34 0.22 0.38 0.35 0.30 0.23 0.25 0.50 -999 -999 -999 -999 -999 0.12 1.77 2.08 1.60 1.99 2.07 1.54 0.76 0.50 0.38 0.46 0.62 0.76
1.65 2.51 2.06 3.47 2.86 7.35 5.42 2.81 1.47 1.55 3.41 6.15 4.47 4.37 7.24 3.95 3.62 5.99 9.58 14.62 13.39 20.42 18.63 18.91 26.73 29.09 20.71 19.26 21.91 18.59 22.08 25.40 23.50 18.05 14.78 10.49 7.72 8.16 6.40 6.33 4.16 2.70 2.29 4.19 3.43 1.61 1.48 2.29 2.47 1.28 0.94 1.18 1.04 1.24 2.92 1.80 1.32 0.43 0.36 0.44 0.33 0.23 0.19 0.34 0.29 -999 -999 -999 -999 -999 -999 0.11 2.48 1.82 2.41 2.04 1.26 0.89 0.44 0.42 0.74 0.96 1.33
2.58 3.76 3.28 2.83 5.66 4.52 2.81 3.64 1.71 3.42 3.93 6.83 5.31 3.27 2.61 3.27 4.43 4.67 6.38 7.35 8.29 17.24 17.37 17.39 19.02 18.31 19.28 19.46 19.98 24.58 28.32 29.86 21.59 18.78 17.12 11.60 7.18 8.57 8.75 8.22 5.43 3.96 2.22 3.73 2.05 1.22 1.17 1.54 1.64 1.13 0.87 1.32 1.53 1.56 2.13 2.16 1.10 0.44 0.42 0.42 0.25 0.24 0.25 0.55 0.42 0.20 -999 -999 -999 -999 -999 -999 0.08 2.56 2.47 1.82 1.34 0.87 0.42 0.36 0.87 1.85 2.09
2.49 2.90 2.08 3.17 3.66 6.94 4.29 3.16 2.32 3.87 3.27 4.90 5.43 3.95 3.16 4.29 3.51 4.69 4.73 6.27 8.52 12.13 16.87 16.58 16.46 15.73 16.11 20.34 22.79 31.39 32.73 29.28 27.93 20.22 18.62 11.69 6.61 6.19 7.39 8.43 6.52 5.10 2.81 2.92 2.61 1.48 1.51 1.84 2.13 1.05 1.14 1.51 2.57 2.06 1.89 2.73 1.58 0.47 0.55 0.50 0.31 0.32 0.30 0.49 0.45 0.16 0.31 -999 -999 -999 -999 -999 -999 0.08 2.97 2.47 1.29 1.15 0.52 0.32 0.75 1.99 3.17
1.93 2.53 3.24 3.37 2.63 4.91 3.74 4.24 3.91 3.39 3.75 2.34 2.08 2.98 2.50 2.90 2.89 4.33 4.50 6.47 6.52 8.04 13.67 13.99 15.97 19.44 22.22 22.56 22.09 30.04 31.60 33.00 28.10 23.13 17.56 10.17 7.09 5.07 5.72 6.31 5.12 3.49 3.21 3.15 2.63 1.73 2.66 2.36 1.77 1.19 1.60 1.94 2.76 2.47 2.38 4.44 1.82 0.55 0.41 0.39 0.39 0.31 0.32 0.45 0.28 0.14 0.53 -999 -999 -999 -999 -999 -999 -999 0.02 2.06 1.27 0.55 0.35 0.43 0.87 2.23 3.01
2.85 3.77 3.20 2.25 3.75 3.38 5.23 3.74 4.13 3.73 2.17 1.48 2.72 2.77 3.11 2.91 3.15 3.16 5.34 5.51 5.85 8.70 10.96 15.45 18.34 15.70 20.72 20.73 21.11 28.27 31.59 33.06 30.44 25.51 19.38 12.52 6.74 5.43 5.86 5.55 3.95 2.89 3.23 2.97 2.47 2.17 3.31 2.97 1.54 1.45 1.80 2.11 2.02 1.97 2.29 3.67 2.17 0.65 0.50 0.45 0.44 0.54 0.31 0.48 0.20 0.18 0.47 0.85 -999 -999 -999 -999 -999 -999 -999 0.06 1.02 0.65 0.23 0.48 1.11 1.37 2.02
2.72 2.21 1.85 3.25 5.01 3.97 6.69 6.71 4.85 3.21 2.24 4.04 2.76 1.72 1.55 2.00 2.92 3.57 5.98 2.95 5.95 4.55 10.38 18.77 12.12 17.24 17.77 19.09 23.02 24.64 29.80 33.04 28.43 25.83 18.61 14.67 9.63 5.82 6.36 5.78 4.62 3.62 3.78 3.73 2.97 3.30 3.14 2.16 1.54 1.80 1.30 1.56 1.26 1.32 1.91 2.82 4.82 0.75 0.47 0.69 0.79 0.78 0.27 0.40 0.31 0.31 0.51 0.54 1.07 -999 -999 -999 -999 -999 -999 -999 0.05 0.51 0.28 0.45 0.63 1.45 3.33
1.76 2.92 2.89 3.90 6.26 9.08 5.93 5.71 5.34 2.76 1.88 2.63 3.08 1.86 2.01 1.86 2.83 3.90 2.38 4.93 3.13 7.80 8.52 8.81 10.67 14.54 15.78 16.13 24.96 24.48 26.51 31.71 33.06 27.35 20.75 14.75 11.01 6.92 6.40 4.96 5.29 4.68 3.27 3.18 2.05 3.37 2.91 1.90 1.65 1.45 1.05 0.86 0.98 1.23 1.50 1.67 3.03 1.20 0.58 0.79 0.87 0.31 0.26 0.31 0.65 0.52 0.38 0.76 0.96 0.58 -999 -999 -999 -999 -999 -999 -999 0.01 0.21 0.26 0.85 2.56 2.62
1.95 3.10 3.97 5.50 6.56 6.16 4.07 3.45 2.31 3.47 2.75 2.36 1.76 2.54 1.89 1.92 3.06 2.20 2.31 2.77 3.68 9.27 7.10 7.59 11.87 15.53 13.89 17.61 16.54 25.40 27.15 27.61 30.38 25.53 24.07 14.76 10.10 7.17 5.58 3.57 4.26 3.65 3.02 1.94 2.33 1.90 1.89 0.92 0.94 0.72 1.01 0.67 1.08 1.77 1.29 1.14 2.88 1.28 0.57 0.77 0.40 0.26 0.24 0.44 0.58 0.77 0.26 0.74 0.96 1.05 -999 -999 -999 -999 -999 -999 -999 -999 0.00 0.39 1.30 2.21 3.43
3.16 3.48 4.70 3.37 3.24 3.25 3.12 2.84 3.60 5.26 2.53 1.24 1.79 2.57 2.88 2.80 2.33 2.20 1.99 2.00 3.44 4.43 4.02 9.80 9.80 14.67 17.36 19.27 17.60 19.32 28.08 27.87 27.95 24.63 23.87 16.54 11.55 7.53 4.65 2.56 3.24 2.52 1.65 1.32 2.91 1.55 0.85 0.62 0.76 0.80 1.21 0.58 1.49 1.72 1.16 1.61 2.93 1.83 0.53 0.48 0.48 0.40 0.49 0.60 0.53 0.57 0.35 0.64 1.16 0.88 1.94 -999 -999 -999 -999 -999 -999 -999 -999 0.00 1.77 2.49 3.39
4.42 4.02 4.02 3.03 2.60 2.34 2.68 3.87 4.31 4.52 3.09 1.60 1.59 1.70 2.27 1.57 1.59 1.34 1.98 3.20 2.78 3.02 2.57 3.80 8.81 9.61 10.90 9.21 14.46 24.75 27.57 35.16 27.65 20.97 23.60 18.90 13.93 7.95 3.91 2.99 3.06 1.77 1.41 1.30 1.70 0.47 0.36 0.50 0.73 0.80 0.91 0.56 1.56 1.58 1.25 1.86 3.41 2.72 0.57 0.47 0.84 0.84 0.58 0.44 0.48 0.35 0.64 0.73 1.14 1.39 2.37 1.04 -999 -999 -999 -999 -999 -999 -999 -999 0.00 3.27 2.70
3.60 3.31 3.19 3.86 2.47 3.82 3.41 4.15 4.30 4.78 2.92 2.06 1.14 1.03 1.96 1.68 1.02 1.26 1.55 2.73 2.52 1.24 1.95 3.97 5.77 6.30 3.99 8.38 13.18 20.95 32.93 33.07 30.00 19.97 22.90 17.86 14.79 8.27 3.41 2.49 2.12 1.86 1.08 1.80 1.29 0.25 0.58 0.54 0.89 0.62 0.70 0.77 2.01 1.48 1.58 1.91 3.14 2.35 0.81 0.59 0.86 0.70 0.67 0.52 0.64 0.40 0.45 0.73 3.08 3.46 1.57 2.14 -999 -999 -999 -999 -999 -999 -999 -999 -999 0.02 4.33
2.63 2.52 3.28 4.15 4.81 5.13 3.20 3.03 4.88 4.90 2.59 3.35 1.91 1.58 1.21 1.16 0.70 1.08 0.76 1.15 3.20 2.81 3.09 2.35 4.12 3.72 4.61 10.59 12.27 22.57 25.94 25.26 20.21 20.89 23.79 22.58 14.63 8.93 3.54 3.96 2.24 1.63 1.43 2.08 1.81 0.32 0.27 0.53 0.62 0.36 0.47 0.95 1.66 1.07 1.03 1.46 3.15 3.22 1.38 0.77 1.01 0.94 0.59 0.47 0.60 0.77 0.61 0.69 1.56 2.85 1.85 1.89 3.33 -999 -999 -999 -999 -999 -999 -999 -999 -999 0.02
2.26 2.11 3.26 5.49 5.85 4.78 3.67 2.68 2.62 2.27 2.70 1.24 1.18 1.14 0.92 0.89 0.59 0.38 2.09 1.04 1.14 2.80 4.34 3.78 3.76 2.67 4.14 10.68 12.74 19.67 25.43 27.59 23.62 19.77 22.62 21.73 15.51 8.71 4.47 5.21 4.42 2.72 2.00 2.55 2.06 1.19 0.57 0.76 0.42 0.36 0.37 1.00 1.46 1.02 1.21 0.87 2.81 3.70 1.97 0.64 1.25 0.98 0.46 0.44 0.82 1.38 0.48 0.88 1.56 1.90 1.37 2.07 4.22 4.00 -999 -999 -999 -999 -999 -999 -999 -999 -999
1.31 2.38 3.46 4.92 4.10 3.50 4.78 2.89 2.06 2.65 1.43 1.20 1.02 1.53 1.14 0.95 0.56 0.51 1.63 1.07 2.17 3.13 1.96 1.52 1.51 2.46 2.32 6.54 7.10 14.64 25.16 26.78 21.54 19.74 22.46 22.05 14.19 8.96 5.36 5.00 3.63 3.65 2.26 2.49 2.35 2.47 1.27 0.78 0.65 0.63 0.59 0.74 0.91 0.96 1.17 1.12 1.94 3.04 1.38 0.92 0.74 0.87 0.48 0.67 0.65 0.95 0.67 0.94 1.90 1.44 1.90 3.60 4.52 4.27 -999 -999 -999 -999 -999 -999 -999 -999 -999
1.53 2.57 2.87 4.50 4.98 4.60 3.80 2.69 2.97 2.05 0.89 1.26 2.31 1.79 1.23 0.60 0.97 0.92 0.74 0.73 0.98 1.77 2.13 1.26 0.94 1.65 0.82 3.82 7.84 12.71 19.36 24.68 20.00 16.97 26.24 17.63 14.85 11.09 6.83 4.42 2.92 2.39 2.45 2.78 2.55 1.55 1.30 0.42 0.63 0.76 0.92 0.69 0.95 1.57 1.49 1.79 3.54 4.25 1.50 1.08 0.74 0.63 0.59 0.90 0.92 0.81 0.57 0.83 1.87 1.36 1.29 3.38 4.58 4.22 2.06 -999 -999 -999 -999 -999 -999 -999 -999
1.16 2.24 2.20 3.49 3.32 2.11 2.19 2.16 1.90 1.98 1.45 2.86 1.25 1.28 1.15 1.04 0.80 0.34 0.97 1.11 1.02 0.70 1.20 1.18 1.87 1.77 0.99 2.43 9.18 15.48 20.61 23.31 20.11 18.56 24.28 19.38 12.44 10.25 8.74 4.25 2.75 2.39 2.87 3.21 2.53 1.78 1.25 0.47 0.56 0.89 0.67 0.55 1.34 2.50 1.99 1.71 4.31 4.13 3.71 1.49 0.68 0.57 0.85 0.69 0.99 0.85 0.53 0.92 1.66 2.35 1.78 3.04 5.63 3.19 2.47 3.41 -999 -999 -999 -999 -999 -999 -999
2.22 2.21 2.83 2.61 2.85 2.79 2.57 1.95 1.31 1.26 2.88 1.07 1.42 0.88 1.22 0.73 0.78 0.58 0.96 2.26 0.71 0.68 0.50 0.88 0.61 1.71 1.39 1.25 7.77 13.10 21.00 23.72 21.62 21.30 21.33 16.41 15.11 11.92 8.65 5.39 2.93 3.48 3.74 2.86 1.90 1.94 1.37 0.57 0.58 0.87 0.83 0.27 1.02 2.11 1.80 2.07 3.41 3.29 3.86 1.81 0.62 0.74 0.76 0.81 0.83 0.99 0.94 1.01 2.05 3.03 2.17 2.85 3.99 2.65 4.84 4.31 -999 -999 -999 -999 -999 -999 -999
1.73 2.02 1.65 1.90 2.81 2.73 3.85 4.17 1.02 1.98 1.83 2.53 1.69 1.38 0.64 0.98 0.75 0.54 1.46 3.15 0.92 0.56 0.71 0.50 0.49 0.46 0.86 1.35 6.78 12.85 23.22 23.33 23.86 21.82 18.03 17.96 19.26 17.61 8.27 6.53 3.38 3.69 4.77 1.68 1.52 1.75 1.27 0.53 0.53 1.15 0.55 0.25 1.29 2.26 1.33 2.29 2.84 2.59 2.79 2.40 0.76 0.94 0.89 0.88 0.88 1.91 1.01 1.47 2.11 2.26 2.60 2.27 3.63 3.91 4.76 4.83 3.77 -999 -999 -999 -999 -999 -999
1.40 1.48 1.67 1.75 2.23 2.39 1.69 1.55 1.65 1.05 1.40 1.58 1.07 2.33 1.56 0.43 0.96 1.03 1.38 1.07 2.16 0.38 0.73 0.90 0.57 1.04 0.59 1.75 4.07 10.78 19.14 20.62 20.16 19.16 17.67 16.49 16.60 18.49 9.57 7.25 3.66 3.88 3.59 1.62 1.64 1.79 2.08 0.71 0.70 1.08 0.54 0.50 1.65 1.64 0.81 0.81 2.00 2.28 3.71 3.55 0.84 1.49 0.79 0.63 1.21 1.61 0.93 1.18 2.02 2.41 2.18 1.85 2.56 4.51 3.67 3.14 2.74 2.28 -999 -999 -999 -999 -999
1.11 1.55 1.61 1.89 2.06 2.86 3.04 1.93 1.97 1.27 1.42 1.91 1.47 2.03 0.75 0.98 0.80 0.94 0.54 0.47 0.54 0.38 0.44 0.58 1.11 0.87 0.51 1.56 3.55 9.09 16.32 21.88 21.49 21.10 16.47 14.53 14.03 15.22 9.46 8.20 3.57 2.79 2.06 1.82 2.26 3.58 4.31 0.75 1.16 1.09 1.49 0.84 1.30 2.02 0.94 1.32 1.86 2.28 3.83 1.48 1.53 1.07 1.13 0.38 1.34 1.98 1.55 1.53 2.51 3.38 1.33 1.47 4.15 5.65 4.54 2.84 2.88 1.22 -999 -999 -999 -999 -999
0.87 1.74 1.97 1.16 1.84 2.95 4.22 3.35 4.06 1.72 0.96 3.47 2.65 1.00 1.08 0.94 0.44 0.47 0.54 0.36 0.46 0.46 0.47 0.62 0.66 1.06 1.04 1.19 2.92 7.41 11.42 16.51 22.86 18.71 21.91 17.11 12.85 13.98 11.51 7.70 3.37 2.68 1.69 1.57 2.74 5.28 2.79 1.27 0.53 1.37 1.34 1.07 0.80 1.07 0.61 0.99 1.64 2.89 4.11 1.66 1.76 0.77 0.78 0.57 1.90 2.86 3.24 1.98 2.49 2.67 1.62 1.31 4.22 6.57 6.06 2.01 1.82 2.10 0.85 -999 -999 -999 -999
1.23 1.73 1.13 1.24 1.99 2.91 2.86 3.67 1.51 2.15 1.94 2.74 1.26 1.69 1.20 1.20 0.64 0.25 0.46 0.52 0.57 0.47 0.52 0.55 0.63 0.31 1.34 1.04 1.47 5.90 8.25 14.30 17.66 19.04 20.13 18.97 11.41 13.45 11.61 7.04 3.84 2.54 2.18 1.38 2.84 5.39 1.73 2.63 0.39 1.79 1.74 1.47 0.64 0.99 1.19 1.44 1.70 3.12 3.33 2.20 2.17 2.23 1.00 0.67 1.82 4.57 2.60 1.63 1.98 2.93 2.26 1.87 4.38 5.38 3.76 2.61 1.71 1.59 0.80 0.73 -999 -999 -999
0.83 0.89 0.88 1.24 1.53 2.15 4.51 4.49 2.77 2.25 3.39 1.32 1.48 1.21 0.94 0.72 0.48 0.35 0.51 0.42 0.46 0.46 0.64 0.81 0.46 0.32 0.52 1.08 1.40 2.45 5.57 10.04 13.71 17.95 18.88 18.87 11.42 16.59 10.87 6.97 3.34 1.89 1.47 1.98 2.77 2.20 1.84 1.66 0.22 1.46 2.23 2.59 0.67 0.95 1.23 1.52 1.64 2.00 2.10 2.50 3.27 3.31 0.97 0.98 2.15 3.21 2.81 1.99 1.43 2.26 2.24 2.44 2.50 4.36 4.61 3.83 4.37 1.42 1.54 1.00 -999 -999 -999
0.81 0.88 1.16 1.45 1.54 2.65 3.68 4.00 2.96 2.78 1.84 3.04 1.74 1.48 0.84 0.50 0.63 0.31 0.47 0.62 0.55 0.46 0.48 0.49 0.37 0.40 0.56 0.57 0.61 1.63 3.76 5.01 10.16 16.22 16.02 15.00 13.79 12.60 9.67 5.96 6.11 1.61 1.53 2.81 2.35 3.55 2.38 1.15 0.32 0.62 2.27 1.37 0.67 1.01 1.26 0.82 1.14 1.89 1.74 3.33 2.76 2.32 1.72 0.88 1.73 1.96 2.70 1.11 1.70 2.56 3.26 2.53 2.05 3.39 5.27 5.04 3.82 1.10 1.98 0.58 0.26 -999 -999
1.10 1.09 1.16 1.34 2.58 2.68 2.61 2.79 2.66 1.26 1.54 3.54 2.68 1.47 1.23 0.96 0.46 0.29 0.40 0.51 0.53 0.56 0.58 0.43 0.44 0.43 0.50 0.61 0.86 1.05 2.40 4.91 6.15 7.70 13.08 10.92 11.07 8.22 9.59 7.54 7.25 3.23 2.20 2.07 1.70 3.25 3.02 3.71 0.54 0.83 1.10 0.53 0.51 0.88 0.89 1.32 1.10 1.64 1.50 3.65 3.87 2.11 1.95 1.03 0.70 1.75 1.51 1.54 2.94 2.17 2.97 1.99 1.31 3.06 5.64 4.11 2.08 1.67 0.63 0.34 0.56 0.63 -999
1.04 0.95 1.96 1.58 2.34 2.93 2.69 2.93 3.35 1.77 2.30 4.49 3.71 2.53 1.54 1.05 0.42 0.46 0.38 0.43 0.33 0.37 0.32 0.39 0.51 0.48 0.70 1.12 1.59 0.97 1.39 3.64 3.89 8.16 10.08 11.44 7.77 7.84 9.66 10.52 9.73 3.64 1.54 1.83 1.62 3.45 6.64 2.88 0.53 0.88 1.58 1.30 1.01 1.27 0.65 0.84 2.62 1.21 2.43 3.34 2.55 1.26 0.91 0.90 0.59 2.19 1.87 2.43 2.96 2.25 2.19 1.64 1.37 3.83 5.29 3.24 1.84 1.03 0.82 0.72 0.91 0.54 -999
0.72 0.88 1.02 1.34 0.85 0.95 1.69 1.35 1.75 1.78 2.09 2.76 3.95 2.49 1.15 0.96 0.60 0.55 0.45 0.40 0.29 0.32 0.37 0.57 0.61 0.66 0.80 1.09 0.83 0.44 0.82 2.60 3.28 4.02 6.00 11.26 7.35 8.42 11.94 9.84 8.21 3.39 2.43 1.69 1.72 3.79 5.96 0.87 0.52 1.20 2.23 2.11 0.97 1.28 3.22 1.58 1.60 1.74 2.77 2.57 3.02 1.03 0.74 0.40 0.52 2.52 2.37 2.64 3.08 2.15 2.94 2.14 1.42 2.93 2.82 2.18 1.35 1.01 1.18 1.41 0.63 0.49 0.73
1.01 0.87 0.87 0.76 0.66 0.82 0.86 1.24 1.29 1.22 2.12 2.98 4.13 1.36 1.20 0.53 0.67 0.49 0.40 0.47 0.32 0.36 0.36 0.43 0.63 0.87 0.80 0.86 0.89 0.85 0.51 1.48 2.88 3.87 5.25 5.13 6.06 4.94 9.82 8.99 6.25 3.43 4.10 1.72 1.44 3.60 2.04 1.05 0.68 0.19 0.86 1.05 0.89 0.63 1.94 1.42 1.49 2.08 2.99 2.02 3.32 1.15 0.41 0.18 0.51 1.53 2.91 2.00 2.28 2.52 4.47 2.44 2.67 1.98 2.13 2.12 2.03 1.58 2.55 1.83 0.56 0.50 0.83
0.97 0.94 0.98 0.73 0.70 1.13 1.11 0.96 1.60 2.08 2.07 2.43 2.60 0.67 0.79 0.45 0.57 0.60 0.51 0.51 0.42 0.34 0.62 0.48 0.56 1.31 1.23 0.59 0.67 0.62 0.65 1.89 2.47 4.02 3.64 3.60 4.24 4.91 11.25 8.14 6.32 5.19 4.60 0.81 1.49 0.92 1.93 1.09 0.73 0.18 0.74 1.32 1.29 0.37 2.43 1.97 1.24 2.28 2.43 1.05 2.66 0.82 0.76 0.23 0.34 1.36 2.78 2.69 2.38 2.33 2.84 3.38 1.87 1.61 2.20 4.12 3.52 2.29 2.42 1.33 0.32 0.42 1.31
0.85 0.81 0.83 1.07 0.83 0.77 0.89 1.12 1.51 2.12 2.13 0.96 1.28 1.76 0.49 0.66 0.75 0.67 0.66 0.42 0.35 0.41 0.53 0.55 0.51 0.91 0.97 0.41 0.42 0.40 0.32 0.87 3.22 3.10 3.79 2.14 2.57 4.71 6.17 6.55 6.26 4.46 6.18 1.06 1.58 2.25 1.85 0.76 0.55 0.26 0.96 1.42 0.85 0.72 2.17 2.31 1.70 0.99 1.47 0.96 2.61 1.39 0.76 0.32 0.09 0.59 2.90 2.48 2.61 2.31 2.76 3.98 1.71 1.40 2.47 3.68 3.54 1.85 1.25 0.89 0.52 0.70 1.69
0.93 0.71 0.83 0.86 0.68 0.80 0.98 1.24 1.57 1.76 2.10 1.67 1.44 0.71 0.81 0.92 0.72 0.45 0.47 0.44 0.34 0.45 0.48 0.40 0.41 0.80 0.37 0.41 0.39 0.39 0.62 1.90 3.69 3.82 4.57 4.36 2.47 4.23 3.47 6.41 6.03 8.88 10.64 1.64 1.06 1.43 2.58 1.30 1.29 0.47 0.84 0.52 0.22 0.26 1.46 0.94 1.11 1.33 1.05 1.40 2.06 2.55 0.90 0.28 0.32 0.22 0.47 0.98 1.76 2.92 3.13 3.87 1.02 1.00 2.03 3.18 2.59 1.05 0.78 0.64 0.53 1.41 0.71
0.81 0.74 0.75 0.79 0.72 0.76 1.20 0.93 0.85 1.35 1.56 1.75 1.00 0.86 1.10 0.85 0.76 0.57 0.42 0.32 0.44 0.47 0.42 0.32 0.41 0.53 0.30 0.29 0.31 0.34 0.38 0.88 0.46 0.77 1.03 2.58 3.94 4.43 3.88 6.66 6.02 6.52 1.76 2.38 1.44 2.40 3.17 2.58 1.04 0.40 0.30 0.33 0.22 0.24 1.24 1.52 1.32 1.78 1.01 1.42 2.31 1.05 0.67 0.24 0.14 0.20 0.64 1.26 2.86 3.33 2.22 2.25 1.44 0.86 1.74 3.11 2.19 0.72 0.50 0.88 1.21 1.39 0.56
