24h/PH_20111105030000.asc
NCOLS 95
NROWS 110
XLLCENTER 939500
YLLCENTER 1831500
CELLSIZE 1000
NODATA_VALUE -999
[rows 37 to 73 of 110, columns 0 to 83 of 95]
2.04 1.77 3.65 4.77 2.81 4.88 3.15 2.02 1.96 2.74 5.21 5.67 6.19 7.41 3.37 2.90 6.16 6.12 6.70 10.49 10.16 10.47 8.80 12.56 12.82 11.65 5.54 4.02 2.17 2.10 3.21 4.13 3.94 3.13 1.80 2.46 1.48 2.28 2.36 1.50 2.45 3.13 1.96 1.96 1.87 1.34 2.41 3.73 2.85 3.12 2.49 0.43 2.65 3.87 2.23 4.67 3.41 4.72 2.63 1.21 1.27 0.92 0.71 1.22 1.68 1.56 1.15 0.62 1.28 1.16 0.52 0.55 0.25 0.12 0.24 0.60 0.29 0.28 0.22 0.08 0.02 0.03 0.06 0.15
1.90 1.45 1.51 3.18 3.87 3.38 1.96 3.95 3.60 1.44 3.62 6.45 7.84 4.70 3.23 3.09 4.80 9.46 11.77 10.75 10.21 10.38 10.62 15.74 11.79 9.93 5.52 3.15 2.86 2.96 3.77 2.82 2.82 3.30 3.13 2.22 2.68 2.38 2.24 1.42 1.78 2.69 2.87 3.22 2.51 2.04 2.53 1.75 0.87 1.74 1.62 1.45 2.68 2.24 3.72 3.56 1.73 2.23 2.78 1.64 1.21 0.88 0.64 0.75 1.39 1.40 1.08 0.97 0.92 1.17 1.05 0.53 0.48 0.30 0.28 0.80 0.31 0.34 0.25 0.15 0.03 0.10 0.12 0.28
1.54 2.14 1.01 1.13 2.87 2.03 2.00 2.94 1.85 1.86 5.37 7.12 9.14 3.05 3.02 3.11 6.31 12.08 10.99 13.33 8.44 8.37 11.87 14.30 11.35 10.75 8.10 6.60 8.11 4.40 6.20 3.64 2.70 3.29 3.06 4.27 2.99 2.52 1.92 1.41 2.41 2.81 2.69 3.51 4.57 2.29 2.19 0.83 0.59 0.58 0.64 1.25 2.64 0.29 4.59 3.76 4.30 3.31 3.19 2.42 1.59 0.77 0.46 0.78 0.79 0.66 1.33 1.21 1.27 1.09 0.54 1.19 0.63 0.53 0.31 0.40 0.50 0.62 0.64 0.21 0.26 0.61 0.27 0.14
1.22 0.95 1.91 0.99 3.49 3.42 2.82 3.72 2.89 1.51 4.68 6.12 7.26 4.71 2.99 4.64 7.06 12.44 11.43 13.07 8.87 8.87 11.62 10.81 12.04 14.80 10.06 8.31 8.66 8.29 8.64 6.18 3.61 6.08 5.77 5.30 3.16 2.48 2.40 1.36 2.50 3.27 2.50 3.45 3.69 2.36 2.51 0.67 0.69 1.90 0.69 1.39 1.11 1.78 6.27 4.51 4.33 5.06 3.95 3.17 1.51 0.70 0.47 0.69 0.48 0.82 1.20 1.41 0.59 1.07 0.74 0.93 0.39 0.38 0.53 1.43 1.00 0.71 1.03 0.87 0.86 0.90 0.15 0.03
0.92 0.55 0.60 0.74 2.26 3.50 4.18 7.88 6.69 3.72 5.01 5.09 5.48 5.62 5.70 5.25 10.54 14.88 12.61 12.71 11.01 12.02 12.41 11.01 11.33 11.89 7.79 9.99 10.51 8.10 6.30 6.38 4.77 4.84 4.97 5.01 3.22 2.74 2.75 1.95 2.31 3.63 3.67 1.89 2.53 2.40 2.46 1.09 1.57 2.30 2.16 2.24 3.11 4.77 5.75 7.14 4.81 5.24 5.53 3.72 1.45 0.86 0.68 0.77 0.54 0.82 2.17 1.67 1.34 0.89 1.41 0.92 0.58 0.77 0.83 1.70 2.15 2.68 3.42 1.56 0.47 0.15 0.07 0.01
1.51 2.66 3.33 0.56 1.03 3.89 4.18 4.57 3.75 4.00 8.04 7.62 5.83 5.39 6.77 9.65 7.40 10.78 13.84 14.02 13.95 14.06 12.46 9.14 12.09 11.97 9.40 13.10 11.75 5.22 4.46 5.41 3.41 3.91 3.03 2.92 3.23 2.61 2.62 2.41 2.46 3.05 2.04 2.21 1.97 2.19 2.12 1.69 2.91 2.87 2.76 3.88 3.48 3.58 5.28 6.68 5.34 5.59 6.45 3.36 1.62 1.09 1.06 0.93 0.53 1.24 2.27 1.89 0.80 0.71 1.38 0.80 0.75 1.49 3.11 2.71 2.90 2.35 0.97 0.45 0.21 0.10 0.23 0.06
2.77 4.94 3.10 1.02 0.96 0.92 2.29 3.30 2.80 1.99 5.70 6.93 3.25 8.77 9.13 12.70 8.22 8.81 10.39 11.81 15.71 16.55 12.47 12.30 13.46 9.92 10.31 11.21 7.53 4.55 3.41 4.14 2.81 2.90 2.36 2.71 2.55 2.44 2.18 1.87 1.30 2.59 2.37 1.65 1.67 1.50 1.74 2.73 2.87 2.37 2.57 4.39 4.17 2.54 6.28 6.83 4.38 5.40 5.00 3.08 2.09 0.94 1.15 0.77 0.69 1.04 1.39 1.67 1.33 0.96 1.51 0.62 0.65 1.84 1.62 0.68 1.22 1.18 0.72 0.36 0.55 0.34 0.35 0.40
0.38 2.34 2.36 1.31 1.23 1.21 1.97 3.15 3.36 1.24 2.95 5.20 4.11 6.10 7.89 10.23 10.53 11.33 11.42 10.62 13.13 12.36 11.20 12.28 12.28 8.25 8.32 7.32 6.86 4.09 3.39 3.30 3.38 2.76 3.14 2.54 1.98 1.51 1.77 1.35 1.58 1.66 2.37 2.14 2.11 2.02 1.91 2.47 1.34 1.15 1.66 2.56 1.99 3.10 4.99 5.99 3.92 2.36 2.92 2.74 2.42 1.34 1.03 0.85 0.56 0.82 1.20 0.99 0.93 1.47 1.03 0.74 0.36 0.21 0.30 0.61 1.36 1.87 2.34 1.33 1.88 0.87 0.84 0.62
0.57 2.82 1.97 2.45 2.96 1.99 4.16 3.81 2.71 1.67 2.30 4.75 7.20 8.82 7.18 9.93 9.17 8.08 10.24 9.63 13.57 13.49 11.25 11.78 11.42 7.55 8.65 6.45 6.81 5.23 4.85 4.03 3.39 3.37 3.54 2.48 1.58 1.60 1.59 1.86 1.98 2.07 2.68 2.31 1.90 2.43 2.36 1.27 0.47 0.30 0.81 0.76 0.98 2.89 3.40 5.32 2.73 2.52 2.37 2.87 2.78 1.36 0.87 0.45 0.35 0.52 0.44 0.70 1.23 1.36 1.05 0.77 0.51 0.96 0.26 0.57 1.47 2.45 2.23 2.58 1.59 0.84 0.47 0.45
0.25 0.61 1.22 2.86 7.19 2.74 2.77 5.82 4.52 2.99 6.24 4.47 6.92 8.51 7.01 8.75 9.14 8.43 11.76 11.78 12.47 12.07 10.31 10.07 9.55 8.45 10.56 6.71 6.33 4.76 5.34 5.83 4.69 3.83 2.83 1.78 1.70 2.08 1.65 1.86 2.10 2.27 2.62 2.46 1.82 2.44 2.06 0.90 0.36 0.43 1.06 0.68 0.68 2.43 2.81 3.58 2.91 4.29 3.26 2.78 1.90 1.34 0.72 0.70 0.68 0.38 0.72 1.16 1.15 1.01 1.06 0.54 0.83 1.16 0.55 1.08 2.20 1.87 1.46 1.35 1.41 1.92 1.44 0.74
0.53 0.95 1.77 3.23 6.60 6.82 0.54 6.42 5.09 4.62 6.16 5.26 7.54 10.97 10.96 9.32 9.43 10.10 12.80 15.01 12.08 11.69 9.29 9.30 8.88 9.38 9.47 6.04 6.06 5.74 8.04 5.86 5.50 5.38 2.16 1.96 2.32 2.14 1.94 1.92 2.34 3.02 3.16 3.73 1.96 2.31 1.79 0.56 0.46 1.51 1.65 1.38 1.44 2.59 1.96 3.82 3.40 5.27 5.19 3.25 2.18 1.36 0.71 1.07 1.36 0.59 0.70 1.14 1.54 0.84 0.96 0.45 0.60 1.34 1.21 1.67 1.87 1.79 1.55 0.86 0.99 0.54 1.50 0.72
0.90 0.92 1.45 4.66 4.13 5.31 0.50 1.51 2.35 4.17 5.10 3.22 5.11 8.16 13.12 9.98 9.48 12.18 11.92 13.39 10.74 11.26 8.50 8.36 7.33 8.55 9.55 5.96 5.86 5.70 6.81 4.78 4.34 2.87 1.30 1.29 1.74 1.76 2.40 2.38 2.41 2.28 3.31 3.85 2.17 1.91 1.46 0.67 1.11 2.52 2.88 2.25 2.65 3.11 2.10 4.38 4.37 4.38 6.18 3.70 2.93 1.62 1.08 1.47 1.37 0.38 0.70 1.19 1.29 1.59 0.60 0.35 0.88 0.71 0.91 1.03 1.40 2.59 2.18 1.74 2.27 1.58 0.78 0.91
1.88 1.20 2.05 4.25 0.43 5.92 1.56 1.36 1.85 5.52 4.95 3.37 7.13 8.56 10.91 8.08 10.34 13.29 11.48 11.02 9.86 13.31 11.66 7.77 7.50 8.05 6.90 7.05 4.91 5.12 4.05 3.03 3.14 2.19 1.65 1.95 1.75 1.39 1.67 1.71 2.08 1.57 2.71 2.56 2.48 2.13 1.25 1.46 1.43 2.82 2.07 1.73 2.70 2.86 2.98 4.29 4.95 2.58 3.23 4.74 3.03 1.88 1.75 1.59 1.87 0.87 0.85 0.72 1.02 1.45 0.83 0.42 0.46 0.60 0.58 0.83 1.63 1.59 2.03 2.50 2.93 0.98 0.98 0.83
1.27 1.18 1.54 0.78 0.40 3.65 3.25 2.15 4.60 5.36 4.39 3.86 5.01 5.43 7.31 3.40 11.54 15.81 12.29 9.99 12.02 12.03 12.07 8.78 7.37 8.16 5.97 6.79 5.67 5.71 4.80 2.64 2.09 2.10 2.65 2.95 2.77 1.85 1.83 1.38 1.54 0.92 1.44 2.44 3.01 2.16 1.56 1.71 1.08 1.53 0.67 0.80 1.25 2.23 2.42 3.27 4.26 2.23 1.93 3.67 2.49 2.74 2.39 1.77 1.40 0.89 1.13 0.94 1.05 1.30 1.08 0.98 2.22 0.89 0.58 0.81 1.30 2.55 1.85 1.71 1.50 0.97 0.83 0.93
2.34 2.24 2.76 0.94 0.72 2.54 4.16 4.58 5.26 7.94 4.97 3.48 4.56 3.31 4.13 8.95 9.39 11.68 9.62 9.26 11.04 11.51 12.62 9.51 8.05 6.86 6.21 7.07 7.68 6.84 5.52 2.22 1.83 2.35 3.88 3.44 3.00 1.75 1.48 1.72 1.79 0.90 1.58 3.29 3.31 1.81 1.68 1.23 0.00 0.35 0.25 0.28 0.48 0.94 2.11 2.51 3.02 1.99 3.06 3.45 2.95 2.63 1.80 1.42 1.20 0.78 0.62 0.60 0.93 0.87 0.88 1.07 0.65 0.67 0.72 1.51 2.11 2.99 2.20 1.64 1.29 1.06 0.95 1.31
2.50 2.19 2.31 1.51 1.06 2.29 3.45 5.82 8.81 5.01 4.24 3.82 5.49 3.22 3.90 7.67 10.77 11.26 7.50 8.86 10.44 12.44 11.89 9.97 8.02 5.78 5.94 6.45 8.83 5.88 5.62 2.92 2.66 4.53 5.23 2.93 2.21 2.03 2.05 3.06 2.24 2.17 2.91 3.21 3.12 1.71 1.76 0.01 0.00 0.12 0.29 0.37 0.49 0.70 1.72 1.70 2.49 2.84 3.32 3.23 2.29 2.12 1.08 0.84 0.74 0.65 0.63 0.65 0.86 0.64 0.35 0.40 0.98 0.37 0.81 2.14 3.05 2.80 3.56 2.84 1.57 1.43 1.10 0.69
5.17 3.64 3.24 2.71 1.76 2.34 4.30 3.57 3.98 3.04 3.91 3.79 6.97 4.11 5.73 8.18 10.43 10.99 10.37 10.00 13.10 13.38 11.92 11.09 7.22 7.46 7.20 6.47 8.24 6.72 4.69 4.28 5.28 7.82 6.80 3.36 2.29 2.85 2.82 3.21 2.04 2.15 3.41 3.01 2.98 1.86 2.23 1.66 0.04 0.32 0.43 0.54 0.61 0.73 2.50 1.71 2.61 3.78 3.67 2.81 1.97 1.37 0.75 0.91 0.91 0.72 0.55 0.86 0.74 0.71 0.45 0.33 0.44 0.29 0.57 0.71 1.26 1.88 2.99 1.75 1.53 1.64 1.62 0.85
4.58 4.85 3.28 2.09 1.06 3.93 1.04 1.14 0.83 0.99 3.14 3.68 6.17 3.84 5.47 6.82 10.81 11.43 11.91 12.22 12.19 14.70 13.19 11.75 7.60 6.30 6.53 7.42 7.86 7.03 4.58 6.10 5.56 8.46 6.59 2.68 2.40 3.45 3.32 3.77 2.85 3.01 3.09 2.99 3.51 2.60 2.50 1.35 0.61 0.33 0.66 0.70 0.71 0.99 1.59 1.78 3.29 3.26 2.49 3.44 4.36 2.11 0.77 1.58 1.47 0.82 0.54 0.97 0.64 0.60 0.62 0.43 0.40 0.67 0.37 0.78 0.95 1.83 2.21 2.38 1.38 1.90 1.67 0.84
2.99 3.82 4.08 1.95 1.80 2.62 0.93 1.54 1.46 2.10 2.18 3.98 7.05 2.92 3.48 10.71 10.67 8.47 9.40 11.12 8.50 9.65 11.35 9.77 9.85 8.34 7.53 6.87 8.58 6.59 5.23 6.62 5.22 5.54 3.76 2.47 2.63 3.05 3.01 4.32 3.28 3.07 2.28 2.49 2.51 2.52 2.88 1.75 0.98 0.46 0.64 0.63 0.68 1.19 2.27 2.89 3.27 2.86 2.18 2.97 4.14 3.09 1.62 1.75 1.37 0.73 0.62 0.75 0.56 0.82 0.87 0.70 0.63 0.70 0.81 1.09 1.42 1.77 3.21 2.64 1.37 0.90 0.80 0.55
6.16 3.83 3.59 2.97 3.21 2.40 1.16 2.79 3.32 3.19 1.59 6.86 5.29 1.68 2.35 3.52 6.47 7.89 10.74 11.21 10.68 8.18 10.57 11.35 10.40 9.67 10.21 7.82 9.04 6.85 6.48 5.62 4.91 4.53 3.59 3.92 4.39 2.91 2.54 3.77 3.97 2.56 2.31 2.46 1.92 2.78 3.52 1.65 1.15 0.54 0.70 0.66 0.67 1.31 2.42 2.49 3.69 3.27 3.03 3.32 3.93 2.97 2.17 1.72 1.19 0.90 0.75 0.75 1.23 1.56 1.09 0.56 0.59 0.52 0.44 1.02 1.26 1.58 3.44 1.83 1.18 0.86 0.62 0.56
4.90 4.93 3.36 3.40 3.88 3.84 1.85 0.94 3.23 3.36 1.95 8.65 5.38 4.43 1.35 3.72 5.53 8.47 11.91 10.32 7.36 7.42 11.60 13.91 10.38 11.61 8.36 6.90 8.70 9.23 8.02 5.36 3.48 2.08 3.46 3.93 5.70 3.11 2.63 3.66 4.98 3.44 2.34 2.68 3.27 3.91 3.83 1.83 1.42 0.77 0.58 0.50 0.51 1.42 1.81 2.95 3.22 3.28 3.84 4.59 4.00 2.62 1.75 1.69 1.16 0.76 0.74 0.75 1.73 2.20 0.88 0.51 0.44 0.35 0.41 0.59 2.17 2.09 2.15 1.69 1.39 0.99 1.18 0.83
3.96 2.68 2.46 2.74 1.51 1.32 0.48 1.36 5.50 2.21 3.09 8.66 4.44 3.78 2.53 4.88 7.32 8.77 11.00 8.67 7.36 9.75 17.47 16.99 14.08 14.73 8.71 5.40 6.28 10.07 6.25 4.18 1.40 1.85 3.67 4.84 6.11 3.57 3.62 4.62 5.17 3.48 2.11 3.59 3.95 4.99 3.10 2.35 1.58 0.84 0.39 0.49 0.62 -999 1.36 2.10 2.99 3.44 3.56 4.07 3.77 2.31 1.84 1.68 1.20 0.92 0.91 0.93 1.85 2.01 0.76 0.49 0.34 0.54 0.45 0.44 0.63 1.19 1.65 1.96 2.19 1.32 1.40 1.56
2.99 1.78 2.22 3.17 0.75 1.03 0.30 3.15 2.55 2.17 1.46 1.98 3.34 4.94 2.94 4.72 5.25 9.12 13.81 13.95 10.74 11.84 13.51 18.50 17.95 11.91 6.22 6.30 7.75 12.34 5.79 2.28 2.28 2.59 4.82 6.35 5.74 4.54 5.93 6.02 5.46 2.43 1.84 3.14 3.71 5.07 2.98 2.58 1.86 0.86 0.40 0.64 0.84 1.00 -999 1.53 2.70 3.18 2.61 3.11 3.06 2.92 1.95 1.46 1.32 1.28 1.03 1.55 1.95 1.01 0.94 0.92 0.47 0.55 0.42 0.44 1.11 1.50 2.15 1.44 1.38 1.05 1.12 0.87
2.85 2.53 2.71 4.15 1.48 0.92 0.48 2.99 2.01 3.40 3.11 1.48 1.80 5.60 6.21 5.18 3.18 7.40 11.60 11.23 8.88 10.13 13.66 13.46 12.19 10.81 8.36 7.25 6.18 7.39 4.32 2.18 2.96 3.43 8.21 6.47 6.26 5.95 6.35 3.82 3.37 1.98 2.25 1.42 2.76 4.18 2.39 3.25 2.11 0.94 0.44 0.78 0.83 0.80 0.55 -999 1.60 2.25 2.45 2.25 3.41 3.03 2.62 1.83 1.75 1.16 1.03 1.83 1.64 1.22 1.57 2.17 1.29 0.87 0.43 0.80 1.03 1.83 2.45 1.35 1.09 0.82 0.79 0.78
4.43 5.30 7.11 7.08 1.76 0.95 3.27 4.46 1.70 3.72 1.37 2.72 3.31 6.04 11.80 7.68 5.42 6.49 6.91 9.98 13.00 10.48 12.01 10.65 13.46 9.36 8.96 7.54 5.63 6.54 3.97 3.96 6.19 4.28 8.12 6.73 3.56 5.18 5.52 3.37 2.98 2.58 2.56 1.65 1.80 2.93 2.33 3.46 2.01 0.86 0.60 0.67 0.83 0.81 0.87 -999 -999 1.60 1.97 2.20 3.43 3.70 3.27 2.67 1.86 1.27 0.98 1.18 1.37 1.46 2.84 1.92 0.66 0.51 0.43 0.57 0.95 1.97 2.01 1.55 1.53 0.68 0.81 0.80
4.02 5.70 7.37 5.99 4.41 3.70 3.17 4.43 2.38 4.51 4.75 3.26 3.72 5.23 7.69 5.34 5.27 7.01 5.32 8.51 11.13 11.32 8.63 10.28 10.60 9.35 12.58 8.82 4.30 3.84 3.66 7.43 4.99 6.60 2.88 5.49 4.87 3.42 4.18 3.54 2.28 2.60 2.12 1.77 1.85 1.68 2.55 3.98 1.61 0.79 0.70 0.58 0.91 0.81 0.96 1.03 -999 -999 1.96 3.46 4.16 4.64 2.85 3.00 2.07 1.60 1.61 1.34 1.15 0.90 3.47 1.03 0.67 0.45 0.53 0.40 1.20 1.96 2.78 1.91 1.74 1.14 0.74 0.94
4.91 6.63 10.12 4.63 3.47 2.93 3.89 3.74 4.57 5.69 5.28 6.09 3.91 5.78 5.48 2.34 2.85 4.24 2.65 6.80 10.67 7.60 11.19 10.37 9.03 8.48 9.27 9.00 3.41 4.32 6.16 5.79 4.58 4.55 3.68 4.30 4.10 3.57 4.57 2.34 2.70 3.38 3.15 2.06 2.59 2.62 2.91 3.97 1.32 0.82 0.74 0.46 0.52 0.53 0.62 1.53 1.57 -999 -999 4.65 7.12 4.89 3.06 2.54 1.93 1.95 1.50 1.84 0.92 0.95 3.20 0.80 0.58 0.58 0.44 0.37 0.75 1.55 3.08 3.02 1.55 0.98 0.69 1.27
4.02 7.31 11.35 3.31 2.19 1.36 2.41 3.38 1.77 2.69 2.48 4.67 7.26 7.28 6.09 3.73 2.60 4.41 6.58 7.93 11.16 10.32 12.42 10.72 10.17 8.75 8.34 6.87 3.59 6.05 6.11 6.96 6.13 3.34 1.67 2.59 2.64 3.71 2.80 3.03 2.87 3.40 2.59 2.22 3.29 3.27 4.38 3.03 1.53 1.14 0.81 0.44 0.39 0.40 0.81 1.26 1.27 0.29 -999 -999 5.95 5.87 3.32 1.98 1.96 1.93 1.76 1.72 0.68 0.59 0.93 0.54 0.59 0.88 0.30 0.30 0.63 1.62 3.18 2.15 1.32 1.25 0.76 1.21
1.86 4.65 5.15 1.82 1.76 1.47 2.12 1.85 1.37 1.28 2.45 4.88 7.93 6.48 3.79 4.60 3.03 4.99 7.43 7.79 11.47 9.37 10.43 11.82 11.25 10.91 6.23 5.23 4.13 3.37 5.65 4.19 3.82 2.74 1.51 1.52 1.53 2.53 2.77 2.29 2.45 2.90 2.18 2.10 2.89 3.30 5.29 2.77 2.05 1.89 0.79 0.50 0.43 0.72 0.90 1.50 0.82 1.51 -999 -999 -999 3.50 2.92 2.82 2.22 1.82 2.02 1.59 1.04 0.56 1.05 0.84 0.80 1.30 0.24 0.27 0.48 1.46 2.61 1.68 1.20 1.08 0.77 0.83
1.95 5.48 4.95 3.18 2.55 1.62 1.53 3.14 2.58 1.64 2.35 6.00 5.95 1.85 1.95 3.73 4.25 5.91 8.27 8.11 9.67 10.56 8.05 9.19 11.08 11.37 6.81 3.65 4.61 3.74 2.70 2.19 2.93 1.92 2.15 1.90 1.84 3.04 3.36 2.91 2.72 2.24 1.30 1.70 1.79 2.47 4.61 3.16 2.51 2.29 0.95 0.51 0.51 0.82 0.85 1.23 1.05 1.33 1.58 -999 -999 -999 3.50 4.77 3.82 1.69 1.54 1.45 1.29 1.26 0.68 0.70 0.85 0.69 0.25 0.34 0.43 0.93 2.15 2.42 1.44 1.63 1.15 0.81
3.27 5.76 6.32 4.88 4.33 3.16 3.49 2.75 3.99 2.73 1.42 2.93 1.47 1.16 1.84 3.39 4.28 3.82 3.50 7.15 10.68 12.46 10.31 6.82 7.99 12.76 7.03 4.82 6.55 3.62 1.67 1.99 2.62 3.03 3.33 3.86 2.56 4.08 3.78 4.18 2.50 2.37 1.93 1.78 1.48 1.59 2.89 2.92 3.70 2.08 1.16 0.67 0.69 0.92 0.91 0.94 1.40 1.48 1.88 0.02 -999 -999 -999 6.41 4.52 2.92 1.64 2.05 1.32 1.13 0.80 0.69 0.46 0.62 0.40 0.43 0.47 0.81 2.59 2.14 1.80 2.33 1.21 0.72
6.59 8.03 6.95 8.25 6.18 4.01 5.19 3.44 2.69 2.86 1.23 1.59 1.93 3.41 3.12 3.27 5.40 5.51 4.49 7.97 9.88 8.46 8.55 8.39 8.27 9.43 7.74 6.48 4.46 2.15 2.42 1.74 4.04 6.05 4.30 5.05 6.10 4.25 4.47 4.58 2.94 2.68 2.55 2.16 2.00 1.65 3.14 3.02 3.76 1.71 0.96 1.02 0.82 0.64 0.67 0.62 0.84 1.69 2.69 2.94 -999 -999 -999 -999 4.12 4.02 1.99 1.47 1.15 1.07 0.50 0.56 0.52 0.37 0.34 0.60 0.39 0.72 3.82 3.81 1.65 1.08 0.97 0.96
13.47 7.17 7.30 5.02 7.72 8.13 7.39 2.35 2.46 1.55 2.96 3.86 3.21 2.83 3.20 3.70 2.40 4.03 4.45 6.47 6.56 7.94 7.82 8.88 8.99 9.63 6.44 3.99 3.43 2.92 2.72 3.25 5.07 4.59 3.67 4.44 5.80 3.88 5.13 3.51 2.85 3.34 3.65 2.79 2.91 1.83 3.37 3.22 3.11 1.41 0.97 0.95 0.67 0.37 0.53 0.77 0.92 2.01 2.52 3.73 7.18 -999 -999 -999 -999 3.33 3.01 3.02 1.47 0.74 0.42 0.45 0.54 0.51 0.32 0.27 0.40 0.77 3.72 2.44 1.73 1.01 1.00 0.96
2.87 2.98 4.40 5.83 7.32 5.91 0.60 0.87 4.73 3.69 2.83 2.91 1.08 1.05 2.65 4.34 4.53 1.31 2.07 3.69 5.35 6.15 5.69 4.79 5.28 7.57 6.34 5.00 4.41 2.20 2.92 2.93 3.33 2.84 2.32 3.36 3.23 2.72 2.80 2.17 1.46 1.72 2.74 3.23 2.80 3.55 5.29 3.19 1.71 1.30 1.05 0.97 0.57 0.30 0.45 0.80 0.80 1.42 2.09 3.43 5.75 0.34 -999 -999 -999 -999 2.76 3.70 1.61 0.68 0.52 0.54 0.61 0.50 0.32 0.37 0.35 0.72 2.35 2.63 2.75 1.31 1.38 1.58
1.08 2.02 2.69 1.91 2.73 3.24 0.48 0.68 2.42 0.62 0.26 0.46 0.71 0.79 1.94 3.85 4.02 4.55 4.38 5.35 5.06 6.22 4.51 3.73 6.40 8.60 5.65 5.82 2.63 1.42 1.74 2.02 3.41 3.52 3.23 1.80 1.32 1.85 1.72 1.88 1.81 1.87 3.00 3.37 2.12 3.47 3.80 2.63 1.96 2.09 1.38 1.12 0.47 0.43 0.55 0.63 0.96 1.00 1.34 2.44 4.45 6.05 -999 -999 -999 -999 -999 2.35 1.40 0.95 0.67 0.71 0.59 0.36 0.36 0.22 0.38 0.91 1.78 2.89 1.87 1.25 1.78 1.82
1.04 1.87 3.25 2.65 3.61 3.02 1.04 0.96 2.14 0.67 0.45 0.57 0.44 0.91 1.17 2.66 4.06 3.54 3.63 4.19 3.83 8.27 3.90 5.45 6.06 9.29 6.79 3.78 3.36 1.98 1.03 1.40 2.13 2.36 2.43 3.09 1.16 1.30 1.91 2.34 1.60 1.89 3.33 2.86 1.52 2.54 3.28 1.84 3.56 3.25 1.90 1.27 0.60 0.65 0.46 0.43 1.47 1.38 1.28 1.48 3.60 4.21 2.87 -999 -999 -999 -999 -999 1.48 1.40 0.78 0.59 0.48 0.37 0.41 0.29 0.42 1.01 2.27 2.32 1.51 1.34 2.28 1.38
2.27 3.44 4.83 6.46 4.93 2.16 1.63 2.65 2.87 0.93 1.09 0.88 0.48 1.32 0.90 1.03 1.72 2.32 2.35 2.34 3.39 6.79 8.38 4.33 4.71 6.41 7.88 4.81 2.31 3.20 1.50 1.45 1.62 1.61 1.74 4.43 1.80 1.65 3.18 3.38 1.87 1.25 2.98 1.76 1.64 2.52 2.01 2.01 4.14 2.98 2.38 1.45 0.89 1.03 0.20 0.55 1.30 1.82 1.27 1.79 3.81 5.91 3.25 1.79 -999 -999 -999 -999 -999 1.51 0.96 0.59 0.51 0.60 0.49 0.31 0.34 0.59 1.86 2.93 1.61 0.97 0.97 1.12
