24h/PH_20111105030000.asc
NCOLS 95
NROWS 110
XLLCENTER 939500
YLLCENTER 1831500
CELLSIZE 1000
NODATA_VALUE -999
[rows 0 to 36 of 110, columns 0 to 83 of 95]
0.84 1.01 0.93 0.93 0.96 1.06 0.88 0.97 0.99 1.05 1.16 1.34 1.27 1.09 1.14 1.02 1.22 1.32 0.85 1.54 1.31 1.37 1.35 1.48 1.64 1.47 1.29 1.30 0.94 0.89 0.68 0.89 1.08 1.25 1.18 1.25 1.25 1.07 0.89 0.88 0.90 0.71 0.60 0.91 0.80 0.68 0.66 0.82 0.81 0.73 0.69 0.67 0.72 0.59 0.49 0.47 0.47 0.52 0.45 0.44 0.48 0.40 0.29 0.17 0.10 0.08 0.08 0.05 0.07 0.05 0.11 0.06 0.02 0.00 0.00 0.00 0.00 0.00 0.00 0.00 0.00 0.00 0.00 0.00
0.86 1.02 0.98 1.12 0.90 0.94 0.84 1.07 1.11 1.16 1.17 1.49 1.47 1.51 1.43 1.26 1.34 1.33 1.29 1.36 1.27 1.38 1.56 1.31 1.81 1.35 1.45 1.23 0.91 0.64 0.72 0.96 1.05 1.13 1.39 1.24 1.07 1.04 1.00 0.91 0.98 0.85 0.54 0.82 0.81 0.84 0.81 0.88 0.76 0.65 0.68 0.72 0.74 0.57 0.46 0.45 0.42 0.41 0.42 0.36 0.34 0.27 0.24 0.18 0.08 0.09 0.10 0.08 0.08 0.08 0.10 0.05 0.02 0.00 0.00 0.00 0.00 0.00 0.00 0.00 0.00 0.00 0.00 0.00
0.79 0.88 0.96 1.02 1.03 0.87 1.01 1.01 1.15 1.10 1.26 1.46 1.52 1.42 1.39 1.15 1.33 1.27 1.29 1.32 1.28 1.60 1.65 1.42 1.33 1.26 1.40 1.00 0.75 0.61 0.83 0.87 0.94 1.04 1.18 1.17 1.28 1.12 0.90 0.94 1.05 0.87 0.73 0.83 0.70 0.80 0.78 0.83 0.71 0.60 0.69 0.75 0.72 0.66 0.53 0.43 0.38 0.44 0.37 0.35 0.39 0.34 0.27 0.15 0.05 0.09 0.13 0.14 0.11 0.09 0.04 0.06 0.02 0.00 0.00 0.00 0.00 0.00 0.00 0.00 0.00 0.00 0.00 0.00
0.71 0.80 0.85 0.61 0.86 1.03 0.79 1.13 1.24 1.14 1.45 1.45 1.59 1.56 1.42 1.46 1.56 1.05 1.41 1.22 0.94 1.35 1.66 1.64 1.15 1.11 1.42 1.29 0.79 0.49 0.60 0.87 1.13 1.04 1.12 1.42 1.26 1.17 1.20 1.07 1.09 1.04 0.68 0.49 0.76 0.75 0.69 0.67 0.57 0.66 0.68 0.80 0.81 0.65 0.54 0.46 0.40 0.43 0.38 0.39 0.32 0.29 0.26 0.10 0.09 0.10 0.14 0.16 0.13 0.11 0.06 0.08 0.03 0.01 0.01 0.00 0.00 0.01 0.02 0.00 0.00 0.00 0.00 0.00
0.56 0.80 0.82 0.64 0.84 0.86 0.89 1.03 1.04 1.16 1.26 1.52 1.45 1.46 1.65 1.38 1.52 1.29 1.53 1.05 1.10 1.05 1.38 1.52 1.50 1.26 1.15 1.48 1.15 0.46 0.59 0.73 0.94 1.08 1.16 1.30 1.34 1.24 1.20 1.24 1.01 0.99 0.78 0.60 0.89 0.81 0.69 0.65 0.64 0.65 0.79 0.80 0.80 0.64 0.52 0.47 0.48 0.51 0.43 0.39 0.34 0.16 0.23 0.16 0.13 0.17 0.16 0.17 0.19 0.12 0.07 0.02 0.03 0.02 0.02 0.02 0.01 0.01 0.00 0.00 0.00 0.00 0.00 0.00
0.57 0.66 0.78 0.69 0.74 0.71 0.95 1.02 1.00 1.17 1.34 1.36 1.39 1.44 1.60 1.53 1.48 1.57 1.34 1.14 1.33 1.11 1.44 1.37 1.46 1.12 1.17 1.31 1.08 0.65 0.71 0.85 0.90 1.03 1.25 1.35 1.40 1.16 1.08 0.95 0.89 0.90 0.72 0.44 0.92 0.86 0.69 0.70 0.77 0.89 0.87 0.79 0.67 0.63 0.51 0.51 0.56 0.62 0.50 0.37 0.24 0.28 0.21 0.18 0.22 0.23 0.24 0.21 0.20 0.16 0.09 0.06 0.00 0.02 0.02 0.02 0.02 0.01 0.00 0.00 0.00 0.00 0.00 0.00
0.42 0.66 0.73 0.79 0.81 0.75 0.95 0.97 1.05 1.16 1.33 1.32 1.46 1.52 1.49 1.59 1.68 1.60 1.39 1.09 1.20 1.35 1.12 1.32 1.58 1.54 0.82 0.73 1.14 0.91 0.79 0.88 1.06 1.16 1.06 1.15 1.26 0.98 1.20 0.79 0.69 0.85 0.75 0.78 0.88 0.84 0.75 0.74 0.77 0.85 0.86 0.86 0.84 0.68 0.57 0.55 0.28 0.55 0.54 0.46 0.31 0.35 0.32 0.21 0.25 0.29 0.29 0.30 0.27 0.20 0.15 0.09 0.03 0.04 0.02 0.04 0.02 0.00 0.00 0.00 0.00 0.00 0.00 0.00
0.48 0.57 0.75 0.73 0.93 0.74 0.80 0.96 1.15 1.26 1.29 1.35 1.47 1.47 1.57 1.75 1.72 1.55 1.48 1.49 1.41 1.34 1.42 1.46 1.65 1.61 0.87 0.92 0.96 1.07 0.89 0.78 1.12 1.26 0.99 1.20 1.06 0.95 0.93 0.80 0.86 1.10 0.75 0.61 1.07 0.91 0.86 0.81 0.89 0.86 0.82 0.80 0.81 0.70 0.62 0.63 0.36 0.51 0.58 0.47 0.32 0.39 0.21 0.21 0.28 0.31 0.31 0.34 0.35 0.23 0.15 0.12 0.06 0.03 0.05 0.05 0.01 0.00 0.00 0.00 0.00 0.00 0.00 0.00
0.38 0.63 0.90 1.03 0.80 0.77 0.85 1.03 1.18 1.35 1.31 1.26 1.58 1.78 1.73 1.79 1.72 1.78 1.71 1.49 1.43 1.48 1.14 1.52 1.68 1.77 1.18 1.16 1.24 0.87 0.81 0.81 1.06 1.50 1.15 1.32 1.10 0.92 0.89 0.78 1.02 1.10 0.95 0.87 1.11 1.03 1.04 0.98 0.87 0.94 0.88 0.87 0.81 0.76 0.72 0.67 0.63 0.51 0.53 0.55 0.44 0.35 0.22 0.22 0.27 0.37 0.45 0.43 0.37 0.25 0.13 0.08 0.07 0.04 0.04 0.03 0.00 0.00 0.00 0.00 0.00 0.00 0.00 0.01
0.39 0.73 0.90 0.75 0.57 0.83 0.70 0.74 0.96 1.26 1.20 1.40 1.77 1.67 1.54 1.72 1.86 1.99 2.27 1.68 1.99 2.03 1.39 1.19 1.38 1.61 1.83 1.12 1.12 2.02 1.27 0.92 1.10 1.35 1.28 1.08 1.34 1.14 0.91 1.10 0.98 1.04 1.02 0.60 0.94 0.90 0.86 0.81 0.78 0.97 1.00 0.92 0.94 0.81 0.68 0.68 0.74 0.55 0.57 0.43 0.42 0.29 0.17 0.24 0.32 0.42 0.44 0.43 0.37 0.25 0.16 0.10 0.03 0.07 0.07 0.01 0.00 0.00 0.00 0.00 0.00 0.00 0.00 0.01
0.43 0.30 0.45 0.77 0.62 0.57 0.88 0.71 1.02 1.08 1.18 1.37 1.54 1.71 1.65 1.39 1.44 1.99 1.89 2.20 2.31 1.79 1.32 1.26 1.36 1.67 1.77 1.38 1.00 1.23 1.03 0.81 0.97 2.66 1.32 0.99 1.77 1.13 0.94 1.24 0.94 0.93 0.87 0.73 0.87 0.79 0.74 0.74 0.75 0.96 1.14 1.02 0.90 0.87 0.64 0.64 0.63 0.59 0.53 0.39 0.39 0.24 0.18 0.31 0.38 0.41 0.45 0.47 0.38 0.28 0.18 0.11 0.07 0.10 0.04 0.00 0.03 0.00 0.00 0.00 0.00 0.00 0.00 0.01
0.46 0.36 0.62 0.47 0.66 0.76 0.62 0.82 1.00 1.03 1.06 1.27 1.19 1.56 1.60 1.46 1.78 2.12 1.92 1.88 2.62 2.16 1.87 1.27 1.29 1.60 1.62 1.74 0.36 0.46 1.05 0.72 0.78 0.90 1.09 1.39 1.94 1.31 1.22 1.84 1.08 0.90 0.99 0.76 0.74 0.74 0.71 0.68 0.70 0.91 1.04 0.99 0.79 0.85 0.69 0.66 0.67 0.59 0.52 0.43 0.39 0.24 0.26 0.33 0.40 0.46 0.43 0.37 0.35 0.24 0.17 0.16 0.12 0.10 0.07 0.10 0.00 0.04 0.02 0.00 0.00 0.00 0.00 0.00
0.25 0.77 0.55 0.45 0.74 0.66 0.61 0.75 0.93 1.01 1.25 1.14 1.63 1.01 1.59 1.74 1.69 1.85 1.99 1.75 2.42 2.07 1.70 1.62 1.52 1.34 1.56 1.72 0.68 0.37 0.18 0.58 1.10 0.79 0.90 1.50 1.41 1.93 1.33 2.09 1.28 0.94 0.94 0.72 0.71 0.87 0.68 0.71 0.84 0.92 1.13 1.03 0.89 0.83 0.89 0.86 0.63 0.68 0.65 0.43 0.46 0.22 0.26 0.31 0.37 0.43 0.48 0.41 0.35 0.24 0.18 0.15 0.15 0.09 0.05 0.11 0.03 0.05 0.01 0.00 0.00 0.00 0.00 0.00
0.95 0.51 0.49 0.49 0.72 0.79 0.59 0.49 0.66 0.67 1.14 1.46 1.32 0.64 0.85 1.87 2.38 2.13 2.42 1.99 2.11 3.32 1.79 1.49 1.47 0.99 1.53 1.69 1.65 1.16 0.56 0.51 0.83 0.78 1.19 1.15 1.28 1.51 1.15 1.93 1.37 1.32 0.95 0.71 0.75 0.78 0.64 0.77 0.98 0.95 1.16 1.07 1.02 1.09 1.06 0.98 0.80 0.65 0.61 0.41 0.27 0.21 0.22 0.29 0.31 0.44 0.45 0.46 0.40 0.28 0.28 0.19 0.23 0.03 0.01 0.03 0.01 0.02 0.02 0.06 0.05 0.00 0.00 0.00
1.14 0.98 0.68 0.73 0.84 0.69 0.35 0.66 0.46 0.57 1.47 1.67 1.81 0.65 1.09 1.54 2.61 2.76 2.40 2.13 1.86 3.21 3.01 1.85 1.62 1.56 1.42 1.59 2.02 0.89 0.70 0.53 0.92 0.89 1.41 1.94 1.49 1.43 1.06 0.93 0.87 1.01 0.97 0.72 0.86 0.79 0.73 0.75 0.90 1.01 1.47 1.44 1.27 1.28 1.20 0.96 0.71 0.75 0.65 0.50 0.32 0.23 0.22 0.30 0.33 0.45 0.52 0.45 0.41 0.35 0.31 0.19 0.07 0.00 0.02 0.09 0.08 0.01 0.04 0.10 0.13 0.01 0.02 0.00
1.76 1.61 1.06 1.45 0.87 1.00 0.42 0.60 0.42 0.53 0.98 3.50 1.92 0.43 0.83 1.92 1.68 2.58 2.75 2.21 3.24 12.92 2.74 2.30 1.95 1.62 1.11 1.55 1.73 1.66 1.19 0.30 1.14 1.21 1.40 1.34 1.41 1.02 0.72 0.59 0.85 1.12 0.71 0.74 0.77 0.76 0.83 0.84 0.97 1.15 1.93 1.80 1.54 1.47 1.40 1.01 0.84 0.71 0.65 0.54 0.35 0.21 0.20 0.29 0.44 0.52 0.53 0.47 0.44 0.44 0.28 0.17 0.08 0.04 0.00 0.02 0.00 0.01 0.03 0.02 0.05 0.03 0.01 0.00
0.64 3.49 2.05 0.86 1.48 1.35 1.16 0.46 0.29 0.32 0.65 1.81 2.52 1.72 0.57 1.57 1.53 1.17 2.33 2.21 2.44 2.51 2.03 3.39 2.17 1.90 1.08 1.26 2.05 2.44 1.22 2.22 0.75 0.71 1.36 1.34 0.95 0.91 0.91 0.73 1.24 1.23 0.65 0.88 0.57 0.68 0.77 0.83 0.90 1.26 1.94 1.94 2.00 1.49 0.95 0.93 0.80 0.84 0.71 0.60 0.32 0.18 0.23 0.39 0.52 0.55 0.61 0.56 0.57 0.49 0.36 0.13 0.03 0.01 0.07 0.02 0.05 0.01 0.04 0.03 0.04 0.02 0.00 0.00
0.30 0.36 1.15 2.41 1.16 1.46 1.26 0.85 0.33 0.37 1.19 1.96 1.80 1.30 0.65 0.58 1.61 2.69 2.32 2.95 2.54 2.12 3.35 4.68 3.44 2.21 1.14 1.18 1.71 2.51 2.49 1.91 0.90 0.68 0.97 0.53 0.89 1.06 1.19 1.05 1.07 0.97 0.91 0.73 0.78 0.77 0.76 0.92 0.95 1.22 1.95 1.85 1.73 1.42 1.22 0.99 0.84 0.96 0.85 0.47 0.40 0.27 0.21 0.34 0.55 0.56 0.61 0.63 0.65 0.43 0.22 0.13 0.02 0.13 0.09 0.09 0.10 0.08 0.05 0.03 0.00 0.00 0.01 0.00
0.46 0.46 0.15 0.67 2.48 1.56 1.01 0.57 1.74 1.08 1.32 1.53 1.78 0.89 0.74 1.78 3.20 2.54 3.06 3.17 2.76 1.97 3.92 4.45 5.21 2.78 1.73 1.61 1.70 1.86 2.22 2.05 3.12 2.89 0.92 0.63 0.87 1.53 1.55 1.39 1.87 1.46 1.19 0.83 0.76 0.77 0.78 0.96 1.00 1.50 1.84 1.56 1.31 1.37 1.26 0.91 1.10 0.84 0.80 0.49 0.48 0.36 0.35 0.42 0.49 0.62 0.65 0.60 0.62 0.49 0.16 0.07 0.08 0.10 0.18 0.20 0.25 0.13 0.07 0.02 0.00 0.03 0.02 0.02
0.29 0.26 0.16 0.30 0.53 0.90 1.13 1.08 1.91 1.49 1.54 1.46 2.03 2.45 1.95 2.32 2.41 2.49 3.00 2.76 2.56 2.35 1.92 2.01 5.73 4.21 1.96 1.84 1.31 1.36 2.64 3.15 6.28 3.23 1.07 1.15 1.09 1.31 2.31 1.68 1.65 0.90 0.69 0.49 0.79 0.82 0.90 0.96 1.14 1.73 1.75 1.85 1.79 1.64 1.57 1.24 0.98 0.98 0.64 0.77 0.49 0.32 0.31 0.49 0.50 0.65 0.66 0.67 0.67 0.40 0.20 0.15 0.17 0.17 0.17 0.22 0.20 0.12 0.05 0.03 0.01 0.03 0.03 0.00
0.10 0.19 0.32 0.46 0.55 0.44 0.63 1.57 1.98 0.79 1.57 1.79 1.89 3.98 4.73 2.35 2.63 2.80 2.83 2.86 2.92 1.08 0.90 3.27 6.22 5.20 2.55 1.97 1.55 1.52 2.15 3.31 2.45 2.09 3.27 1.57 2.24 1.05 1.84 1.68 1.44 1.32 1.12 0.88 0.87 0.84 1.03 1.16 1.11 1.44 1.88 2.64 2.21 2.06 1.78 1.19 1.52 0.84 0.50 0.33 0.46 0.35 0.36 0.47 0.53 0.59 0.55 0.69 0.65 0.48 0.43 0.23 0.12 0.23 0.22 0.24 0.15 0.05 0.08 0.13 0.02 0.01 0.01 0.01
0.14 0.18 0.16 0.42 0.44 0.44 0.52 1.47 3.94 1.28 1.40 1.61 4.52 5.54 8.98 3.96 3.53 1.52 2.19 5.98 5.06 1.67 1.47 1.51 2.19 7.57 4.43 2.95 1.65 1.92 2.21 3.56 3.77 2.26 4.01 2.34 2.24 1.52 2.76 3.65 2.45 1.65 1.06 0.86 0.62 0.73 0.65 1.11 1.17 1.45 2.10 2.78 2.47 2.58 1.94 1.01 1.35 0.89 0.72 0.63 0.79 0.52 0.34 0.41 0.59 0.74 0.51 0.79 0.60 0.72 0.58 0.32 0.21 0.25 0.22 0.31 0.16 0.05 0.14 0.14 0.05 0.00 0.04 0.02
0.09 0.25 0.28 0.33 0.50 0.51 0.41 0.51 2.24 4.12 9.74 2.93 6.08 10.59 9.87 8.81 7.00 5.12 2.92 3.42 3.99 4.94 3.44 1.63 1.96 5.31 6.50 4.14 2.40 2.28 2.55 1.52 3.32 2.47 3.82 3.29 2.15 2.27 2.38 2.44 2.40 1.61 1.53 0.92 1.09 1.22 0.71 1.27 0.99 1.34 2.11 2.93 3.05 2.88 1.96 1.63 1.27 0.72 0.69 0.48 0.60 0.77 0.45 0.45 0.61 0.90 0.85 0.77 0.94 1.02 0.78 0.43 0.35 0.40 0.35 0.24 0.13 0.08 0.13 0.14 0.04 0.02 0.07 0.03
0.16 0.09 0.12 0.07 0.20 0.35 0.30 0.52 0.74 1.13 3.16 8.80 8.20 14.78 13.08 14.14 13.10 8.25 2.57 3.44 3.22 6.62 6.81 1.81 1.70 1.00 3.67 3.02 1.97 2.05 2.79 2.15 1.65 1.38 2.01 2.01 2.11 2.93 2.46 1.42 2.39 2.44 1.75 1.22 1.10 0.89 0.87 0.68 0.93 0.84 1.13 1.74 1.89 2.28 2.51 2.05 1.70 1.40 0.86 0.84 0.43 0.73 0.42 0.77 0.78 1.11 0.94 0.98 1.13 1.29 0.93 0.50 0.41 0.51 0.46 0.28 0.22 0.14 0.13 0.06 0.04 0.03 0.00 0.00
0.12 0.22 0.23 0.20 0.18 0.20 0.32 0.54 0.90 1.52 1.60 3.50 13.48 11.54 19.95 10.41 10.89 10.51 7.63 4.64 3.50 4.17 7.10 4.25 2.47 2.67 2.64 1.95 1.57 1.92 1.81 1.76 1.74 1.38 1.65 0.99 1.96 2.08 2.30 1.60 1.49 2.49 2.01 1.63 1.05 0.88 0.83 1.79 1.58 1.30 1.81 1.62 2.28 1.64 2.67 2.61 2.24 1.71 1.00 0.87 0.55 1.17 0.34 0.45 0.77 0.97 0.89 1.06 1.31 1.26 0.93 0.56 0.48 0.56 0.42 0.43 0.40 0.27 0.14 0.00 0.04 0.07 0.05 0.00
0.23 0.33 0.17 0.51 0.14 0.29 0.17 0.61 0.92 1.12 1.71 1.55 4.57 18.49 18.14 15.55 10.53 11.03 12.77 9.54 8.92 7.81 5.58 4.82 5.17 2.92 1.83 1.90 1.89 1.69 1.85 2.03 2.24 1.69 1.35 1.65 1.45 1.64 1.89 1.90 1.64 2.13 4.24 1.59 0.96 0.98 1.07 2.52 1.76 1.66 1.42 1.84 1.89 1.92 2.01 1.78 2.67 2.05 1.33 1.43 1.31 0.81 0.19 0.27 0.45 0.36 1.48 1.29 1.41 1.44 1.06 0.52 0.38 0.57 0.64 0.77 0.58 0.28 0.10 0.04 0.01 0.06 0.04 0.05
0.49 0.62 0.32 0.09 0.37 1.24 1.45 1.03 0.64 1.08 1.47 1.92 1.84 3.87 21.38 18.81 13.56 12.52 11.60 13.65 15.10 9.11 6.43 4.83 5.91 4.99 2.11 1.61 4.10 5.28 1.80 2.06 2.36 1.54 1.39 1.25 2.16 1.91 1.75 1.87 1.49 1.41 1.43 2.72 1.40 0.46 0.83 2.62 2.04 1.90 1.77 2.97 4.15 2.83 2.75 2.61 4.08 1.61 0.96 1.28 1.52 0.80 0.40 0.77 0.72 0.62 0.84 0.88 1.21 1.40 0.80 0.56 0.60 0.60 0.50 0.58 0.49 0.35 0.04 0.05 0.05 0.07 0.05 0.03
0.15 0.67 0.51 0.16 1.17 0.56 1.40 1.37 0.95 1.28 1.42 1.64 1.85 3.39 7.31 14.97 16.97 14.18 11.57 15.66 16.68 8.07 5.86 6.49 3.83 2.92 2.20 1.95 2.23 3.82 2.59 1.97 2.29 1.37 1.19 2.87 2.36 3.29 2.17 2.24 1.99 1.92 3.12 1.24 0.77 0.46 0.27 2.25 1.72 1.48 1.66 2.60 3.46 3.13 3.34 6.36 3.23 1.69 0.44 0.60 1.00 0.58 0.67 0.59 0.66 1.06 0.76 0.96 1.35 1.55 1.19 0.82 0.71 0.69 0.52 0.34 0.26 0.10 0.07 0.07 0.09 0.05 0.05 0.01
0.31 0.17 0.23 0.28 0.45 1.63 1.72 0.72 1.64 0.52 1.17 1.82 2.22 5.22 12.58 12.47 12.88 13.84 15.94 15.09 14.67 11.18 8.42 7.27 5.74 2.79 5.18 3.93 2.67 2.91 4.54 3.10 3.35 2.03 1.36 2.34 3.67 7.75 3.73 6.83 3.32 3.04 2.21 1.50 1.30 0.63 1.15 0.46 0.90 1.86 1.38 1.94 2.71 2.89 5.24 11.29 4.08 2.39 0.45 0.82 0.75 0.67 0.65 0.62 0.86 0.81 1.09 1.40 1.25 1.62 1.31 1.00 0.79 0.58 0.49 0.27 0.08 0.11 0.10 0.01 0.08 0.08 0.06 0.01
0.67 0.34 0.34 0.41 0.15 0.42 2.96 1.61 1.13 0.82 1.21 1.46 7.24 3.37 6.04 19.09 15.85 10.64 11.92 15.00 12.21 10.43 13.64 10.73 7.23 7.25 6.68 6.16 2.75 1.92 3.16 3.38 2.58 1.34 1.58 1.65 3.68 5.74 6.42 7.71 3.37 2.17 2.14 1.74 2.05 1.61 1.94 1.54 1.23 1.52 1.34 1.25 2.06 2.05 7.82 13.14 4.01 2.27 0.81 1.79 0.34 0.27 0.84 0.29 0.95 1.26 1.43 1.82 2.00 2.09 1.38 1.12 0.65 0.76 0.63 0.33 0.11 0.13 0.15 0.11 0.02 0.04 0.05 0.01
0.55 0.73 0.63 0.80 0.27 0.24 0.88 1.34 3.95 0.92 1.91 2.46 2.05 2.04 2.47 5.71 17.10 14.57 11.80 14.01 11.25 10.53 15.51 10.91 9.19 5.61 7.09 5.64 4.23 2.15 2.40 2.97 2.12 1.64 0.87 1.76 2.83 3.28 5.94 4.60 3.32 2.78 2.42 1.97 2.12 1.44 1.90 1.45 1.62 0.95 1.54 1.76 2.03 4.01 11.68 11.99 6.31 2.02 1.67 0.28 0.76 0.58 0.49 0.49 0.78 1.41 1.02 1.17 1.81 1.85 1.59 1.00 0.83 0.53 0.96 0.81 0.57 0.37 0.17 0.11 0.06 0.05 0.05 0.02
0.75 0.88 1.29 1.03 0.71 0.73 0.95 0.98 1.42 1.70 1.47 3.23 3.04 2.09 2.47 3.81 5.28 5.58 10.28 13.58 10.83 15.12 15.22 8.74 9.79 6.83 4.47 5.70 6.01 3.97 2.73 1.78 1.55 1.63 1.35 2.04 1.92 2.17 3.36 3.45 4.46 2.94 2.27 1.79 2.26 2.84 1.30 1.73 1.57 1.74 1.35 3.38 3.83 5.56 10.76 5.56 8.99 2.81 2.01 1.40 1.07 0.88 0.64 0.88 1.42 1.00 0.96 1.24 1.25 2.53 1.97 1.55 0.51 0.79 0.51 0.96 0.77 0.22 0.13 0.08 0.12 0.06 0.01 0.04
1.04 0.89 0.70 0.40 1.02 1.85 1.14 1.48 1.22 1.32 2.08 1.34 3.81 1.87 2.28 3.43 3.77 3.73 4.81 13.32 13.47 16.47 11.13 6.78 7.91 7.04 5.79 3.79 5.98 4.99 3.83 1.62 1.72 1.18 1.70 2.68 2.07 2.36 2.29 3.21 3.21 3.02 2.30 1.91 2.10 2.31 0.96 1.10 1.52 1.53 1.17 1.49 1.32 5.30 5.94 6.78 5.27 2.91 1.06 1.75 1.37 1.21 0.75 0.75 1.08 0.75 0.62 0.89 1.26 2.25 1.96 1.18 0.37 0.34 1.29 1.37 0.40 0.15 0.09 0.07 0.10 0.05 0.03 0.03
1.19 1.05 0.67 0.63 0.64 2.52 3.37 3.71 1.15 1.29 1.66 1.88 1.97 2.21 1.56 4.15 4.28 4.13 3.55 7.05 9.38 12.87 12.17 8.72 9.01 8.28 8.18 8.47 5.38 5.55 3.25 2.93 3.06 2.56 1.78 2.25 1.46 2.16 1.93 3.77 4.00 3.65 4.41 2.14 2.09 1.93 0.95 0.97 1.48 1.15 1.45 1.53 2.90 4.43 4.28 5.73 5.58 4.33 0.66 0.70 2.03 1.48 1.03 0.61 0.75 0.73 0.88 1.30 1.56 2.10 2.28 1.04 0.47 0.44 0.38 0.40 0.30 0.13 0.05 0.03 0.04 0.03 0.03 0.00
3.14 2.29 2.15 1.87 3.29 3.41 2.33 3.00 4.21 4.16 4.13 3.38 3.06 2.50 3.37 4.46 5.29 4.17 3.56 5.49 7.55 11.29 11.61 14.99 9.50 8.63 10.68 8.01 9.26 5.68 3.70 3.19 3.74 2.18 1.76 1.62 2.22 3.02 2.91 3.33 5.07 3.58 4.05 2.90 1.92 1.42 0.76 1.20 2.49 1.05 1.62 1.53 3.31 5.96 4.86 7.48 7.99 4.76 1.55 1.13 1.36 1.37 0.93 1.12 0.89 0.93 1.30 1.53 1.75 2.41 1.88 0.66 0.46 0.40 0.28 0.29 0.26 0.08 0.11 0.09 0.05 0.04 0.08 0.02
2.82 3.53 4.12 3.34 6.08 3.68 2.45 3.08 4.16 5.75 6.55 8.70 5.37 4.09 2.95 3.02 4.42 3.71 4.08 5.01 7.11 10.66 10.06 16.95 11.53 9.40 9.01 2.21 2.35 5.20 4.62 2.69 3.16 5.62 1.41 1.47 2.09 2.00 2.63 3.03 5.12 5.28 4.07 2.74 1.83 1.25 0.83 1.94 2.38 2.06 3.11 0.41 1.00 7.06 6.20 10.85 8.37 3.78 2.19 1.23 0.80 0.64 1.16 1.43 1.05 1.42 1.72 1.50 1.43 1.92 1.79 0.83 0.56 0.33 0.34 0.59 0.13 0.23 0.12 0.08 0.08 0.03 0.01 0.08
1.49 1.64 1.96 3.91 6.11 2.71 2.01 3.47 4.29 3.64 6.80 6.47 6.33 5.28 3.23 2.95 3.79 4.05 4.60 5.57 7.64 9.85 8.35 15.94 12.87 10.74 7.05 2.98 1.68 3.18 3.34 3.80 3.92 4.85 1.86 1.73 1.74 1.65 2.19 2.22 3.81 4.44 2.37 2.50 1.84 1.31 1.23 3.13 3.13 2.98 2.09 0.34 2.89 7.29 8.38 14.36 5.99 5.57 2.23 1.06 0.63 0.86 0.92 1.11 0.99 1.36 1.66 1.29 1.03 1.34 1.23 0.89 0.09 0.16 0.33 0.27 0.21 0.18 0.14 0.05 0.06 0.06 0.02 0.04
