24h/PH_20111105050000.asc
NCOLS 95
NROWS 110
XLLCENTER 939500
YLLCENTER 1831500
CELLSIZE 1000
NODATA_VALUE -999
[rows 36 to 71 of 110, columns 0 to 82 of 95]
8.62 8.32 7.39 4.43 3.79 4.23 4.47 2.76 5.68 12.86 11.35 9.77 6.15 4.38 4.47 4.13 4.11 2.58 2.38 4.04 7.72 11.99 10.37 8.18 8.45 8.26 10.97 4.83 3.23 4.19 8.37 6.28 4.42 4.58 3.89 1.77 2.18 1.16 1.58 0.65 0.94 2.79 2.31 1.87 1.61 1.53 1.73 1.96 1.90 1.14 0.74 0.10 0.09 0.02 0.49 0.26 0.49 0.27 0.18 0.41 0.77 0.19 0.53 0.51 1.09 1.15 1.32 1.16 1.47 1.88 0.77 0.73 0.73 0.37 0.18 0.26 0.39 0.13 0.14 0.56 0.26 0.04 0.18
8.58 8.72 10.59 7.06 7.12 6.67 2.94 4.56 3.60 2.76 4.47 12.29 11.05 6.28 4.16 3.67 5.97 4.03 4.72 6.56 8.97 6.86 8.36 11.56 10.37 10.56 13.16 5.06 3.38 6.31 6.72 8.69 6.36 5.40 5.12 2.17 1.40 1.72 0.93 0.59 1.36 2.82 1.94 1.47 1.35 1.40 1.82 1.72 1.94 2.18 0.71 0.00 0.03 0.04 0.02 0.03 0.12 0.33 0.28 0.41 0.58 0.40 0.24 0.38 0.59 1.69 1.13 1.33 1.63 1.70 0.36 0.39 0.25 0.33 0.32 0.10 0.31 0.69 0.39 0.27 0.21 0.27 0.19
10.03 3.00 6.78 7.06 7.16 6.47 4.71 7.61 2.35 2.98 4.16 5.47 6.06 5.96 2.70 2.91 8.48 8.32 9.45 9.16 13.97 7.85 6.12 9.01 10.19 10.91 8.22 3.35 5.06 7.12 8.23 9.35 7.31 5.88 4.47 3.56 3.17 2.03 1.29 0.71 1.75 1.76 1.40 1.51 1.33 1.65 2.32 1.55 2.29 1.99 0.71 0.64 0.49 0.91 0.00 0.01 0.03 1.05 0.71 0.44 0.44 0.44 0.27 0.40 1.21 1.02 1.23 1.40 1.48 1.28 1.32 0.24 0.20 0.41 0.14 0.28 0.42 0.29 0.50 0.28 0.13 0.11 0.12
7.80 4.00 2.75 3.18 4.06 5.82 5.52 7.74 3.51 4.75 3.47 5.07 6.09 3.48 4.19 3.81 6.93 8.80 9.87 7.13 14.95 13.38 8.06 8.76 8.87 8.68 8.70 5.60 5.71 8.02 11.76 18.00 8.29 8.30 6.47 3.33 3.36 2.69 1.33 0.83 1.06 1.08 0.75 1.66 1.31 1.94 2.11 1.94 2.23 1.83 1.07 1.00 0.70 0.89 0.43 0.16 0.39 0.93 0.79 0.35 0.42 0.37 0.46 0.65 0.59 0.89 1.75 1.59 1.48 1.45 1.28 0.38 0.43 0.50 0.57 0.28 0.56 0.58 0.49 0.37 0.29 0.27 0.04
6.60 4.12 2.75 2.45 4.14 8.49 6.71 9.12 3.46 4.26 4.18 4.39 5.85 3.80 6.23 4.05 5.67 7.72 8.56 8.04 9.10 10.15 11.18 9.83 8.12 7.49 8.07 8.55 6.15 9.11 12.90 17.19 12.12 8.81 7.06 6.59 4.44 2.70 2.31 1.46 0.68 0.66 0.56 1.61 1.36 1.58 1.91 2.61 2.23 1.61 1.09 0.81 0.62 0.48 0.47 0.31 0.60 1.00 0.63 0.33 0.40 0.41 0.69 0.53 0.56 1.27 1.89 2.04 1.67 1.53 1.12 1.02 1.10 0.56 0.41 0.51 0.46 0.40 0.54 0.46 0.27 0.22 0.09
59.83 2.99 2.85 2.51 3.63 8.68 9.56 7.45 8.01 5.53 7.53 6.18 6.00 5.55 10.43 8.44 7.88 7.83 7.81 8.56 10.14 9.34 4.42 7.76 11.43 9.77 7.92 7.68 6.43 9.22 12.02 14.87 14.27 12.54 10.22 5.85 5.16 3.01 2.65 2.79 0.89 0.33 1.01 2.42 1.89 1.73 1.64 2.61 2.38 1.60 1.19 0.83 0.70 0.90 0.55 0.23 0.48 0.63 0.53 0.25 0.40 0.74 1.11 0.87 0.74 0.97 2.39 2.18 2.65 1.13 1.29 1.07 0.57 0.67 0.45 0.37 0.62 0.66 1.47 0.52 0.23 0.18 0.03
64.43 64.40 58.09 56.10 58.02 8.98 6.61 10.68 9.51 9.69 8.24 4.56 5.07 8.69 14.04 9.38 9.62 10.30 9.23 11.62 11.12 10.96 8.47 10.46 12.31 11.92 9.89 9.13 8.67 8.45 11.25 14.95 14.24 11.10 9.63 6.32 4.98 3.86 2.50 2.87 1.38 0.61 1.87 3.09 1.86 1.70 1.61 2.45 2.13 1.37 2.03 1.27 0.62 0.63 0.40 0.26 0.37 0.58 0.44 0.26 0.66 0.81 1.19 0.98 0.75 1.25 2.23 2.71 1.61 1.37 1.31 1.26 0.92 0.64 0.36 0.39 0.46 0.60 0.69 0.77 0.59 0.12 0.15
4.70 5.48 54.02 4.50 3.82 59.74 6.97 61.52 63.99 60.10 6.84 6.42 6.01 6.26 10.68 5.23 5.97 10.29 12.23 14.58 14.25 17.09 10.70 17.01 14.22 13.34 12.65 13.07 9.78 10.28 11.97 14.11 16.62 14.62 10.39 5.85 6.11 4.28 2.87 2.17 1.43 0.68 3.20 2.08 1.73 1.59 1.88 2.45 1.42 1.89 1.89 1.30 0.75 0.44 0.46 0.45 0.43 0.42 0.40 0.50 0.84 0.82 1.31 1.16 0.91 1.31 3.35 3.02 1.47 1.37 1.54 1.28 1.01 0.39 0.26 0.25 0.31 0.42 0.81 0.90 0.30 0.32 0.24
3.38 4.18 5.38 7.27 2.98 2.64 5.35 8.36 9.51 11.26 11.35 11.56 62.33 63.92 51.15 11.99 8.77 8.70 8.74 13.87 11.81 14.52 11.55 14.64 14.51 14.05 13.44 12.77 10.16 8.77 12.52 13.44 17.70 13.18 11.32 7.52 7.50 4.21 3.46 2.47 1.54 0.97 2.53 1.80 1.18 1.51 1.68 3.03 1.78 2.48 2.10 1.89 0.98 0.60 0.52 0.71 0.67 0.54 0.68 0.60 0.67 0.61 1.05 1.63 1.45 0.79 1.15 1.28 1.38 1.26 1.50 1.41 0.92 0.55 0.37 0.32 0.37 0.28 0.34 0.60 0.54 0.28 0.08
3.43 6.39 6.16 6.37 3.99 3.29 7.00 7.11 6.84 7.17 10.54 9.59 10.26 65.06 12.79 7.55 11.00 7.13 9.28 6.63 11.47 15.90 14.27 14.97 14.99 15.21 15.49 14.38 13.48 7.69 9.40 13.09 16.25 12.93 10.11 10.40 7.21 4.72 3.58 3.08 1.46 1.47 2.17 0.97 0.96 1.59 2.03 3.00 2.19 3.15 2.57 2.02 1.10 0.79 0.68 0.71 0.65 0.61 0.81 0.59 0.41 0.46 1.14 1.70 1.23 1.18 0.75 1.47 2.36 1.56 1.74 2.22 0.90 0.66 0.38 0.34 0.44 0.37 0.45 0.62 0.62 0.43 0.11
5.23 7.10 6.13 5.54 4.84 2.96 3.23 6.67 8.57 9.30 10.14 9.65 9.11 7.65 12.84 7.96 9.48 14.46 14.60 10.60 12.36 13.20 14.48 11.49 12.70 14.53 15.58 13.32 13.71 8.98 10.49 11.28 13.20 13.81 10.55 10.70 7.22 5.28 4.30 3.01 2.05 1.88 1.47 0.66 1.07 1.71 2.80 2.42 2.70 4.07 2.58 1.84 1.05 0.80 0.54 0.72 0.75 0.52 0.90 0.65 0.38 0.41 1.01 1.09 0.97 0.99 1.24 1.57 2.63 1.16 1.22 1.34 0.93 0.77 0.44 0.35 0.56 0.55 0.65 0.96 0.42 0.25 0.24
1.54 3.07 5.14 4.88 3.89 5.87 5.51 7.07 9.78 10.38 8.36 9.74 11.69 9.58 17.08 9.12 9.23 13.86 14.67 11.11 10.38 15.58 18.57 15.05 12.52 13.48 14.15 10.78 10.30 11.95 12.42 13.04 12.60 12.18 8.32 9.06 7.53 6.81 5.16 3.65 2.63 2.52 1.25 0.77 1.59 1.73 2.46 1.90 2.56 3.86 1.91 1.64 0.76 0.62 0.40 0.66 0.67 0.52 0.98 0.73 0.39 0.53 0.76 0.73 0.62 0.85 1.17 1.50 1.57 1.55 2.27 1.31 0.79 0.89 0.54 0.45 0.66 0.87 0.99 0.97 0.52 0.37 0.11
1.47 2.23 4.01 4.72 5.04 4.48 2.17 3.71 6.15 6.97 6.71 8.55 12.19 11.49 11.46 15.17 12.83 12.07 13.14 13.60 13.12 14.20 15.85 10.65 11.58 12.60 11.89 12.04 13.54 15.59 12.90 14.08 12.02 12.24 8.42 7.50 7.41 7.12 5.04 4.53 4.05 2.63 1.12 1.00 2.00 1.74 1.76 1.84 2.50 2.59 1.71 1.71 0.93 0.36 0.29 0.45 0.58 0.45 0.74 0.67 0.46 0.56 0.56 0.65 0.72 0.93 1.00 1.56 1.65 1.98 1.73 1.16 1.27 1.05 0.86 0.55 0.52 0.68 0.84 0.79 0.91 0.32 0.18
2.58 2.99 3.95 2.18 2.81 6.82 14.23 6.42 6.55 6.16 10.29 12.72 15.23 12.94 10.95 6.86 11.49 14.27 11.33 9.05 12.26 12.83 11.48 10.29 11.10 10.75 12.42 12.20 12.17 15.07 11.31 9.53 9.52 11.82 10.20 7.60 6.69 7.03 5.52 4.45 4.18 2.81 1.43 1.26 3.01 1.29 1.22 2.07 3.17 2.52 1.91 2.05 1.19 0.77 0.36 0.38 0.71 0.79 0.77 0.94 0.40 0.54 0.39 0.59 0.80 0.88 1.21 1.74 1.59 1.91 1.51 1.20 0.86 0.76 0.75 0.59 0.66 0.72 0.73 0.91 1.13 0.50 0.16
3.47 3.16 4.76 2.52 1.99 13.20 11.57 10.63 12.56 8.28 11.48 13.61 16.54 13.94 11.77 7.73 8.50 10.73 14.19 11.71 16.67 14.41 13.54 12.98 12.62 9.73 10.94 11.31 12.30 13.60 13.19 8.95 8.24 12.69 10.94 8.60 7.57 7.24 4.10 4.39 3.40 2.21 1.55 2.61 3.01 0.96 1.11 2.58 3.69 2.83 2.38 2.24 1.77 1.61 0.58 0.45 0.61 0.92 0.88 1.01 0.47 0.30 0.33 0.74 1.06 0.94 1.12 1.43 1.36 1.55 1.60 1.43 0.91 0.85 0.67 0.67 0.51 0.40 0.34 0.47 0.83 0.66 0.21
2.99 3.27 3.51 2.30 2.01 9.58 9.29 8.66 9.93 12.34 9.93 13.48 17.53 5.65 6.21 8.35 13.07 10.04 9.38 13.81 17.28 15.53 12.15 14.32 14.98 12.07 12.50 11.00 11.88 9.64 13.55 12.61 9.21 10.71 12.67 8.55 9.27 9.85 5.79 5.18 3.47 2.59 2.51 3.48 2.31 1.04 1.25 2.61 0.00 2.47 2.84 2.38 2.13 1.40 0.96 0.89 0.73 0.96 0.86 1.02 0.41 0.26 0.27 0.63 0.93 0.76 0.79 0.62 0.84 1.01 1.22 1.43 0.97 0.90 0.99 0.81 0.60 0.45 0.49 0.37 0.43 0.43 0.24
3.87 3.91 4.65 4.09 3.16 6.09 6.92 7.03 7.01 11.13 14.15 11.34 12.62 8.61 5.99 12.45 12.14 11.62 11.11 15.02 15.73 14.97 10.56 13.73 13.43 12.69 12.67 9.55 12.26 11.28 11.42 13.51 8.67 10.95 11.33 9.31 9.70 10.42 7.10 5.77 3.60 3.13 3.18 2.97 1.98 2.11 2.34 0.77 0.00 0.90 3.07 3.03 2.06 0.85 0.63 0.84 0.53 0.79 0.64 1.03 0.40 0.21 0.22 0.40 0.59 0.56 0.63 0.59 0.57 0.64 0.86 1.34 1.32 0.92 1.16 0.85 0.63 0.60 0.79 0.60 0.67 0.85 0.43
5.14 5.65 5.54 6.27 7.01 7.73 5.67 5.91 4.56 7.09 15.36 13.15 14.91 11.53 8.91 10.40 11.21 13.06 12.07 13.70 12.40 12.89 12.87 11.23 9.22 8.92 9.45 10.68 12.45 11.55 13.95 13.26 10.39 10.16 12.10 11.86 9.72 9.80 7.48 6.24 4.82 3.94 2.95 2.31 1.65 2.95 2.44 2.24 0.71 2.32 2.75 2.60 1.70 0.79 0.46 0.52 0.32 0.64 0.70 0.72 0.40 0.16 0.20 0.23 0.36 0.41 0.39 0.54 0.47 0.66 0.99 1.24 0.98 1.01 1.25 0.79 0.27 0.18 0.44 0.49 0.34 0.18 0.20
4.28 5.48 5.12 5.23 6.50 7.15 3.29 3.78 3.95 7.12 14.42 17.65 15.41 12.26 14.17 11.44 9.89 13.16 11.52 11.86 10.38 12.95 14.28 13.72 10.48 8.01 6.78 9.17 11.75 12.45 13.84 14.19 12.60 10.30 11.37 13.12 9.63 8.85 7.37 5.47 5.20 4.04 2.74 2.04 1.76 3.11 2.39 2.13 2.94 2.79 2.74 2.54 1.78 1.21 0.63 0.40 0.16 0.24 0.30 0.54 0.37 0.18 0.22 0.27 0.41 0.38 0.43 0.51 0.58 0.95 1.23 1.05 0.90 0.77 0.92 0.49 0.15 0.21 0.32 0.55 0.36 0.29 0.26
3.33 4.09 5.04 4.57 6.41 4.75 2.78 2.98 3.71 2.65 6.84 19.03 7.24 10.47 11.59 12.08 13.53 10.09 7.59 10.89 11.48 14.60 16.05 14.60 15.19 11.87 8.46 12.22 14.53 14.18 12.97 12.22 16.22 9.62 8.93 12.83 7.93 6.85 7.81 5.34 6.17 3.76 3.03 2.32 2.06 3.15 2.13 1.97 3.02 2.69 2.84 2.53 2.19 1.31 0.91 0.59 0.20 0.40 0.40 0.49 0.29 0.18 0.15 0.18 0.52 0.56 0.44 0.56 0.83 1.06 1.27 1.10 0.74 0.72 0.52 0.46 0.42 0.36 0.29 0.27 0.28 0.17 0.21
3.35 4.30 6.28 7.60 7.90 5.42 2.42 3.44 2.67 5.52 6.70 9.59 8.71 5.83 5.98 13.77 13.17 9.96 11.93 12.66 12.29 15.93 15.20 12.93 12.67 11.10 9.68 11.73 13.99 16.69 12.69 10.33 12.01 12.49 7.80 11.64 10.00 7.74 7.84 4.53 4.33 3.38 3.14 3.37 2.95 2.66 2.00 2.21 2.69 3.15 3.17 3.20 2.92 1.25 1.27 1.06 0.39 0.38 0.55 0.55 0.35 0.16 0.11 0.18 0.46 0.44 0.33 0.47 0.80 1.05 1.31 0.94 0.64 0.82 1.25 0.71 0.38 0.17 0.26 0.17 0.18 0.18 0.16
5.44 5.17 4.68 6.08 6.51 6.68 6.18 2.78 5.21 7.15 5.30 7.82 9.28 11.11 11.68 15.92 10.95 13.61 12.41 13.90 13.45 15.16 14.46 12.26 11.55 10.51 13.05 12.62 13.87 10.82 16.39 11.70 14.63 11.17 10.06 9.80 7.65 6.78 7.28 5.11 4.89 4.18 3.55 3.76 3.61 2.32 1.87 2.22 2.51 3.10 3.07 2.78 2.93 1.35 1.28 0.96 0.88 0.32 0.57 0.45 0.34 0.23 0.12 0.22 0.37 0.42 0.32 0.34 0.54 0.83 1.19 0.86 0.78 1.29 1.94 1.54 0.52 0.27 0.20 0.13 0.25 0.18 0.04
3.34 3.58 3.75 4.52 3.73 3.80 3.07 4.20 4.95 3.03 4.94 11.99 15.53 15.91 14.33 15.01 13.61 12.53 12.17 11.54 11.52 13.61 10.68 11.15 8.83 10.17 13.40 15.43 14.50 11.55 12.01 12.92 17.45 14.41 10.55 9.03 7.71 6.89 7.22 6.35 5.75 4.82 3.63 4.08 3.94 2.14 2.02 2.32 2.16 3.13 3.27 2.68 2.43 0.00 1.28 0.85 1.34 0.21 0.37 0.33 0.25 0.24 0.09 0.19 0.38 0.44 0.36 0.40 0.60 0.73 0.74 0.66 0.72 1.26 1.40 0.97 0.41 0.25 0.29 0.22 0.25 0.30 0.19
2.10 2.44 2.32 2.67 5.66 3.27 3.31 5.02 8.13 8.37 4.79 9.01 9.67 11.63 8.22 9.10 8.85 12.05 14.45 9.17 10.41 15.17 13.59 11.46 11.18 13.57 10.81 10.58 10.12 11.92 13.98 12.10 11.91 14.78 11.17 11.43 8.29 5.84 5.07 5.82 5.30 4.43 5.52 3.99 3.33 2.23 2.54 2.14 1.94 2.83 2.71 2.19 2.34 2.30 0.00 0.80 1.16 0.19 0.27 0.24 0.27 0.28 0.09 0.18 0.31 0.41 0.43 0.49 0.78 0.95 1.02 0.97 0.85 0.65 1.14 0.97 0.37 0.40 0.29 0.20 0.34 0.20 0.15
2.53 2.85 2.87 2.71 3.61 3.46 3.03 7.28 7.62 6.43 5.39 7.82 6.29 8.20 15.51 16.52 18.41 20.45 22.49 11.09 8.22 10.85 15.93 13.08 11.57 12.57 12.57 12.14 9.94 14.43 16.69 16.86 12.04 12.99 12.93 11.81 7.70 5.33 3.77 3.33 4.84 4.75 7.02 4.09 3.27 2.64 2.71 2.55 1.85 2.65 2.42 1.74 2.28 2.20 1.27 0.00 0.90 0.22 0.24 0.19 0.25 0.32 0.19 0.15 0.26 0.38 0.43 0.56 0.89 1.02 1.40 0.87 0.69 0.81 1.24 0.91 0.25 0.21 0.27 0.28 0.26 0.30 0.21
3.06 2.57 3.50 8.38 3.17 3.29 3.23 3.46 3.75 3.33 4.55 8.19 10.60 13.48 19.84 24.93 26.01 20.75 22.69 22.86 19.94 14.99 18.17 15.55 14.71 16.00 10.95 13.25 14.35 16.71 15.77 15.69 12.77 9.93 13.68 8.89 7.37 5.84 3.86 4.17 5.91 5.30 6.16 3.27 3.34 2.89 3.45 2.98 1.90 2.10 2.58 2.16 2.80 2.13 1.43 -999 0.00 0.22 0.19 0.18 0.33 0.25 0.17 0.12 0.24 0.55 0.45 0.58 0.97 1.12 1.36 0.91 0.66 0.61 0.93 0.93 0.46 0.26 0.21 0.27 0.32 0.25 0.24
1.92 1.86 2.09 2.87 3.67 6.31 6.67 8.19 7.05 6.62 4.07 8.57 11.58 15.89 16.93 20.58 21.67 18.40 17.82 19.00 16.26 16.97 13.61 13.69 12.82 17.35 18.24 16.77 20.08 18.91 19.17 20.05 15.18 15.42 13.67 9.66 8.71 7.36 4.44 6.24 5.81 4.24 6.82 5.31 4.05 3.03 3.58 2.80 2.01 2.33 2.07 2.70 3.00 2.29 1.57 0.70 -999 0.00 0.28 0.29 0.31 0.34 0.15 0.15 0.33 0.50 0.50 0.57 0.73 1.07 1.17 0.89 0.63 0.86 1.20 1.35 0.61 0.28 0.16 0.19 0.36 0.42 0.26
2.59 3.73 4.03 4.30 5.69 6.41 6.74 6.35 6.79 9.69 16.79 11.67 8.10 8.93 7.65 10.85 20.24 21.25 14.03 8.74 14.40 16.63 17.62 16.25 16.09 15.26 13.27 15.78 18.27 20.03 19.41 14.61 16.71 19.09 13.84 11.27 8.84 7.16 4.19 6.85 5.65 4.12 5.02 4.41 3.81 3.37 4.28 3.03 2.18 2.09 1.44 2.54 2.61 2.00 1.36 0.71 0.72 -999 0.00 0.32 0.31 0.25 0.32 0.08 0.25 0.43 0.49 0.62 0.71 1.39 1.38 0.57 0.54 0.77 1.08 1.42 0.93 0.43 0.23 0.26 0.37 0.43 0.38
3.91 3.73 5.46 4.54 6.26 7.00 7.11 6.61 7.11 9.08 9.70 7.07 8.80 7.83 8.38 15.39 20.50 25.91 24.25 20.03 20.85 21.24 22.16 17.72 13.80 15.69 18.01 19.62 22.07 23.62 17.45 18.36 16.92 20.83 17.80 10.63 7.81 6.07 5.57 6.26 4.56 4.04 3.95 2.66 2.52 3.03 2.66 3.67 2.04 1.60 1.35 2.43 1.97 1.82 1.35 0.79 0.85 -999 -999 0.00 0.27 0.23 0.33 0.21 0.25 0.36 0.41 0.43 0.87 1.20 1.25 2.13 1.03 0.86 1.17 1.07 0.82 0.28 0.24 0.43 0.34 0.51 0.26
3.25 3.70 4.11 4.56 5.66 9.04 4.99 5.64 4.59 5.62 10.61 10.12 10.95 10.19 14.34 18.10 16.66 19.55 23.29 23.99 22.76 20.20 21.23 20.00 15.69 18.07 21.92 20.46 23.16 25.10 21.11 11.86 13.01 19.95 17.38 12.13 9.43 8.50 5.10 4.23 3.89 3.34 1.60 2.26 1.82 2.73 2.49 4.29 2.08 1.48 1.47 1.84 1.29 1.99 1.64 0.99 0.87 0.52 -999 -999 0.00 0.23 0.24 0.32 0.25 0.36 0.50 0.50 0.87 1.40 1.62 1.75 0.96 0.97 0.83 1.00 0.68 0.28 0.28 0.28 0.25 0.53 0.59
2.79 6.76 3.49 4.28 4.99 6.23 9.55 5.77 7.79 7.79 6.29 6.56 10.64 11.93 10.12 12.88 14.55 19.33 21.47 23.01 21.01 28.27 24.40 22.49 23.42 19.25 17.05 22.69 22.60 18.44 17.25 17.23 16.49 18.33 15.34 11.86 14.08 8.05 3.96 2.55 2.41 1.73 1.46 2.21 3.09 2.90 2.65 4.76 2.37 1.50 1.78 1.40 1.22 2.57 1.79 1.52 0.46 0.35 0.22 -999 -999 0.00 0.30 0.15 0.22 0.37 0.43 0.63 0.98 1.32 1.29 1.34 1.17 0.97 0.74 1.28 1.03 0.33 0.25 0.22 0.25 0.43 0.50
3.31 3.67 4.29 3.47 6.80 5.12 5.79 5.00 9.19 10.45 9.78 10.59 10.56 10.20 12.91 11.27 13.88 17.44 19.57 24.08 28.24 24.15 21.54 22.36 19.86 15.41 21.96 22.57 22.58 19.32 17.42 22.59 20.69 15.95 11.72 11.34 11.18 6.39 3.70 3.10 2.47 2.14 2.04 3.09 2.42 3.25 3.67 5.36 2.91 1.78 2.24 1.22 1.73 3.02 2.01 1.29 0.31 0.20 0.23 -999 -999 -999 0.00 0.20 0.16 0.62 0.59 0.41 0.82 1.09 1.32 1.20 0.80 0.86 0.99 1.38 0.78 0.32 0.24 0.26 0.36 0.37 0.34
2.86 4.23 3.64 4.59 3.30 6.27 6.71 5.15 8.43 5.62 8.68 7.99 9.89 9.48 10.55 11.23 9.53 11.10 22.84 27.86 27.93 31.22 25.45 18.53 20.94 23.44 23.82 19.99 20.42 18.69 20.31 22.92 25.49 17.56 11.78 9.92 10.81 8.46 4.81 4.14 2.53 2.83 4.13 2.87 2.49 3.09 3.41 4.85 2.30 1.61 2.44 1.15 2.11 2.85 2.16 0.98 0.32 0.13 0.32 0.28 -999 -999 -999 0.00 0.27 0.34 0.64 0.35 0.60 0.81 1.09 1.08 0.76 1.66 1.93 1.44 0.99 0.41 0.17 0.34 0.27 0.41 0.51
2.91 4.31 6.28 5.65 4.07 3.89 3.47 4.81 7.13 4.09 7.27 9.21 5.46 5.69 8.53 8.80 12.87 18.89 25.40 31.94 30.28 27.71 24.32 25.25 26.22 27.62 22.67 25.03 21.56 18.76 21.11 22.60 25.02 17.85 11.89 11.37 12.51 8.64 5.92 5.12 3.96 4.21 4.12 2.81 1.81 2.20 2.63 3.21 1.63 2.14 1.66 1.25 1.56 2.51 1.95 1.01 0.33 0.23 0.45 0.25 0.26 -999 -999 -999 0.00 0.33 0.41 0.65 0.68 0.93 1.15 1.24 1.05 1.52 1.82 1.55 1.59 0.50 0.32 0.19 0.29 0.36 0.57
4.83 6.92 4.06 4.24 3.14 4.54 4.37 3.33 4.52 4.10 4.87 3.79 5.34 5.06 6.50 8.59 9.14 11.83 20.26 27.58 26.51 35.02 30.65 31.66 24.95 22.22 22.12 22.26 22.19 22.25 21.67 24.28 23.21 21.98 14.61 11.30 14.51 10.09 6.54 4.56 2.90 4.83 3.30 1.83 1.15 1.83 1.83 2.04 1.51 1.94 1.31 1.53 1.55 1.57 1.78 1.24 0.43 0.29 0.27 0.30 0.20 -999 -999 -999 -999 0.00 0.35 0.51 0.74 1.17 1.17 1.16 1.47 1.72 1.46 1.36 1.31 0.72 0.31 0.25 0.31 0.88 0.44
3.09 3.45 3.47 4.50 4.09 2.44 2.37 2.54 2.49 3.50 3.13 4.93 5.32 5.11 5.63 6.90 7.56 10.59 17.39 17.67 23.89 30.96 32.20 31.33 25.21 19.85 24.83 21.39 22.83 23.48 23.93 23.89 21.86 21.54 18.23 12.29 16.28 10.19 8.60 4.26 2.84 3.78 2.19 1.01 0.85 1.39 1.17 1.27 2.06 2.28 1.23 1.95 1.54 1.21 2.06 1.70 0.49 0.29 0.17 0.20 0.23 0.16 -999 -999 -999 -999 0.00 0.54 0.68 1.22 1.30 1.47 1.63 1.87 1.76 1.18 0.90 0.58 0.42 0.67 0.31 0.41 0.88
