24h/PH_20111105010000.asc
NCOLS 95
NROWS 110
XLLCENTER 939500
YLLCENTER 1831500
CELLSIZE 1000
NODATA_VALUE -999
[rows 37 to 73 of 110, columns 0 to 83 of 95]
8.88 7.51 5.46 4.96 5.17 9.84 12.58 11.07 3.47 7.81 14.97 17.36 15.30 18.13 5.37 6.24 10.35 7.05 5.52 10.01 8.17 7.49 7.06 6.05 3.89 2.68 2.68 1.11 0.72 2.34 4.23 3.04 10.95 9.04 5.25 7.45 3.01 3.36 1.37 1.61 1.39 1.58 2.75 2.23 1.62 1.87 1.32 2.24 1.81 2.29 2.92 0.67 1.23 0.17 0.34 0.26 0.42 0.73 1.17 1.45 1.63 1.37 1.14 0.75 0.71 1.56 1.21 1.41 1.72 1.68 2.06 1.65 1.82 1.64 0.66 1.50 4.35 5.05 9.74 15.19 11.89 9.96 4.64 3.87
9.56 8.84 6.66 7.57 5.94 8.11 6.44 6.07 2.43 3.09 5.26 11.40 14.22 9.09 3.48 3.77 16.42 21.94 20.55 15.87 13.63 9.15 6.66 4.46 2.65 2.57 1.94 1.13 1.30 6.81 5.21 3.25 4.35 5.28 7.75 4.95 3.44 2.88 1.55 1.26 1.24 1.38 3.45 2.06 1.27 1.27 1.58 2.15 1.96 1.69 3.32 3.78 1.40 2.31 0.84 0.01 0.01 1.10 1.58 1.16 1.05 1.38 1.04 0.74 0.35 1.03 1.46 1.56 2.81 1.90 1.38 1.34 1.48 0.96 2.43 6.48 8.18 6.41 6.52 13.60 19.45 6.37 2.14 3.36
7.21 3.91 1.60 1.90 6.53 7.36 6.25 4.92 3.69 2.86 4.28 9.84 15.03 4.71 6.40 5.82 12.87 22.31 17.12 14.35 12.21 12.52 7.85 4.87 3.33 2.74 1.89 1.77 2.28 3.45 4.68 3.08 4.18 6.37 8.15 3.53 3.63 2.57 1.80 1.05 0.99 1.77 2.59 1.45 1.35 1.35 2.58 1.72 2.55 1.71 2.76 3.04 4.18 5.39 2.15 0.69 2.16 1.48 1.18 1.34 1.44 0.84 0.64 0.65 0.41 0.61 2.01 2.49 2.15 1.36 1.58 1.29 1.51 3.74 7.14 6.97 9.92 9.49 6.39 10.15 10.93 3.57 1.90 0.72
6.28 3.15 1.74 1.96 6.12 7.14 6.68 6.57 3.55 2.65 2.79 7.24 7.42 3.53 8.23 11.56 11.62 23.13 17.28 15.01 14.41 14.13 10.33 7.21 4.47 3.41 2.07 1.48 3.91 4.68 5.67 4.27 6.02 6.19 9.60 4.33 4.38 2.32 1.48 0.62 1.57 2.84 1.96 1.25 1.26 1.38 1.61 1.03 1.74 1.22 2.08 2.64 3.14 3.27 2.89 4.38 1.81 2.34 1.39 1.58 1.37 0.74 0.64 0.50 0.39 0.70 0.88 2.33 2.37 1.60 1.67 2.28 4.66 4.49 8.37 7.94 6.59 9.06 10.19 11.66 11.06 3.43 1.98 1.31
5.93 3.15 1.90 2.13 3.32 5.79 6.23 8.24 6.40 2.90 6.33 7.14 5.68 7.09 8.74 10.61 20.37 22.01 20.98 15.50 15.20 14.13 8.00 5.73 4.62 3.81 3.98 3.22 4.04 5.10 3.67 4.45 4.20 6.31 9.55 5.55 5.01 2.72 1.12 1.05 2.47 2.74 1.51 1.20 2.29 1.72 1.02 1.19 1.35 1.39 1.59 2.41 2.89 2.67 2.41 3.36 1.45 2.25 1.56 1.49 1.30 1.09 0.73 1.11 0.72 0.65 1.35 1.49 1.87 1.59 2.09 1.75 2.78 3.78 5.43 8.04 9.40 7.45 9.99 10.01 7.26 2.98 1.59 1.55
4.42 6.79 1.54 1.93 1.82 4.88 7.12 7.20 7.79 9.08 9.49 8.11 3.84 9.65 12.49 15.47 21.92 21.99 20.56 14.02 15.07 12.45 9.73 6.19 5.30 4.22 6.18 4.35 3.59 2.86 1.92 3.50 4.58 8.01 9.00 7.83 5.13 1.88 1.34 1.48 3.28 1.86 0.52 2.95 4.12 1.53 1.42 1.47 1.27 1.59 1.50 2.20 1.89 2.56 2.34 2.70 1.59 2.06 1.71 1.40 1.39 1.10 0.95 0.98 1.99 1.74 2.21 1.63 1.25 1.61 2.22 1.77 1.55 4.56 5.44 6.62 6.64 5.07 5.99 8.09 5.86 3.49 1.89 1.68
5.25 7.46 6.45 1.87 2.15 1.93 4.87 8.60 9.11 6.51 6.98 10.63 10.12 8.94 14.06 18.46 20.48 19.69 18.48 14.92 15.06 10.04 7.88 7.87 5.32 5.83 6.46 3.87 3.80 2.30 1.65 2.28 4.42 6.67 10.83 8.18 4.11 1.77 1.25 2.61 3.15 2.12 2.03 2.28 3.25 2.09 1.95 1.55 1.54 2.06 1.76 1.82 1.41 1.70 1.52 1.59 2.11 1.82 2.42 2.24 1.74 1.67 1.86 0.70 1.79 1.59 1.38 1.66 1.05 1.48 1.55 1.49 1.49 4.12 7.08 9.16 6.92 5.29 5.43 8.76 9.23 5.09 2.75 1.46
2.74 5.17 5.64 5.00 4.40 3.16 4.46 10.34 11.60 7.73 4.12 6.30 7.40 8.52 13.95 15.41 17.69 17.48 18.84 14.88 12.24 9.11 7.99 8.47 5.31 5.23 4.78 3.32 1.89 1.34 1.23 1.69 3.43 4.82 8.54 7.11 3.80 2.17 1.83 2.20 3.47 2.14 2.63 2.89 2.31 1.83 1.78 1.59 1.77 2.60 1.77 1.59 1.35 1.31 1.11 1.58 2.02 1.95 3.60 3.03 2.42 2.74 1.60 0.92 1.33 0.95 0.56 0.81 1.22 1.47 2.01 1.57 1.56 2.17 3.15 4.06 7.37 6.29 6.70 10.16 9.55 2.78 1.98 1.07
3.11 6.08 6.23 7.33 10.17 6.66 6.09 8.28 8.31 5.52 6.10 5.40 6.44 12.99 14.05 13.79 16.82 16.16 16.25 13.58 10.35 9.79 10.65 9.52 6.71 4.65 3.81 2.05 1.15 0.86 1.40 2.88 4.85 5.61 7.10 7.04 3.60 3.76 2.22 2.75 2.79 2.30 2.31 2.72 1.73 1.49 1.43 1.84 1.93 2.90 2.14 1.88 1.51 1.05 1.07 2.17 1.83 2.05 3.18 3.30 3.38 3.01 1.97 0.77 0.71 0.54 0.92 1.01 1.35 3.29 4.12 1.41 1.74 1.75 3.21 3.82 8.79 7.62 9.70 7.44 3.58 0.84 0.89 0.60
1.04 2.84 6.24 7.66 8.50 4.31 5.37 8.40 7.77 6.96 7.88 6.25 7.37 8.82 9.65 13.23 17.01 14.96 15.98 16.63 13.19 10.19 12.37 10.87 6.48 4.74 3.97 1.81 0.93 0.92 1.83 4.03 5.40 7.10 5.47 6.28 3.55 3.76 3.03 2.44 1.86 2.33 2.72 2.87 1.55 1.22 1.30 1.49 1.41 1.80 1.06 0.92 0.87 0.90 1.15 2.58 2.07 2.07 2.50 3.42 3.98 2.69 1.47 0.75 0.83 0.73 0.72 1.08 1.43 1.97 2.50 2.14 1.91 5.39 7.01 6.31 6.21 6.07 8.35 4.25 3.02 2.05 0.82 0.44
0.74 1.74 4.52 4.20 4.81 4.69 7.52 11.11 8.77 6.15 7.82 7.10 7.78 9.56 9.23 9.65 12.93 14.42 17.53 20.12 13.48 11.61 10.96 8.54 7.27 4.81 3.39 2.22 1.50 1.52 3.08 4.15 5.72 6.21 4.35 6.51 5.15 3.82 2.48 1.86 1.49 2.19 3.75 3.53 1.74 1.21 1.14 1.22 1.39 1.55 0.85 0.68 0.80 0.61 0.93 2.27 1.85 1.66 2.33 3.88 3.64 2.06 1.78 1.10 1.07 1.18 0.95 0.76 1.15 2.10 3.51 2.83 2.57 4.59 7.44 7.66 6.72 5.61 6.04 4.56 2.25 1.51 0.62 0.43
1.01 2.48 4.55 6.15 6.95 5.15 5.65 7.83 8.32 7.65 9.02 8.61 10.28 10.37 9.28 9.71 12.51 13.48 15.63 21.46 14.44 10.79 10.07 9.32 8.02 5.46 4.01 3.64 2.76 2.56 3.84 3.71 5.16 4.61 4.38 7.28 6.35 3.52 2.57 2.10 1.91 3.00 5.04 4.84 2.34 1.40 1.36 1.59 1.50 1.42 1.17 0.75 0.88 0.61 0.74 1.36 1.97 1.77 2.80 2.80 3.58 2.90 2.38 1.87 1.13 1.03 1.17 1.09 1.02 1.91 1.37 2.67 3.98 5.68 7.53 9.01 7.87 5.78 3.63 4.05 3.23 2.59 1.06 0.56
3.21 3.74 4.75 7.64 6.09 9.14 7.84 5.45 9.27 10.00 11.99 12.70 13.98 10.00 6.98 7.86 10.69 9.53 12.80 22.20 14.44 10.77 9.32 7.14 7.17 4.54 3.97 4.48 3.24 2.97 2.84 2.22 2.68 3.87 4.38 8.59 6.33 4.00 3.75 2.94 3.01 4.09 5.42 5.36 3.34 2.43 1.75 2.05 2.27 1.98 2.20 1.13 1.44 0.85 0.49 0.62 1.43 1.90 2.66 2.66 2.75 2.65 2.46 2.23 1.43 1.13 1.25 1.24 1.68 1.81 2.18 2.82 4.17 5.55 5.08 9.17 7.49 6.58 5.42 4.44 2.66 1.56 0.82 0.56
4.58 4.92 6.63 2.32 3.88 9.95 11.68 7.92 10.51 9.18 10.90 12.87 13.20 9.08 3.25 4.33 10.48 8.21 11.67 16.08 13.83 11.50 9.37 8.59 6.63 3.70 3.83 5.12 4.64 2.57 1.58 1.45 1.71 2.61 3.80 8.15 5.54 4.44 4.19 2.89 3.86 5.41 5.60 3.97 3.67 4.02 2.68 2.62 2.54 2.31 3.62 1.99 1.82 1.12 0.60 0.52 0.69 1.82 2.50 2.22 1.96 2.13 2.06 1.63 1.09 0.92 0.80 1.04 0.95 1.27 1.67 3.61 3.75 4.45 6.59 10.03 10.02 7.11 6.76 5.29 2.28 1.14 0.79 0.66
2.84 4.01 4.65 1.63 4.34 8.06 10.50 11.16 10.87 11.62 10.97 9.77 9.82 5.58 2.58 6.56 7.97 7.20 10.23 11.35 13.12 11.46 10.90 10.38 7.74 6.09 5.20 5.81 4.35 1.84 0.86 0.95 1.34 2.67 3.28 7.06 5.93 4.36 4.62 2.89 3.44 4.14 4.29 3.23 3.69 3.43 2.56 2.26 0.00 2.55 3.05 1.60 1.99 1.37 1.01 0.62 0.53 1.02 1.69 1.86 1.99 1.68 1.22 0.92 0.67 0.55 0.62 0.82 1.29 1.06 1.44 3.91 3.32 4.69 7.92 7.91 8.70 3.47 4.29 4.04 1.89 1.26 0.86 0.69
4.59 6.19 6.21 4.19 6.52 11.75 11.53 7.05 7.14 9.63 9.76 9.27 8.85 6.90 4.42 4.52 7.14 9.06 13.51 10.50 12.32 11.36 12.60 12.28 8.37 7.01 6.21 4.96 3.26 1.27 0.95 1.09 1.85 4.18 5.36 6.39 5.13 5.10 5.30 3.47 2.88 3.57 3.65 2.88 2.90 2.36 1.86 0.10 0.00 1.85 2.10 0.94 0.93 1.14 1.45 1.37 1.07 1.00 1.27 1.91 1.58 1.48 1.04 0.73 0.34 0.41 0.48 0.70 0.93 1.24 1.71 3.39 2.96 5.64 8.53 7.53 6.24 4.80 5.60 4.01 2.03 1.42 0.93 0.59
5.55 8.00 6.81 5.91 9.91 14.95 10.39 7.73 5.64 7.22 11.20 10.11 10.94 7.69 8.04 5.91 8.54 13.33 14.91 10.17 9.27 12.30 12.88 11.69 10.21 7.94 5.72 4.46 2.80 1.71 1.62 1.92 3.33 5.71 5.92 4.86 5.60 7.45 5.90 3.51 3.26 3.43 3.68 3.41 2.71 1.43 1.03 0.93 0.22 1.26 1.55 0.99 0.86 0.73 0.97 1.54 1.85 0.63 0.60 1.14 1.36 1.65 1.00 0.77 0.35 0.44 0.60 0.51 0.76 1.17 1.51 2.76 3.25 3.33 5.74 9.79 6.87 5.12 7.16 4.03 1.51 1.14 0.77 0.51
4.70 6.66 5.71 4.39 6.53 8.69 4.14 3.14 3.91 6.59 7.52 9.16 9.24 8.42 8.75 5.61 7.84 11.09 11.24 9.21 9.51 13.46 14.53 14.26 9.47 6.40 5.94 4.62 3.03 2.33 2.37 3.61 4.01 4.84 4.35 4.23 7.24 8.36 4.98 3.31 4.34 3.76 4.50 4.00 3.05 1.34 0.79 0.81 1.15 1.38 1.03 0.84 0.69 1.04 0.94 1.89 3.86 1.65 1.01 1.03 1.19 1.88 1.81 1.33 0.93 0.72 0.50 0.39 0.44 0.72 1.13 3.17 3.29 4.38 4.08 11.55 8.08 7.87 7.42 2.74 2.10 1.30 0.72 0.41
2.89 3.50 2.65 4.41 5.72 10.22 1.92 3.10 4.08 5.78 5.94 11.71 10.89 9.20 7.38 10.31 8.44 8.44 7.92 5.94 8.29 10.77 14.33 12.24 8.72 7.03 4.88 3.73 3.08 3.76 3.88 3.96 3.97 4.56 3.90 3.44 7.99 7.16 4.57 4.22 4.49 4.56 5.46 4.96 3.46 1.74 0.97 1.19 1.58 1.95 1.58 1.21 0.61 0.69 0.86 0.93 3.13 2.75 2.35 1.01 1.24 1.49 1.38 0.87 0.74 0.64 0.54 0.41 0.39 0.60 1.49 3.95 4.21 6.98 6.61 8.27 6.08 6.18 4.49 3.00 1.52 1.01 0.65 0.52
5.24 4.60 3.03 4.49 5.45 9.49 4.97 4.59 4.64 6.60 7.45 13.41 14.13 11.99 8.65 7.93 4.40 4.04 8.42 6.34 6.71 10.01 11.77 13.49 9.32 5.80 5.18 3.58 3.28 4.03 3.62 3.23 3.22 3.45 2.96 3.29 7.54 7.23 5.86 5.26 4.34 4.73 6.15 5.96 3.51 2.15 1.61 1.84 1.92 3.25 2.37 3.03 0.88 1.03 1.03 0.70 1.79 1.61 2.65 1.72 1.22 1.11 1.10 0.82 0.59 0.66 0.36 0.44 0.33 0.47 1.17 2.84 4.20 5.50 7.36 8.70 7.23 3.05 4.68 3.32 1.69 1.04 0.66 0.54
3.81 3.29 3.52 4.65 7.00 9.15 16.78 7.98 11.71 9.94 10.52 14.12 13.33 13.30 12.14 7.27 5.55 4.35 9.28 7.55 7.92 10.53 9.78 13.83 10.08 6.53 4.15 3.81 4.51 4.35 3.33 2.40 2.53 3.10 3.53 4.77 7.41 7.57 5.55 5.00 2.84 3.79 5.99 6.00 4.17 3.16 2.35 2.11 1.80 3.36 2.35 2.62 1.48 1.59 1.13 0.62 0.63 1.22 2.01 1.66 1.80 1.38 0.73 0.52 0.28 0.29 0.39 0.43 0.46 0.45 1.13 3.23 4.63 5.05 7.73 7.51 6.85 4.38 4.39 3.10 1.61 0.92 0.82 0.72
3.92 3.63 4.48 5.57 6.05 3.55 13.40 12.57 10.85 7.88 6.10 14.04 13.91 11.85 10.33 9.64 5.84 5.13 12.55 7.16 11.08 10.19 12.44 15.76 9.11 5.74 4.82 5.27 5.29 3.59 3.21 2.33 2.21 3.27 3.74 6.32 7.78 7.20 5.55 5.64 3.49 4.75 6.36 5.72 4.67 3.24 3.02 2.27 1.57 1.92 1.60 1.27 1.05 -999 0.83 0.61 0.71 0.83 0.96 1.41 1.90 1.60 0.77 0.51 0.27 0.28 0.43 0.43 0.49 0.48 1.06 3.18 5.29 2.98 5.51 6.27 4.79 4.29 4.38 2.18 1.45 0.87 0.60 0.58
2.87 3.37 8.41 8.19 1.53 2.34 4.29 9.42 9.80 9.86 7.36 11.70 9.05 10.14 8.54 7.67 9.03 6.46 9.01 6.40 5.21 9.84 10.95 15.87 8.23 6.66 7.84 5.89 4.43 3.86 3.52 2.90 2.93 3.60 4.28 6.82 7.44 9.84 8.52 5.78 5.15 5.76 7.18 5.46 4.57 3.19 2.86 1.65 1.13 1.47 1.15 0.75 0.78 0.95 -999 0.81 1.16 0.81 0.49 1.62 2.09 1.67 1.57 0.83 0.31 0.45 0.50 0.44 0.53 0.51 1.01 1.85 4.07 3.37 6.96 10.13 7.32 4.72 3.69 1.90 1.28 0.75 0.62 0.54
5.72 4.99 10.07 4.75 1.47 1.59 2.25 8.53 8.91 6.84 7.04 9.30 6.61 9.96 10.69 10.96 9.27 10.53 11.19 8.51 5.45 4.55 9.95 15.20 10.40 8.84 8.65 7.82 5.81 5.93 5.68 3.54 5.96 6.82 4.39 4.58 4.76 7.99 7.09 5.76 6.88 7.35 7.47 4.57 4.56 3.58 2.13 1.28 1.04 1.81 1.15 0.82 0.74 0.79 1.13 -999 1.51 0.60 0.41 1.13 1.18 1.98 1.59 1.69 0.59 0.67 0.59 0.38 0.58 0.64 1.33 1.52 3.01 3.13 5.81 7.37 5.38 4.40 5.35 2.31 1.79 1.18 0.93 0.60
5.37 5.55 8.27 6.86 1.94 2.83 4.08 6.81 5.13 3.12 6.69 10.02 9.49 9.67 10.01 12.64 9.80 7.91 6.52 5.81 4.43 6.24 8.41 14.99 10.57 7.91 7.35 5.76 5.45 5.25 4.78 4.66 6.31 5.56 4.66 4.46 3.29 4.85 6.49 5.03 7.84 8.89 6.73 6.49 5.30 3.29 1.52 0.84 0.99 2.30 2.21 1.92 1.17 0.87 1.09 -999 -999 1.09 1.06 0.73 0.83 1.75 1.52 1.29 0.65 1.08 1.31 0.51 0.60 0.71 0.75 1.14 1.92 4.02 9.50 7.14 4.62 4.90 4.58 2.21 1.64 0.97 1.03 0.58
4.23 6.00 5.99 4.39 3.22 6.69 11.44 19.23 10.80 7.21 5.03 6.45 6.54 10.59 12.68 14.11 8.84 10.72 10.53 5.64 4.32 4.09 7.44 14.32 10.39 7.26 5.99 5.05 6.40 5.70 5.61 5.21 8.66 6.41 4.46 3.09 3.44 3.93 4.83 4.55 6.66 10.25 6.54 7.48 4.91 2.50 1.89 0.74 1.32 2.62 2.99 3.49 1.83 1.60 1.57 1.36 -999 -999 0.98 0.63 0.50 0.76 1.17 0.88 0.52 0.69 1.04 0.83 0.67 0.47 1.13 0.67 0.95 4.91 7.02 5.56 3.71 4.17 4.08 2.50 1.45 0.91 0.64 0.34
4.06 4.52 7.59 8.81 8.51 7.86 12.87 22.82 20.92 17.95 8.74 6.89 7.10 13.46 12.56 11.19 12.05 10.42 8.70 5.97 5.33 4.54 6.23 11.68 10.62 7.16 7.52 4.84 7.91 8.29 7.81 5.67 7.34 5.02 5.10 3.48 3.59 5.44 4.73 3.89 6.72 7.99 4.91 6.95 4.68 3.72 3.09 2.03 2.13 2.80 3.43 4.51 2.12 2.25 1.87 1.32 0.97 -999 -999 0.66 0.51 0.22 0.58 0.50 0.41 0.51 0.68 0.64 0.86 0.63 0.64 0.50 0.98 2.55 3.93 5.41 4.43 3.37 2.39 1.96 1.68 0.98 0.40 0.28
6.42 5.54 5.72 7.38 12.31 13.10 11.54 16.44 22.02 15.11 10.42 10.12 9.11 14.00 13.21 12.59 12.40 11.04 10.49 8.37 5.37 4.26 5.12 6.86 7.00 6.87 6.06 2.97 8.21 8.62 4.88 5.05 5.00 4.24 4.62 3.42 4.72 5.90 5.18 3.64 4.30 6.03 4.27 5.85 5.11 4.92 3.56 3.83 2.95 2.50 3.58 3.57 1.78 2.28 2.45 1.02 0.62 0.00 -999 -999 0.69 0.43 0.21 0.20 0.38 0.53 0.47 0.61 0.78 0.51 0.43 0.51 0.70 1.09 2.85 6.09 5.02 2.62 2.59 1.70 1.12 0.39 0.45 0.30
5.73 8.23 6.29 6.33 9.75 13.35 11.39 9.92 12.80 11.79 12.05 12.08 11.90 13.08 13.66 14.64 11.65 9.76 10.72 9.71 5.33 7.24 5.01 6.51 8.10 7.85 4.99 8.12 8.63 4.83 5.04 4.89 3.88 5.52 3.56 3.24 5.74 6.58 5.13 3.60 4.80 2.81 3.92 6.48 6.08 4.94 4.03 5.99 3.93 2.40 2.15 1.40 0.94 1.44 1.72 1.47 0.83 0.73 -999 -999 -999 0.57 0.42 0.22 0.29 0.50 0.42 0.33 0.72 0.42 0.36 0.51 0.51 0.68 1.17 6.87 4.14 2.73 2.33 1.62 1.14 0.30 0.47 0.34
5.97 6.57 7.67 6.54 8.20 11.92 12.78 11.66 9.67 12.78 14.75 12.69 13.58 14.73 11.87 11.69 11.40 8.35 9.43 9.06 3.07 9.74 5.01 5.46 8.21 8.40 4.64 6.51 5.48 5.16 5.61 5.31 4.52 5.21 3.04 3.46 5.40 6.09 6.89 4.33 5.90 4.55 5.04 6.79 6.47 5.08 4.03 5.65 2.87 2.22 1.37 0.59 0.69 0.96 1.59 2.03 0.87 0.84 1.27 -999 -999 -999 0.51 0.40 0.36 0.64 0.40 0.43 0.66 0.42 0.33 0.38 0.51 0.62 1.58 3.77 2.26 2.47 2.74 1.95 0.78 0.38 0.32 0.34
4.84 4.96 5.40 8.07 6.75 7.67 7.94 8.59 10.19 11.51 11.12 11.99 11.68 9.12 8.45 9.44 10.93 7.81 8.93 7.22 7.78 11.30 9.49 5.70 11.37 10.83 8.86 6.32 7.42 5.76 5.83 6.53 4.49 5.00 4.66 5.64 8.09 7.14 6.49 5.27 5.93 6.14 5.12 7.21 6.03 4.79 3.54 3.09 1.95 2.47 1.28 0.84 0.67 0.82 1.77 2.57 1.25 1.23 0.96 0.00 -999 -999 -999 0.33 0.41 0.60 0.29 0.48 0.69 0.50 0.38 0.48 0.53 0.73 1.16 0.67 1.24 1.49 2.17 1.23 0.58 0.34 0.25 0.25
2.49 2.82 2.95 4.07 7.78 8.90 10.91 9.38 7.30 12.09 10.95 9.95 9.75 8.95 9.04 10.50 13.54 5.53 9.60 8.28 12.08 10.56 8.67 7.59 14.23 15.43 10.43 7.87 9.49 6.34 5.30 5.25 4.78 4.50 4.60 7.27 5.48 4.68 3.86 3.43 5.59 6.03 6.56 6.35 5.34 3.54 1.66 1.29 1.19 2.83 1.97 2.05 1.43 0.93 1.63 2.19 1.73 1.31 1.14 1.22 -999 -999 -999 -999 0.36 0.48 0.50 0.53 0.43 0.59 0.42 0.38 0.53 0.96 0.78 0.49 0.61 0.65 1.02 0.62 0.54 0.34 0.29 0.21
1.95 4.84 6.45 8.54 9.99 9.49 9.37 7.05 7.39 11.54 8.54 8.43 8.33 7.36 7.13 11.04 12.91 8.29 8.36 8.45 8.63 6.04 6.27 5.30 11.03 9.87 8.02 9.67 7.08 8.13 6.21 5.42 4.60 5.17 4.52 4.34 3.62 2.49 3.74 3.54 3.58 4.56 7.32 4.93 4.41 3.17 1.63 1.02 1.00 2.46 3.25 3.71 2.94 2.19 1.46 2.08 1.48 1.46 1.12 1.11 0.76 -999 -999 -999 -999 0.38 0.41 0.47 0.65 0.61 0.35 0.43 0.75 0.90 0.97 1.26 0.62 0.52 0.54 0.48 0.69 0.68 0.29 0.26
1.54 5.96 5.78 7.65 10.27 7.51 10.81 6.40 5.70 2.84 10.24 9.88 11.76 6.82 9.69 11.60 12.13 11.07 8.65 8.27 7.19 4.70 3.43 4.69 5.07 6.45 7.17 8.26 6.40 11.95 8.29 4.86 6.05 4.81 4.32 5.44 3.40 3.40 3.94 3.35 2.28 3.19 5.25 4.76 5.38 3.86 2.76 1.62 1.63 3.51 4.99 4.32 2.90 2.86 1.50 0.86 0.63 0.67 0.87 0.86 1.09 0.00 -999 -999 -999 -999 0.50 0.72 0.50 0.38 0.27 0.36 0.79 1.29 1.02 0.71 0.74 0.59 0.47 0.47 0.51 0.56 0.42 0.32
3.14 2.95 4.68 5.69 6.34 6.02 6.03 5.32 8.31 7.96 9.19 11.03 10.93 6.91 11.41 8.09 9.78 9.27 10.16 11.85 11.16 6.13 5.79 4.68 3.59 4.13 8.44 5.84 5.62 8.88 7.44 6.81 7.04 4.78 5.93 4.87 5.86 4.47 3.44 3.35 2.59 2.63 3.33 5.02 6.45 7.16 3.71 2.46 2.31 3.01 3.47 2.19 1.38 1.94 1.70 0.68 0.51 0.67 0.59 1.03 1.05 0.84 -999 -999 -999 -999 -999 0.56 0.42 0.30 0.25 0.35 0.87 0.92 0.95 0.80 0.46 0.60 0.36 0.34 0.48 0.34 0.31 0.30
3.52 5.21 6.10 6.23 5.88 7.36 9.09 7.33 12.43 7.89 9.70 9.81 8.14 6.47 6.77 7.51 9.59 9.70 9.08 13.76 13.41 7.01 6.97 5.23 4.43 4.42 6.36 3.25 4.85 6.49 6.81 6.58 4.85 4.53 5.16 3.56 4.40 5.03 3.70 4.60 2.83 2.59 3.62 6.28 8.04 8.18 4.48 4.34 2.80 1.67 2.07 0.89 0.78 1.48 2.28 1.88 0.89 0.60 0.55 0.64 1.11 0.66 0.61 -999 -999 -999 -999 -999 0.32 0.31 0.27 0.55 0.64 1.07 0.69 0.45 0.30 0.35 0.41 0.50 0.45 0.30 0.28 0.23
2.58 4.42 5.46 8.23 6.94 5.42 7.01 9.15 9.84 8.53 9.00 7.02 7.19 6.94 6.49 8.11 12.05 10.41 6.85 7.09 10.92 7.22 4.89 5.27 5.29 5.69 4.77 2.55 4.82 6.20 6.01 6.88 4.11 3.29 5.34 2.82 4.89 6.59 5.37 5.53 3.44 3.89 4.92 6.21 6.97 6.44 4.37 4.21 3.18 1.63 1.07 0.62 0.72 1.50 2.95 2.24 1.12 0.77 0.69 0.52 0.78 0.70 0.67 0.00 -999 -999 -999 -999 -999 0.28 0.37 0.48 0.61 0.60 0.59 0.65 0.35 0.33 0.29 0.49 0.48 0.53 0.30 0.26
