24h/PH_20111105060000.asc
NCOLS 95
NROWS 110
XLLCENTER 939500
YLLCENTER 1831500
CELLSIZE 1000
NODATA_VALUE -999
[rows 0 to 36 of 110, columns 0 to 82 of 95]
1.57 1.48 1.35 1.42 1.38 1.40 1.49 1.39 1.52 1.59 1.36 1.37 1.16 0.91 1.28 1.12 1.25 1.28 0.91 0.89 1.08 1.12 1.08 1.12 1.22 1.26 0.98 1.05 0.93 0.68 0.81 0.88 0.84 0.90 0.74 0.73 0.76 0.85 0.78 0.71 0.69 0.52 0.32 0.19 0.16 0.05 0.07 0.11 0.07 0.04 0.02 0.04 0.07 0.05 0.03 0.03 0.06 0.10 0.12 0.10 0.14 0.19 0.19 0.14 0.08 0.09 0.15 0.09 0.13 0.13 0.13 0.08 0.07 0.10 0.06 0.07 0.11 0.09 0.05 0.05 0.05 0.00 0.02
1.49 1.57 1.72 1.57 1.39 1.49 1.56 1.43 1.59 1.44 1.52 1.28 1.32 1.32 1.28 0.70 1.16 1.27 1.15 0.72 1.03 1.03 1.16 1.17 1.25 1.08 1.05 1.02 0.68 0.76 0.70 0.62 0.77 0.80 0.84 0.71 0.68 0.83 0.79 0.66 0.60 0.53 0.36 0.23 0.14 0.06 0.08 0.11 0.04 0.05 0.11 0.12 0.08 0.05 0.04 0.04 0.06 0.08 0.04 0.12 0.10 0.18 0.23 0.24 0.13 0.08 0.08 0.12 0.13 0.08 0.17 0.15 0.11 0.11 0.11 0.09 0.12 0.10 0.06 0.08 0.02 0.00 0.01
1.55 1.52 1.53 1.44 1.42 1.25 1.44 1.50 1.47 1.44 1.44 1.25 1.26 1.24 1.38 0.97 1.00 1.07 1.04 1.13 0.82 0.96 1.09 1.13 1.02 0.98 0.89 0.81 0.60 0.68 0.59 0.84 0.55 0.75 0.76 0.77 0.80 0.81 0.78 0.80 0.70 0.43 0.35 0.25 0.22 0.18 0.14 0.12 0.05 0.06 0.11 0.07 0.08 0.05 0.06 0.05 0.09 0.05 0.09 0.13 0.17 0.28 0.27 0.23 0.10 0.07 0.07 0.11 0.18 0.20 0.16 0.21 0.17 0.13 0.18 0.17 0.17 0.12 0.10 0.04 0.01 0.02 0.01
1.57 1.60 1.56 1.54 1.63 1.41 1.42 1.64 1.49 1.38 1.30 1.18 1.22 1.30 1.17 1.22 0.87 1.12 1.09 1.02 0.98 0.88 0.96 1.08 0.86 0.74 0.71 0.70 0.76 0.83 0.56 0.90 0.72 0.60 0.80 0.83 0.85 0.92 0.80 0.84 0.80 0.60 0.28 0.21 0.32 0.27 0.14 0.14 0.02 0.09 0.09 0.07 0.09 0.04 0.00 0.02 0.06 0.05 0.14 0.18 0.18 0.40 0.33 0.23 0.14 0.13 0.14 0.14 0.20 0.27 0.21 0.19 0.18 0.14 0.09 0.14 0.20 0.17 0.14 0.04 0.08 0.01 0.04
1.71 1.56 1.58 1.48 1.52 1.57 1.45 1.55 1.57 1.29 1.30 1.22 1.20 1.27 1.23 1.41 1.18 0.68 1.18 1.11 1.07 0.81 0.92 1.11 1.04 0.74 1.09 0.99 0.86 0.83 0.90 0.79 0.73 0.66 0.90 1.06 0.86 1.09 0.88 0.85 0.74 0.63 0.37 0.32 0.38 0.24 0.14 0.11 0.12 0.08 0.08 0.03 0.05 0.04 0.01 0.04 0.04 0.08 0.14 0.18 0.23 0.27 0.39 0.28 0.20 0.21 0.22 0.19 0.30 0.30 0.25 0.19 0.17 0.14 0.13 0.11 0.19 0.13 0.06 0.04 0.02 0.06 0.04
1.63 1.53 1.62 1.60 1.40 1.55 1.52 1.47 1.45 1.41 1.27 1.31 1.44 1.42 1.36 1.22 1.16 0.87 0.73 1.05 1.03 0.63 0.86 0.96 1.10 0.87 0.84 0.87 0.96 0.71 0.74 0.72 0.69 0.80 1.02 1.11 0.96 1.03 0.88 1.18 0.89 0.69 0.51 0.39 0.47 0.27 0.10 0.14 0.10 0.11 0.12 0.04 0.08 0.04 0.04 0.08 0.09 0.08 0.14 0.21 0.22 0.22 0.31 0.27 0.25 0.24 0.22 0.23 0.33 0.35 0.36 0.26 0.17 0.12 0.14 0.10 0.16 0.17 0.08 0.05 0.07 0.07 0.06
1.48 1.58 1.53 1.59 1.62 1.62 1.55 1.57 1.59 1.64 1.37 1.33 1.51 1.44 1.38 1.28 1.32 1.27 1.10 0.73 0.83 0.87 0.76 0.86 0.92 0.79 0.69 0.88 1.13 0.93 0.88 0.80 0.70 0.90 0.98 1.08 1.11 1.02 0.93 1.40 1.09 0.88 0.67 0.55 0.46 0.31 0.14 0.22 0.11 0.11 0.12 0.08 0.12 0.03 0.08 0.12 0.14 0.11 0.16 0.17 0.13 0.27 0.28 0.24 0.33 0.26 0.24 0.36 0.42 0.46 0.44 0.34 0.29 0.24 0.27 0.34 0.33 0.14 0.10 0.10 0.07 0.10 0.08
1.44 1.52 1.47 1.38 1.46 1.66 1.59 1.58 1.55 1.54 1.53 1.39 1.38 1.38 1.32 1.28 1.21 1.21 0.97 1.05 0.89 0.98 0.77 0.95 1.12 0.93 0.69 0.77 0.86 0.84 0.84 0.84 0.90 0.89 1.00 1.02 1.03 1.02 1.19 1.32 1.34 0.88 0.80 0.48 0.38 0.30 0.17 0.26 0.16 0.16 0.18 0.17 0.16 0.08 0.09 0.13 0.15 0.14 0.16 0.22 0.27 0.30 0.25 0.24 0.33 0.33 0.31 0.38 0.38 0.52 0.46 0.43 0.41 0.39 0.32 0.26 0.27 0.13 0.16 0.12 0.13 0.12 0.07
1.66 1.59 1.41 1.54 1.53 1.58 1.52 1.44 1.56 1.57 1.55 1.41 1.32 1.34 1.35 1.35 1.33 1.17 1.05 0.85 1.15 0.97 0.85 0.81 0.92 1.24 0.76 0.80 1.06 2.46 1.24 0.92 0.81 0.92 0.93 1.02 1.23 0.99 1.33 1.25 1.43 0.96 0.77 0.46 0.36 0.40 0.30 0.29 0.24 0.14 0.23 0.20 0.15 0.11 0.12 0.16 0.15 0.18 0.18 0.27 0.31 0.29 0.24 0.33 0.36 0.34 0.37 0.37 0.43 0.51 0.50 0.58 0.44 0.40 0.36 0.32 0.17 0.22 0.22 0.18 0.17 0.14 0.06
1.68 1.77 1.54 1.32 1.32 1.31 1.51 1.45 1.53 1.62 1.51 1.56 1.36 1.21 1.28 1.36 1.22 1.25 1.18 1.15 0.86 0.75 0.85 0.79 1.01 1.24 1.14 0.84 1.03 2.84 1.39 0.84 0.82 0.96 0.88 0.99 1.19 1.30 1.21 1.13 1.46 1.25 0.63 0.55 0.54 0.50 0.43 0.41 0.26 0.20 0.23 0.22 0.17 0.15 0.19 0.18 0.21 0.24 0.27 0.27 0.33 0.31 0.33 0.42 0.41 0.40 0.39 0.37 0.48 0.57 0.51 0.61 0.54 0.52 0.46 0.21 0.12 0.19 0.25 0.22 0.22 0.16 0.09
1.79 1.58 1.72 1.33 1.34 1.20 1.41 1.48 1.55 1.60 1.63 1.52 1.45 1.30 1.33 1.33 1.32 1.22 1.10 1.12 0.81 0.73 0.67 0.79 0.78 1.17 1.03 0.85 0.69 0.98 0.87 0.86 0.79 2.65 0.98 0.99 1.41 1.36 1.27 1.04 1.56 1.26 0.78 0.60 0.42 0.52 0.49 0.37 0.20 0.24 0.27 0.22 0.25 0.18 0.17 0.15 0.18 0.26 0.33 0.31 0.38 0.29 0.29 0.44 0.47 0.47 0.46 0.38 0.45 0.55 0.72 0.66 0.53 0.52 0.34 0.20 0.18 0.21 0.23 0.23 0.24 0.21 0.14
1.32 1.48 1.46 1.42 1.31 1.32 1.28 1.44 1.52 1.59 1.49 1.58 1.53 1.49 1.41 1.39 1.31 1.21 1.15 1.11 1.05 0.60 0.88 0.75 0.89 0.95 1.08 1.21 0.94 0.71 0.90 0.95 0.95 0.88 0.84 0.88 1.28 1.30 1.20 1.65 2.49 1.35 0.86 0.72 0.50 0.65 0.44 0.30 0.16 0.24 0.25 0.25 0.21 0.17 0.21 0.19 0.14 0.22 0.29 0.31 0.40 0.27 0.40 0.39 0.47 0.44 0.43 0.45 0.48 0.64 0.71 0.65 0.65 0.47 0.26 0.24 0.18 0.30 0.28 0.27 0.23 0.29 0.24
1.22 1.55 1.37 1.41 1.29 1.43 1.04 1.47 1.44 1.38 1.38 1.49 1.62 1.52 1.43 1.37 1.28 1.21 1.26 1.10 1.07 0.62 0.43 0.62 0.59 0.66 1.12 1.53 1.43 1.44 1.13 1.16 1.22 0.94 0.90 0.91 1.37 3.16 1.22 2.04 2.21 1.50 0.89 0.63 0.41 0.59 0.31 0.28 0.25 0.26 0.37 0.29 0.22 0.20 0.21 0.26 0.18 0.26 0.25 0.24 0.32 0.24 0.33 0.36 0.45 0.55 0.52 0.51 0.54 0.73 0.70 0.64 0.75 0.48 0.37 0.30 0.33 0.35 0.33 0.34 0.27 0.28 0.23
1.60 1.32 1.63 1.27 1.47 1.24 1.25 1.10 1.25 0.24 0.95 0.51 1.23 1.53 1.38 1.36 1.31 1.23 1.12 1.25 1.08 1.00 0.73 0.49 0.68 0.84 0.83 1.44 1.54 1.59 1.26 1.08 1.07 1.11 1.07 1.18 1.27 2.15 1.40 2.51 2.38 2.36 1.20 0.66 0.65 0.51 0.29 0.23 0.27 0.34 0.41 0.41 0.30 0.21 0.27 0.26 0.20 0.22 0.31 0.21 0.22 0.25 0.39 0.41 0.50 0.61 0.58 0.54 0.57 0.67 0.77 0.87 0.78 0.40 0.38 0.40 0.39 0.34 0.32 0.40 0.38 0.38 0.41
1.26 1.31 1.22 1.42 1.27 1.22 1.32 1.28 1.44 1.14 1.48 1.22 1.46 1.54 1.44 1.36 1.38 1.26 1.15 1.12 1.11 0.92 0.89 0.70 0.60 0.94 0.80 1.13 1.22 1.21 1.52 1.53 1.00 1.18 0.99 0.92 1.18 1.35 1.42 1.63 1.45 2.23 1.12 0.71 0.56 0.50 0.43 0.36 0.32 0.35 0.39 0.42 0.29 0.26 0.27 0.28 0.20 0.22 0.29 0.24 0.20 0.29 0.36 0.46 0.65 0.60 0.58 0.49 0.58 0.61 0.66 0.77 0.61 0.51 0.39 0.38 0.33 0.35 0.39 0.47 0.49 0.51 0.33
1.22 1.36 1.24 1.17 1.23 1.10 1.34 1.19 1.06 1.06 1.17 1.45 1.29 1.21 1.36 1.45 1.37 1.39 1.46 1.16 1.12 1.36 0.96 0.77 0.75 0.87 0.89 0.93 1.07 1.18 1.38 1.04 0.99 0.97 0.81 0.85 0.89 1.14 1.03 1.18 1.08 0.88 0.87 0.82 0.49 0.56 0.46 0.42 0.38 0.37 0.39 0.45 0.31 0.34 0.36 0.32 0.23 0.25 0.20 0.29 0.25 0.28 0.44 0.50 0.65 0.73 0.63 0.49 0.55 0.64 0.67 0.66 0.53 0.52 0.50 0.44 0.35 0.35 0.33 0.42 0.48 0.47 0.27
1.15 1.18 1.16 1.33 1.21 1.03 0.92 1.34 1.37 1.00 0.84 1.72 1.64 1.34 1.24 1.39 1.43 1.39 1.34 1.20 1.12 1.03 0.99 0.97 0.80 0.61 0.77 0.65 0.76 0.96 1.72 1.52 1.44 1.08 0.87 0.99 1.01 1.13 1.09 1.16 1.13 0.95 0.70 0.97 0.76 0.63 0.48 0.52 0.44 0.41 0.43 0.48 0.33 0.32 0.31 0.34 0.26 0.32 0.36 0.34 0.44 0.44 0.40 0.52 0.79 0.78 0.56 0.55 0.50 0.70 0.72 0.60 0.62 0.60 0.56 0.46 0.37 0.37 0.38 0.45 0.51 0.34 0.26
1.59 1.24 1.28 1.19 0.64 0.88 0.97 1.02 1.30 1.26 1.60 1.75 1.66 0.70 0.75 1.21 1.49 1.41 1.38 1.24 1.03 1.09 1.13 1.04 0.89 0.79 0.53 0.55 0.51 0.96 1.06 1.70 1.30 1.82 0.92 0.99 0.97 0.93 0.87 1.11 0.93 0.94 0.90 0.95 0.66 0.33 0.65 0.57 0.44 0.37 0.49 0.42 0.31 0.32 0.48 0.42 0.30 0.30 0.49 0.37 0.49 0.54 0.42 0.58 0.78 0.72 0.63 0.60 0.57 0.54 0.65 0.70 0.76 0.69 0.63 0.50 0.54 0.47 0.51 0.60 0.49 0.36 0.36
1.67 1.52 1.52 0.97 0.74 0.93 1.13 1.22 0.87 1.03 1.60 1.48 1.59 0.45 0.58 1.38 1.54 1.23 1.18 1.12 1.09 1.27 1.19 1.01 0.78 0.85 0.75 0.73 0.80 0.79 2.18 1.75 1.20 1.66 0.79 0.55 0.92 0.89 1.09 1.10 1.16 1.16 1.03 0.99 0.95 0.51 0.68 0.58 0.48 0.38 0.41 0.42 0.41 0.46 0.59 0.42 0.37 0.39 0.37 0.46 0.60 0.53 0.43 0.47 0.79 0.70 0.69 0.65 0.68 0.47 0.62 0.74 0.81 0.87 0.75 0.73 0.64 0.59 0.72 0.41 0.43 0.51 0.47
1.58 1.51 1.45 1.51 1.51 0.77 0.86 0.66 1.07 0.66 1.72 1.65 1.50 0.33 1.38 1.32 1.18 1.19 1.19 1.04 0.96 1.25 1.21 1.04 1.32 0.82 0.66 0.74 0.71 0.60 1.14 1.73 2.66 2.34 0.83 0.49 0.64 0.64 1.04 1.16 1.27 1.08 1.03 0.76 1.06 0.56 0.62 0.50 0.39 0.31 0.31 0.44 0.52 0.61 0.62 0.51 0.47 0.15 0.00 0.26 0.50 0.53 0.53 0.40 0.60 0.67 0.74 0.67 0.46 0.57 0.63 0.68 0.81 0.88 0.81 0.79 0.64 0.86 0.64 0.42 0.67 0.70 0.57
1.69 1.60 1.49 1.49 1.27 1.12 0.71 0.67 0.60 1.62 1.49 1.40 1.47 0.71 0.68 1.35 1.49 1.29 1.36 1.19 1.07 0.40 0.95 1.11 1.35 1.50 0.81 0.90 0.71 0.70 0.83 2.38 1.94 1.18 2.37 0.57 0.46 0.73 0.81 1.34 1.37 1.32 0.91 0.86 0.85 0.36 0.41 0.38 0.32 0.33 0.28 0.73 0.67 0.73 0.49 0.66 0.64 0.00 0.00 0.48 0.58 0.64 0.67 0.59 0.59 0.76 0.78 0.63 0.53 0.59 0.72 0.83 0.91 0.99 1.06 0.81 0.82 0.59 0.57 0.49 0.54 0.71 0.53
1.33 1.21 1.56 1.49 1.38 1.43 1.27 0.65 0.63 1.35 1.59 1.62 1.02 0.95 1.46 0.91 0.39 0.32 0.45 1.32 0.82 0.49 0.34 1.30 1.55 1.86 1.34 0.91 0.73 0.84 0.81 1.12 1.81 2.23 1.58 0.50 0.29 0.77 0.27 2.99 1.31 1.02 1.11 0.94 0.79 0.69 0.42 0.39 0.38 0.42 0.52 0.79 0.68 0.68 0.59 0.56 0.58 0.59 0.22 0.52 0.84 0.74 0.68 0.56 0.76 1.16 0.67 0.64 0.56 0.63 0.85 0.93 0.87 1.05 1.12 1.13 0.64 0.50 0.55 0.58 0.48 0.48 0.46
1.34 1.30 1.20 1.50 1.39 1.44 1.48 1.26 0.57 0.86 0.91 0.82 0.87 0.82 1.12 1.42 1.44 0.23 1.32 1.12 1.34 1.20 0.62 0.67 0.90 1.38 2.06 1.61 0.82 0.82 0.96 1.19 2.19 1.71 1.67 0.90 0.50 0.43 0.39 0.79 2.47 2.12 1.15 1.09 0.87 0.75 0.57 0.42 0.44 0.52 0.69 0.55 0.62 0.65 0.92 0.60 0.78 0.65 0.44 0.52 0.97 0.82 0.73 0.56 0.76 1.16 0.87 0.68 0.65 0.70 0.85 1.05 1.01 1.19 1.31 0.98 0.60 0.56 0.57 0.61 0.57 0.58 0.47
1.22 1.26 1.20 1.16 1.27 1.31 1.43 1.23 1.04 1.39 1.31 1.04 1.40 1.29 1.35 1.30 1.55 1.28 1.17 0.95 1.12 1.35 1.82 0.86 0.37 1.06 2.04 2.23 1.31 1.14 1.13 0.99 1.04 1.22 1.47 1.42 1.21 1.40 0.86 1.11 2.54 2.26 1.21 1.29 0.93 0.86 0.74 0.56 0.45 0.59 0.53 0.48 0.64 0.64 0.91 0.87 1.18 0.90 0.45 0.65 0.85 0.86 0.81 0.76 0.87 1.38 1.02 0.71 0.72 0.78 0.88 1.06 1.11 1.25 1.10 0.73 0.67 0.63 0.58 0.52 0.52 0.46 0.92
1.34 1.21 1.28 1.31 1.03 0.91 1.02 1.20 1.35 0.58 1.52 1.40 1.14 1.89 1.39 1.76 1.28 2.21 1.48 1.26 0.56 0.42 2.26 2.79 1.20 0.66 1.26 1.44 1.46 1.47 1.16 1.36 1.24 1.16 1.14 1.48 1.43 1.35 1.36 1.15 1.28 2.03 1.76 1.12 1.05 0.89 0.82 0.61 0.59 0.61 0.51 0.49 0.60 0.56 0.76 0.91 1.00 0.67 0.57 0.41 0.77 0.96 1.11 0.99 0.89 1.34 1.19 0.97 0.89 0.91 1.06 1.20 1.08 1.14 0.89 0.72 0.65 0.57 0.71 0.62 0.49 0.54 0.86
1.49 1.24 1.32 0.98 0.98 0.77 0.59 0.82 1.40 1.21 1.26 1.41 1.53 1.46 1.16 1.37 1.57 0.86 1.22 1.03 0.81 0.86 1.15 2.46 2.77 1.17 1.00 2.89 1.44 1.35 1.37 1.73 1.28 1.22 1.43 1.89 1.48 1.48 1.68 1.03 1.35 2.11 1.94 1.39 1.02 0.60 0.66 0.69 0.61 0.59 0.52 0.67 0.96 0.48 0.27 0.78 0.84 0.69 0.57 0.30 0.83 0.99 0.83 0.91 0.97 0.61 0.93 1.45 1.27 1.14 1.21 1.46 1.27 1.09 0.98 0.73 0.67 0.62 0.56 0.75 0.60 0.38 0.70
1.49 1.44 1.47 1.58 0.81 0.89 0.74 1.00 1.06 1.41 1.38 1.52 1.43 0.54 1.20 1.77 0.98 0.96 0.95 0.93 2.42 0.77 1.07 1.04 1.96 3.41 2.77 1.58 2.81 1.49 1.58 1.56 1.41 1.24 1.23 1.67 1.81 1.63 1.56 1.50 1.56 1.58 1.56 2.05 0.90 0.57 0.68 0.71 0.69 0.51 0.54 0.76 1.24 0.83 0.41 0.35 0.33 0.47 0.83 0.78 1.06 1.09 1.03 1.03 1.18 0.26 0.53 1.16 0.82 1.34 1.30 1.42 1.23 1.06 0.86 0.84 0.73 0.59 0.53 0.79 0.80 0.71 0.72
1.51 1.41 1.53 1.62 1.32 1.80 1.23 0.62 0.72 1.49 1.32 1.13 1.40 0.40 1.19 1.37 1.56 1.55 1.13 0.69 1.21 0.79 0.59 1.23 1.36 1.58 1.69 2.19 1.75 1.41 1.44 1.28 1.15 1.43 1.43 2.90 2.44 1.72 1.91 2.30 2.15 1.77 2.14 2.19 1.00 0.50 0.81 0.91 0.20 0.40 0.24 0.47 1.14 0.67 0.57 0.19 0.17 0.13 0.54 0.41 0.92 1.05 0.91 0.92 0.81 0.77 0.73 0.93 0.91 1.15 1.30 1.34 1.34 1.07 0.95 0.77 0.77 0.39 0.70 0.92 1.03 1.07 0.79
0.49 0.72 1.26 1.69 1.66 1.32 1.75 1.73 0.63 1.33 1.28 1.37 1.33 0.90 1.27 1.21 1.67 1.71 1.58 1.08 0.82 1.16 1.44 1.31 1.19 1.68 4.20 2.66 2.06 2.03 3.61 1.86 2.65 2.56 1.80 2.53 3.54 4.08 2.34 2.67 3.48 3.90 2.76 2.06 1.26 1.33 0.74 0.30 0.23 0.39 0.11 0.26 0.74 0.55 0.58 0.29 0.21 0.30 1.03 0.71 1.06 1.30 0.99 0.98 0.72 0.60 0.87 1.15 0.92 1.14 1.31 1.31 1.52 1.23 1.08 0.76 0.49 0.48 0.87 1.08 1.18 1.06 0.79
0.86 0.88 0.54 0.63 0.87 1.27 1.59 1.11 1.34 0.75 1.51 1.27 1.89 1.44 1.42 1.89 1.45 1.09 2.19 1.44 0.75 0.73 1.25 3.20 1.67 2.60 2.33 2.89 2.70 1.88 3.41 5.00 3.74 4.20 2.94 3.19 3.57 4.05 7.70 2.77 3.04 1.81 4.53 2.95 1.88 1.47 1.00 0.80 0.75 0.81 0.38 0.40 0.69 0.49 0.37 0.38 0.27 0.30 1.02 0.93 0.84 1.07 1.26 1.08 0.86 0.63 0.69 1.34 1.15 0.98 1.26 1.48 1.49 1.32 1.16 0.96 0.82 0.77 0.75 1.04 1.17 0.91 0.82
1.10 1.44 1.68 2.08 1.00 0.65 0.63 1.27 1.28 1.09 0.86 4.08 1.69 1.28 1.31 1.36 0.97 1.09 1.30 0.71 1.28 1.24 1.29 1.63 2.57 1.82 2.51 3.18 3.65 2.73 2.21 6.33 5.30 4.59 3.13 3.45 3.57 4.24 4.62 3.45 3.20 2.97 4.65 2.45 1.71 1.51 1.12 0.77 0.91 0.39 0.33 0.05 0.18 0.32 0.13 0.22 0.42 0.40 0.87 0.96 0.76 1.17 1.29 1.26 1.29 0.86 0.80 1.51 1.29 1.33 1.37 1.50 1.66 0.78 1.08 1.21 0.93 0.67 0.61 1.20 0.86 0.56 0.80
4.35 3.54 1.90 1.61 2.94 3.07 0.92 0.99 0.64 1.27 1.30 4.16 0.88 1.25 1.13 1.14 1.31 1.14 1.03 1.22 1.96 1.21 1.71 1.59 2.08 2.33 1.96 2.82 4.44 3.61 3.23 3.22 4.68 4.64 4.24 4.06 4.33 4.67 3.69 2.65 2.65 2.70 4.19 2.52 1.75 1.13 0.86 0.69 0.68 0.33 0.03 0.03 0.22 0.11 0.19 0.32 0.33 0.52 1.19 1.01 1.06 1.29 1.48 1.57 1.49 1.35 1.29 1.83 1.64 1.83 1.51 1.92 1.16 1.06 1.04 1.19 0.94 0.73 0.68 0.58 1.08 0.68 0.79
3.03 2.61 4.68 4.93 3.28 2.01 3.18 3.39 1.47 1.31 1.30 0.81 0.39 1.54 1.53 1.41 1.25 1.09 1.09 0.88 1.30 1.70 0.71 0.96 2.98 3.02 2.16 2.18 3.41 5.43 4.90 4.74 3.54 7.98 6.48 5.68 6.11 5.36 3.44 3.13 2.54 2.99 2.93 2.15 1.14 1.69 1.13 1.19 0.41 0.15 0.14 0.16 0.13 0.30 0.32 0.50 0.20 0.17 0.78 1.31 1.30 1.37 1.44 1.29 1.10 1.42 1.30 1.66 1.59 1.58 1.85 1.44 1.60 1.62 1.34 1.14 1.00 0.81 0.44 0.58 0.53 0.78 0.82
2.73 3.10 3.31 3.38 4.75 7.05 4.51 3.03 1.41 1.42 1.42 1.77 0.82 0.54 1.46 1.36 1.17 1.24 1.13 1.00 0.89 1.55 0.89 0.96 2.01 2.43 3.46 2.90 2.32 3.54 2.52 4.03 6.56 5.54 10.03 6.76 5.47 3.75 4.52 3.43 2.57 4.25 4.18 2.65 1.66 1.55 1.21 1.26 0.40 0.29 0.29 0.21 0.11 0.20 0.44 0.30 0.18 0.28 0.24 1.31 1.63 1.42 1.54 1.62 1.43 1.35 1.11 1.24 1.12 1.51 1.68 1.62 1.61 1.59 1.31 1.12 0.44 0.65 0.54 0.44 0.63 0.36 0.93
5.89 3.21 2.60 3.27 6.98 4.98 5.07 7.46 3.61 1.62 3.69 3.84 1.61 1.33 1.34 1.58 1.07 1.26 1.18 1.29 1.08 1.19 1.31 2.19 1.93 1.75 3.73 1.06 2.24 2.89 3.24 2.58 3.60 5.57 6.40 5.32 5.40 3.92 5.44 3.22 3.37 4.78 3.91 3.30 1.87 1.48 1.44 1.26 0.36 0.28 0.27 0.00 0.24 0.38 0.37 0.25 0.22 0.18 0.36 0.42 0.95 1.39 1.73 1.57 1.65 1.32 1.24 1.24 0.84 0.88 1.64 1.57 1.60 1.47 1.46 1.00 0.46 0.75 0.71 0.71 0.38 0.24 0.27
3.56 2.69 3.08 3.77 4.49 5.63 7.55 6.87 6.70 8.22 6.28 3.68 3.62 2.39 1.45 1.43 0.97 1.19 1.19 1.29 1.43 1.44 1.43 1.43 2.11 3.29 1.11 1.26 1.83 1.73 1.65 1.68 4.42 8.46 5.33 3.90 5.78 5.87 8.17 3.48 3.28 3.17 2.80 2.62 2.17 1.74 1.35 1.54 0.63 0.20 0.13 0.00 0.01 0.32 0.32 0.25 0.21 0.24 0.39 0.93 1.44 0.83 1.61 1.67 1.89 1.53 1.41 1.17 1.42 1.61 1.71 1.59 1.50 1.54 1.52 0.79 0.58 0.62 0.43 0.18 0.32 0.27 0.39
2.26 2.41 3.19 2.08 3.29 5.40 4.57 5.11 4.16 3.75 5.76 5.29 7.15 2.70 1.60 1.41 1.39 1.22 1.13 1.06 1.79 1.94 1.98 1.82 2.15 2.42 2.26 1.42 1.61 2.35 1.39 3.58 6.12 9.23 5.46 3.74 2.75 4.86 7.49 4.09 4.36 3.29 2.46 2.61 2.10 1.56 1.17 1.86 0.87 1.04 0.52 0.17 0.00 0.12 0.59 0.34 0.28 0.33 0.49 0.66 0.64 0.43 0.79 1.01 2.08 1.74 1.54 1.25 1.93 2.20 1.67 0.86 0.71 0.60 0.73 0.67 0.58 0.28 0.19 0.40 0.35 0.31 0.20
