24h/PH_20111105050000.asc
NCOLS 95
NROWS 110
XLLCENTER 939500
YLLCENTER 1831500
CELLSIZE 1000
NODATA_VALUE -999
[rows 0 to 35 of 110, columns 0 to 82 of 95]
1.11 1.33 1.18 1.10 0.97 1.08 0.75 0.98 0.99 0.88 0.85 0.58 0.45 0.61 0.41 0.42 0.52 0.36 0.41 0.44 0.73 0.68 0.62 0.71 0.75 0.50 0.32 0.08 0.27 0.29 0.37 0.30 0.22 0.32 0.28 0.27 0.31 0.29 0.32 0.33 0.32 0.30 0.26 0.21 0.19 0.20 0.09 0.08 0.03 0.05 0.01 0.04 0.04 0.03 0.05 0.04 0.11 0.24 0.34 0.37 0.34 0.34 0.25 0.25 0.09 0.07 0.11 0.13 0.18 0.20 0.16 0.11 0.04 0.12 0.11 0.08 0.08 0.06 0.02 0.00 0.00 0.00 0.00
1.04 1.12 0.97 0.93 1.24 1.17 1.07 0.89 1.03 0.94 0.80 0.64 0.58 0.41 0.56 0.36 0.51 0.44 0.47 0.59 0.57 0.52 0.70 1.50 1.27 0.49 0.36 0.24 0.03 0.30 0.32 0.27 0.25 0.23 0.36 0.31 0.32 0.31 0.35 0.36 0.29 0.21 0.25 0.27 0.26 0.17 0.09 0.09 0.06 0.05 0.06 0.05 0.04 0.06 0.02 0.02 0.07 0.18 0.26 0.30 0.30 0.31 0.31 0.14 0.12 0.07 0.10 0.16 0.16 0.19 0.19 0.13 0.13 0.10 0.09 0.05 0.07 0.04 0.01 0.00 0.00 0.00 0.00
1.09 1.10 0.95 1.24 1.39 1.13 0.96 0.85 0.92 0.95 0.80 0.69 0.49 0.61 0.57 0.55 0.65 0.59 0.62 0.39 0.37 0.44 0.75 0.85 0.41 0.54 0.40 0.42 0.23 0.30 0.25 0.29 0.21 0.24 0.44 0.41 0.30 0.36 0.42 0.42 0.42 0.21 0.23 0.32 0.24 0.17 0.12 0.10 0.11 0.10 0.10 0.12 0.06 0.04 0.04 0.06 0.08 0.14 0.23 0.26 0.22 0.35 0.24 0.24 0.11 0.12 0.11 0.12 0.16 0.22 0.19 0.19 0.17 0.07 0.11 0.09 0.04 0.05 0.04 0.00 0.00 0.00 0.00
1.26 0.96 1.24 1.00 0.68 0.91 0.93 0.99 0.87 0.96 0.82 0.75 0.64 0.73 0.54 0.45 0.36 0.64 0.70 0.61 0.53 0.46 0.67 0.83 0.54 0.45 0.53 0.36 0.25 0.34 0.28 0.37 0.27 0.29 0.40 0.39 0.42 0.41 0.44 0.37 0.36 0.37 0.24 0.27 0.26 0.28 0.17 0.16 0.13 0.12 0.15 0.08 0.07 0.04 0.03 0.02 0.09 0.18 0.26 0.29 0.31 0.33 0.18 0.21 0.17 0.23 0.21 0.18 0.19 0.20 0.17 0.21 0.18 0.13 0.10 0.08 0.03 0.07 0.04 0.02 0.00 0.00 0.00
0.80 0.95 0.97 0.71 0.81 0.95 1.15 1.08 1.08 0.87 0.88 0.87 0.81 0.75 0.55 0.70 0.48 0.45 0.49 0.52 0.72 0.75 0.77 0.80 0.60 0.48 0.49 0.54 0.43 0.29 0.30 0.39 0.31 0.44 0.32 0.42 0.48 0.44 0.36 0.38 0.38 0.30 0.30 0.30 0.34 0.29 0.22 0.20 0.14 0.11 0.07 0.06 0.06 0.03 0.01 0.02 0.11 0.19 0.21 0.31 0.38 0.35 0.19 0.21 0.21 0.28 0.28 0.29 0.27 0.28 0.27 0.22 0.21 0.20 0.16 0.17 0.14 0.04 0.06 0.00 0.00 0.00 0.00
0.87 1.03 1.01 0.95 0.89 1.06 1.10 1.23 0.94 0.87 0.86 0.99 0.77 0.65 0.68 0.81 0.82 0.36 0.56 0.57 0.69 0.82 0.69 0.82 0.83 0.69 0.27 0.61 0.48 0.44 0.32 0.28 0.34 0.35 0.44 0.42 0.37 0.48 0.45 0.42 0.44 0.33 0.31 0.37 0.37 0.28 0.23 0.24 0.14 0.06 0.08 0.08 0.05 0.03 0.03 0.06 0.14 0.21 0.20 0.18 0.36 0.33 0.29 0.24 0.30 0.30 0.32 0.38 0.35 0.30 0.28 0.20 0.18 0.23 0.22 0.20 0.25 0.13 0.01 0.01 0.00 0.00 0.00
1.63 1.14 0.92 1.27 0.79 0.92 0.85 0.83 0.98 0.94 1.09 0.99 0.95 0.72 0.68 0.79 0.69 0.87 0.55 0.55 0.81 0.44 0.78 0.78 0.82 0.73 0.27 0.28 0.46 0.39 0.35 0.38 0.45 0.52 0.52 0.43 0.44 0.46 0.56 0.50 0.40 0.37 0.22 0.36 0.38 0.30 0.19 0.20 0.11 0.05 0.12 0.11 0.07 0.03 0.06 0.09 0.15 0.17 0.18 0.28 0.25 0.18 0.27 0.26 0.28 0.30 0.33 0.40 0.37 0.38 0.32 0.23 0.19 0.24 0.28 0.31 0.28 0.12 0.03 0.03 0.01 0.00 0.00
4.40 2.53 1.16 0.81 0.94 0.92 1.08 0.89 0.94 0.97 1.08 1.08 0.78 0.77 0.69 0.75 0.76 0.97 0.94 0.53 0.68 0.77 0.68 0.86 0.77 0.62 0.35 0.26 0.42 0.40 0.46 0.34 0.56 0.60 0.49 0.51 0.57 0.65 0.62 0.50 0.45 0.47 0.38 0.44 0.39 0.29 0.17 0.11 0.09 0.09 0.14 0.11 0.10 0.04 0.04 0.04 0.09 0.16 0.15 0.27 0.31 0.28 0.25 0.33 0.32 0.32 0.35 0.36 0.35 0.36 0.29 0.23 0.26 0.27 0.37 0.37 0.27 0.09 0.04 0.02 0.04 0.02 0.00
2.67 4.35 2.32 0.85 0.82 0.77 0.97 1.18 1.19 1.16 1.07 0.99 0.88 0.75 0.79 0.72 0.93 0.80 1.03 0.91 0.72 0.90 0.76 0.46 0.78 0.84 0.46 0.26 0.67 1.09 0.64 0.65 0.66 0.70 0.60 0.56 0.64 0.66 0.63 0.58 0.56 0.59 0.61 0.47 0.35 0.29 0.15 0.12 0.10 0.14 0.12 0.13 0.14 0.07 0.07 0.08 0.11 0.16 0.21 0.30 0.28 0.29 0.32 0.36 0.40 0.38 0.39 0.38 0.39 0.35 0.29 0.25 0.26 0.32 0.41 0.41 0.19 0.09 0.05 0.02 0.02 0.00 0.00
1.06 1.60 4.54 2.14 0.73 0.73 0.73 1.10 0.77 0.88 0.78 0.97 0.91 0.84 0.84 0.97 0.87 0.87 0.98 1.06 0.99 0.62 0.73 0.64 0.78 0.78 0.75 0.62 0.72 0.59 0.83 0.69 0.80 0.69 0.55 0.69 0.65 0.59 0.66 0.65 0.49 0.53 0.48 0.40 0.33 0.30 0.22 0.22 0.15 0.19 0.15 0.13 0.19 0.13 0.12 0.10 0.21 0.21 0.27 0.38 0.33 0.32 0.30 0.41 0.38 0.45 0.53 0.49 0.47 0.36 0.27 0.28 0.32 0.40 0.39 0.31 0.17 0.09 0.05 0.05 0.01 0.01 0.00
1.04 0.79 1.62 3.16 1.71 0.73 0.54 0.82 1.03 0.69 1.07 0.91 1.14 0.93 0.81 1.90 1.06 1.01 1.25 1.10 1.03 0.95 0.67 0.87 0.72 0.95 0.79 0.79 0.58 0.58 0.66 0.46 1.01 1.35 0.63 0.62 0.71 0.69 0.63 0.69 0.53 0.58 0.48 0.46 0.40 0.38 0.26 0.21 0.19 0.21 0.22 0.20 0.17 0.11 0.15 0.19 0.27 0.26 0.30 0.33 0.31 0.31 0.36 0.44 0.43 0.55 0.61 0.62 0.63 0.41 0.35 0.36 0.41 0.48 0.44 0.24 0.16 0.15 0.06 0.10 0.06 0.02 0.02
1.55 1.39 0.82 0.88 2.22 1.34 0.50 0.57 0.67 1.04 0.78 0.85 0.97 1.04 1.09 1.47 1.11 0.98 1.17 1.17 1.65 1.19 0.93 0.83 0.78 0.66 0.82 0.82 0.63 0.54 0.63 0.56 0.58 0.49 0.44 0.46 0.76 0.80 0.72 0.73 0.66 0.78 0.54 0.50 0.41 0.46 0.22 0.24 0.17 0.20 0.28 0.25 0.16 0.16 0.21 0.25 0.27 0.27 0.33 0.26 0.32 0.32 0.39 0.46 0.51 0.52 0.60 0.77 0.63 0.54 0.51 0.49 0.39 0.57 0.39 0.28 0.25 0.25 0.16 0.12 0.10 0.02 0.00
1.78 1.73 1.12 0.88 1.21 1.99 1.27 0.68 0.58 0.82 1.17 1.28 1.25 0.75 1.61 1.15 1.73 1.25 0.96 1.05 1.34 1.59 1.19 0.93 0.84 0.91 1.04 0.98 0.48 0.36 0.18 0.36 0.56 0.56 0.57 0.63 0.74 1.53 0.91 0.86 0.74 0.90 0.59 0.57 0.60 0.47 0.32 0.26 0.16 0.16 0.24 0.30 0.19 0.14 0.24 0.23 0.29 0.27 0.30 0.20 0.34 0.37 0.42 0.51 0.52 0.49 0.60 0.74 0.68 0.66 0.70 0.56 0.50 0.48 0.37 0.33 0.36 0.29 0.18 0.14 0.13 0.10 0.02
1.04 0.97 1.10 1.32 0.88 0.89 1.69 1.45 0.64 1.46 1.63 2.43 1.64 0.72 0.92 1.79 1.15 1.89 1.94 1.35 1.07 1.54 1.28 1.12 1.03 0.92 1.04 0.98 0.93 0.55 0.31 0.51 0.49 0.63 0.81 0.84 0.99 1.28 1.09 1.18 0.90 1.05 0.57 0.62 0.39 0.41 0.29 0.18 0.13 0.09 0.23 0.31 0.20 0.19 0.25 0.26 0.24 0.27 0.26 0.21 0.27 0.34 0.33 0.49 0.58 0.58 0.67 0.66 0.64 0.65 0.65 0.46 0.54 0.32 0.32 0.43 0.39 0.32 0.20 0.18 0.15 0.07 0.01
1.26 1.06 1.22 1.04 0.98 0.70 0.68 1.78 1.20 1.50 1.17 1.67 1.65 0.90 0.53 0.75 1.22 1.15 1.81 2.46 1.39 1.43 1.89 1.09 1.24 1.19 1.15 1.12 1.00 0.92 0.46 0.85 0.65 0.64 0.83 0.78 1.11 1.04 1.15 1.30 1.16 0.65 0.91 0.74 0.29 0.33 0.24 0.15 0.10 0.12 0.24 0.35 0.21 0.23 0.21 0.34 0.24 0.24 0.23 0.21 0.20 0.34 0.35 0.46 0.65 0.68 0.77 0.64 0.64 0.69 0.59 0.63 0.48 0.40 0.42 0.47 0.46 0.33 0.25 0.17 0.10 0.04 0.01
2.42 1.04 1.09 0.93 0.85 0.71 0.63 0.65 2.06 2.56 1.48 1.80 2.00 0.73 0.81 0.73 1.03 1.56 1.22 1.78 2.41 2.15 1.22 1.31 0.72 0.93 1.27 1.21 1.14 1.12 0.54 0.57 0.60 0.72 0.73 0.64 0.57 0.59 0.71 0.88 0.67 0.67 0.66 0.57 0.29 0.25 0.27 0.14 0.14 0.17 0.22 0.27 0.19 0.29 0.45 0.28 0.23 0.26 0.30 0.27 0.29 0.28 0.44 0.46 0.59 0.64 0.64 0.71 0.70 0.67 0.59 0.49 0.31 0.49 0.53 0.51 0.49 0.38 0.27 0.18 0.09 0.01 0.00
1.40 3.23 1.41 0.96 1.09 0.99 0.98 0.57 0.83 2.33 2.82 1.61 2.42 0.99 0.74 0.99 0.97 1.48 1.68 1.50 2.33 1.75 1.63 1.57 1.06 1.06 1.28 1.33 1.42 1.48 0.79 0.55 0.71 0.67 0.61 0.45 0.51 0.65 0.85 1.06 0.80 0.52 0.64 0.79 0.56 0.42 0.32 0.23 0.19 0.16 0.21 0.25 0.20 0.28 0.36 0.36 0.27 0.33 0.26 0.28 0.35 0.34 0.44 0.53 0.48 0.54 0.63 0.73 0.74 0.61 0.54 0.33 0.35 0.52 0.54 0.51 0.43 0.41 0.31 0.21 0.15 0.06 0.04
1.19 1.10 1.48 1.67 1.79 1.79 1.23 1.22 0.73 1.28 1.53 3.62 1.70 0.85 0.47 1.02 2.01 0.93 1.78 1.35 1.50 2.29 2.06 1.34 1.37 1.09 1.17 1.25 1.37 1.68 1.33 0.70 0.51 0.14 0.55 0.47 0.47 0.67 0.87 0.94 0.69 0.54 0.80 0.89 0.62 0.40 0.43 0.27 0.20 0.19 0.16 0.22 0.25 0.35 0.41 0.43 0.29 0.31 0.23 0.24 0.29 0.35 0.42 0.54 0.59 0.53 0.55 0.84 0.75 0.67 0.55 0.39 0.46 0.47 0.52 0.50 0.41 0.44 0.28 0.21 0.16 0.13 0.08
1.52 1.30 0.79 2.20 5.46 2.87 2.26 1.63 1.38 1.37 1.54 1.89 2.38 1.02 0.90 1.56 2.04 1.82 1.24 1.29 1.22 1.44 2.25 1.31 2.09 1.76 0.76 1.54 1.43 1.72 1.59 0.62 0.19 0.53 0.59 0.30 0.58 0.88 0.94 1.12 0.99 0.98 0.77 0.66 0.84 0.29 0.49 0.27 0.25 0.24 0.21 0.26 0.31 0.36 0.37 0.43 0.33 0.32 0.13 0.30 0.28 0.31 0.44 0.46 0.58 0.51 0.60 0.80 0.86 0.65 0.45 0.55 0.62 0.53 0.52 0.53 0.55 0.50 0.40 0.25 0.19 0.17 0.12
1.15 0.97 0.74 0.79 1.36 4.82 3.22 2.57 1.68 1.53 1.90 1.41 2.56 3.02 1.74 1.89 2.17 1.84 1.23 1.33 0.90 1.74 1.68 1.46 2.48 2.04 1.43 1.85 1.51 1.07 1.42 0.80 0.40 0.46 0.91 0.76 0.49 0.80 0.93 0.90 0.95 1.16 1.03 0.64 0.86 0.52 0.47 0.38 0.36 0.24 0.18 0.30 0.37 0.44 0.49 0.58 0.43 0.29 0.78 0.22 0.32 0.40 0.49 0.47 0.54 0.55 0.70 0.83 0.86 0.59 0.60 0.64 0.60 0.50 0.48 0.69 0.57 0.46 0.34 0.28 0.27 0.27 0.15
1.93 1.10 0.84 1.85 0.92 1.51 4.24 6.70 3.38 1.58 1.64 2.37 2.71 1.61 3.83 2.18 2.08 1.75 1.73 1.60 1.68 0.40 0.90 2.25 2.50 2.25 1.59 1.11 1.81 1.44 1.22 0.89 0.49 0.17 0.60 0.76 0.36 0.54 0.65 0.86 1.10 1.59 0.97 0.65 0.52 0.47 0.67 0.50 0.39 0.20 0.04 0.21 0.41 0.36 0.42 0.42 0.45 0.47 0.26 0.22 0.35 0.48 0.53 0.45 0.48 0.66 0.82 0.70 0.70 0.66 0.70 0.62 0.62 0.58 0.61 0.67 0.54 0.49 0.38 0.35 0.34 0.27 0.12
1.74 1.86 1.55 1.30 2.76 1.02 0.86 2.17 4.31 1.37 1.71 2.10 2.89 2.50 1.79 4.57 2.34 1.88 2.83 2.59 1.65 2.05 1.66 1.73 2.75 2.24 1.66 1.75 1.18 1.60 1.70 0.99 0.89 0.22 0.47 1.12 0.77 0.23 0.25 0.76 1.11 1.49 1.08 0.63 0.63 0.55 0.66 0.61 0.49 0.23 0.16 0.28 0.34 0.51 0.62 0.41 0.60 0.64 0.35 0.50 0.40 0.37 0.50 0.56 0.58 0.79 0.70 0.64 0.84 0.79 0.71 0.69 0.58 0.76 0.81 0.76 0.61 0.45 0.44 0.41 0.33 0.20 0.06
1.35 2.00 1.89 1.44 1.26 2.40 1.33 0.81 2.14 2.60 1.54 2.05 4.30 10.13 6.90 4.30 6.00 2.41 1.87 2.43 2.12 4.49 2.30 1.68 1.56 2.74 2.48 2.00 1.83 1.84 1.49 1.30 1.14 0.49 0.55 0.40 1.31 0.31 0.22 0.30 1.15 1.73 1.11 0.74 0.91 0.80 0.80 0.71 0.48 0.44 0.28 0.30 0.32 0.41 0.63 0.60 0.54 0.55 0.37 0.46 0.44 0.49 0.55 0.46 0.73 0.89 0.62 0.73 0.78 0.78 0.75 0.62 0.65 0.77 0.80 0.78 0.60 0.54 0.51 0.41 0.24 0.15 0.06
1.75 2.03 1.55 1.43 1.68 1.45 1.38 2.01 1.21 1.33 1.80 4.66 5.56 13.92 14.99 13.51 5.93 3.01 1.75 2.19 2.51 3.52 5.27 2.27 1.38 0.94 2.20 2.36 2.36 1.57 1.91 1.44 1.35 1.13 0.82 0.63 0.69 0.56 0.63 0.63 0.99 1.81 0.84 1.12 1.10 0.78 0.71 0.86 0.57 0.58 0.39 0.37 0.40 0.60 0.86 0.94 0.99 0.82 0.34 0.20 0.42 0.44 0.57 0.62 0.77 0.48 0.81 0.78 0.95 0.80 0.75 0.65 0.69 0.78 0.91 0.65 0.53 0.45 0.46 0.46 0.23 0.22 0.17
1.59 1.36 1.32 1.43 1.40 1.47 1.54 1.43 1.37 1.83 1.89 1.63 3.00 2.07 6.23 12.00 15.26 7.28 2.38 5.20 3.05 4.88 4.46 5.22 1.32 0.95 2.47 3.34 2.68 2.09 1.79 1.46 1.38 1.02 0.79 0.70 0.81 0.79 0.83 1.69 1.36 1.95 1.29 1.22 1.39 0.96 0.57 0.89 0.62 0.51 0.57 0.72 0.55 0.75 0.95 1.06 1.34 0.87 0.48 0.27 0.49 0.47 0.51 0.54 0.89 1.09 0.83 0.90 1.04 1.00 0.86 0.74 0.69 0.84 0.66 0.60 0.58 0.43 0.39 0.33 0.24 0.22 0.23
1.09 1.26 1.44 2.29 1.37 2.06 1.42 1.81 1.96 2.08 2.21 2.27 1.35 4.23 3.47 7.38 15.96 20.82 8.87 4.66 2.88 6.60 9.11 4.98 4.75 2.89 3.20 2.85 2.23 2.20 1.56 1.26 1.07 0.90 0.87 0.81 0.95 0.88 1.07 1.23 1.08 1.18 2.42 1.70 1.40 0.85 0.39 1.00 0.67 0.65 0.74 0.64 0.55 0.81 1.12 1.14 0.94 0.75 0.71 0.53 0.49 0.46 0.59 0.48 0.45 0.00 0.84 0.92 1.24 1.09 0.91 0.87 0.73 0.80 0.61 0.61 0.54 0.43 0.37 0.26 0.26 0.10 0.31
1.53 1.51 1.03 1.59 2.13 2.39 1.98 1.69 1.14 1.62 1.45 2.09 2.48 2.23 4.43 5.01 8.39 17.71 14.74 5.12 3.74 2.71 6.72 8.80 3.32 4.74 5.30 2.63 2.75 2.43 1.76 1.28 1.22 1.21 0.95 1.07 1.51 0.83 1.01 1.08 1.07 0.98 1.34 2.03 1.10 0.45 0.79 0.91 0.78 0.96 0.79 0.53 0.74 1.07 1.18 1.00 0.36 0.81 0.58 0.56 0.59 0.51 0.48 0.55 0.21 0.00 0.77 0.73 0.85 1.14 0.89 0.91 0.63 0.70 0.73 0.55 0.44 0.40 0.24 0.21 0.34 0.27 0.32
1.32 1.35 2.15 1.06 0.88 2.81 2.71 1.49 1.82 2.01 1.65 1.59 2.13 3.60 2.94 5.02 6.37 15.32 15.62 9.84 5.47 3.70 4.29 7.83 6.09 6.32 5.57 4.15 1.98 2.17 1.09 1.59 1.29 1.17 0.97 1.01 0.88 0.76 1.02 1.27 1.31 1.13 3.24 4.65 1.87 0.81 0.97 1.40 0.76 0.86 0.62 0.42 0.61 0.94 0.97 0.61 0.26 0.32 0.21 0.21 0.67 0.51 0.40 0.60 0.75 0.84 0.91 0.81 1.07 1.24 1.07 0.87 0.83 0.72 0.63 0.61 0.61 0.32 0.45 0.43 0.43 0.43 0.31
1.43 1.45 1.26 1.10 1.99 1.49 1.84 3.23 2.51 1.98 1.73 1.92 3.10 5.33 10.43 6.38 4.86 8.68 12.48 8.75 10.11 7.73 6.80 7.46 9.87 6.10 10.08 8.61 4.78 1.69 0.56 1.65 1.41 0.91 0.65 0.66 1.03 1.01 0.98 1.24 1.37 1.33 5.17 3.36 1.98 1.84 1.70 1.10 0.58 0.84 0.17 0.36 0.35 0.53 0.65 0.24 0.19 0.10 0.48 0.24 0.81 0.64 0.45 0.58 0.67 0.85 0.84 0.80 1.02 1.26 1.11 0.88 0.92 0.88 0.80 0.55 0.45 0.57 0.46 0.57 0.49 0.36 0.15
2.63 1.81 1.55 1.61 1.61 1.22 2.65 1.67 2.72 3.07 1.75 1.90 6.21 3.28 5.37 11.37 8.56 7.48 7.77 9.55 11.63 12.33 7.47 3.85 4.26 11.26 9.04 6.60 10.34 4.47 0.95 0.63 0.74 0.97 0.92 1.05 1.13 0.60 1.42 1.42 1.24 1.53 4.98 2.90 2.39 2.62 2.11 1.86 1.56 1.05 0.47 0.02 0.41 0.21 0.25 0.55 0.49 1.08 0.72 0.55 0.33 0.64 0.62 0.59 0.57 0.90 0.77 0.88 1.06 1.32 1.29 0.90 0.83 0.79 0.52 0.65 0.62 0.55 0.47 0.40 0.41 0.16 0.15
5.00 3.24 2.74 2.17 1.69 1.88 1.89 2.09 2.91 1.67 3.37 3.66 2.77 2.25 2.14 5.33 11.83 15.14 10.15 8.98 9.87 13.48 10.86 9.42 4.41 6.14 7.57 7.97 11.47 7.18 3.45 0.92 1.07 1.03 0.79 0.96 1.10 0.41 0.72 2.03 1.68 2.05 3.95 1.44 2.79 2.49 2.54 1.80 1.20 1.12 0.56 0.20 0.61 0.59 0.46 0.91 0.59 1.70 1.12 0.76 0.90 0.86 0.71 0.71 0.73 0.74 0.95 1.01 0.88 1.20 1.16 1.23 0.71 0.37 0.34 0.65 0.69 0.63 0.41 0.46 0.33 0.11 0.29
6.34 5.82 3.67 2.69 3.66 3.74 3.60 2.52 2.08 2.50 3.84 3.49 2.35 2.92 2.15 3.67 2.89 4.96 12.31 12.24 9.19 10.56 10.58 7.17 7.36 6.62 7.19 10.20 13.03 10.82 6.86 2.05 1.18 0.95 0.83 1.22 0.87 0.51 1.12 1.90 1.89 1.93 1.79 1.59 2.55 2.17 1.23 1.09 0.55 1.19 1.58 0.71 1.10 0.56 0.53 0.98 0.52 0.77 1.07 1.36 1.02 0.85 0.72 0.71 0.77 0.73 0.94 1.12 0.91 1.77 1.14 0.83 0.34 0.70 0.84 0.82 0.57 0.65 0.57 0.38 0.14 0.22 0.30
2.61 2.26 3.85 3.78 3.94 4.43 4.13 3.55 4.04 2.37 2.73 2.26 1.80 2.06 3.35 3.13 2.49 2.25 2.83 16.19 12.73 8.46 6.03 7.12 9.34 9.51 7.77 7.82 10.48 9.68 9.04 4.30 0.68 1.22 0.93 1.06 0.62 0.93 1.07 1.98 1.69 2.22 1.53 1.32 2.04 1.39 1.15 1.39 0.85 0.42 0.51 0.59 0.50 0.63 0.88 0.23 0.21 0.70 0.69 0.79 1.05 1.03 0.86 0.60 0.53 0.77 0.93 1.03 1.20 1.16 1.05 0.68 0.92 0.79 0.78 0.64 0.49 0.42 0.36 0.11 0.17 0.34 0.42
2.20 2.62 2.64 3.41 4.08 6.74 5.73 4.15 2.37 2.14 4.09 2.95 2.15 2.11 3.97 3.54 3.03 3.31 3.41 9.53 14.58 14.22 9.71 7.95 13.20 10.83 9.94 9.38 9.77 8.85 7.41 5.01 2.55 1.48 1.14 0.77 1.72 1.14 1.38 0.96 1.59 0.67 1.03 1.22 1.78 1.60 1.24 1.23 0.85 0.48 0.82 0.68 0.54 0.34 0.46 0.33 0.08 0.16 0.12 0.50 1.22 1.06 1.02 0.83 0.72 0.80 1.00 1.06 1.53 1.24 1.19 0.98 0.96 0.72 0.79 0.66 0.52 0.86 0.58 0.09 0.39 0.19 0.24
5.91 5.25 2.78 2.19 3.84 8.82 9.24 6.83 3.43 4.99 5.41 6.30 6.25 3.74 3.52 3.68 3.57 3.95 4.70 6.47 8.87 13.63 17.80 11.85 9.76 8.96 8.98 7.06 12.61 9.76 3.77 4.10 3.96 2.61 1.22 1.30 1.19 1.39 0.96 0.69 1.28 1.03 0.94 1.15 2.04 1.30 1.22 1.32 0.65 0.73 1.06 0.33 0.23 0.32 0.59 0.40 0.30 0.24 0.12 0.31 0.39 1.43 1.10 0.88 0.82 0.90 1.10 1.41 1.14 1.23 1.18 1.01 0.99 0.67 0.56 0.65 0.53 0.61 0.33 0.25 0.33 0.02 0.10
5.72 3.83 4.55 4.82 3.20 2.21 5.04 11.03 6.73 6.95 7.46 6.74 6.44 5.73 3.68 3.58 3.29 3.53 4.72 7.64 8.99 9.99 11.31 7.92 9.06 8.18 6.23 6.02 6.47 8.30 6.34 5.40 6.33 4.34 2.39 1.92 1.52 1.60 1.31 0.53 1.41 1.67 1.49 1.43 2.04 1.55 1.50 1.48 0.84 0.63 0.08 0.05 0.19 0.34 0.48 0.30 0.58 0.27 0.16 0.28 0.36 0.56 1.02 0.92 0.85 1.11 0.94 1.23 1.29 1.42 1.30 1.19 0.92 0.53 0.49 0.35 0.47 0.08 0.33 0.07 0.08 0.19 0.18
