24h/PH_20111105010000.asc
NCOLS 95
NROWS 110
XLLCENTER 939500
YLLCENTER 1831500
CELLSIZE 1000
NODATA_VALUE -999
[rows 0 to 36 of 110, columns 0 to 83 of 95]
1.62 1.60 1.56 1.47 1.42 1.24 1.28 1.40 1.54 1.57 1.53 1.53 1.51 1.14 1.27 1.44 1.63 1.38 1.05 1.23 1.53 1.08 1.28 1.29 0.93 0.79 0.87 0.62 0.66 0.78 0.72 0.84 0.66 0.50 0.33 0.37 0.37 0.39 0.48 0.53 0.40 0.20 0.21 0.37 0.36 0.40 0.35 0.36 0.45 0.48 0.47 0.49 0.40 0.29 0.26 0.18 0.19 0.16 0.09 0.12 0.07 0.15 0.08 0.41 0.41 0.46 0.48 0.54 0.58 0.63 0.64 0.60 0.58 0.51 0.55 0.59 0.67 0.69 0.66 0.67 0.46 0.26 0.08 0.12
1.50 1.59 1.48 1.46 1.53 1.48 1.25 1.39 1.47 1.66 1.56 1.68 1.46 1.31 1.16 1.29 1.09 1.41 1.43 1.02 1.46 1.48 1.43 0.87 0.76 0.85 0.85 0.64 0.59 0.68 0.75 0.75 0.68 0.47 0.43 0.40 0.40 0.48 0.44 0.44 0.41 0.25 0.20 0.36 0.49 0.49 0.42 0.43 0.39 0.43 0.44 0.39 0.40 0.30 0.26 0.20 0.21 0.22 0.09 0.08 0.19 0.14 0.06 0.36 0.33 0.49 0.52 0.65 0.65 0.72 0.71 0.66 0.64 0.64 0.56 0.65 0.71 0.70 0.75 0.64 0.42 0.25 0.12 0.16
1.53 1.57 1.54 1.43 1.51 1.51 1.43 1.30 1.42 1.70 1.76 1.69 1.68 1.52 1.53 0.99 1.16 1.25 1.51 1.37 1.41 1.36 1.43 1.25 1.10 0.72 0.72 0.66 0.61 0.67 0.89 0.57 0.56 0.54 0.44 0.37 0.44 0.46 0.51 0.45 0.43 0.31 0.17 0.37 0.52 0.43 0.43 0.31 0.34 0.40 0.50 0.40 0.39 0.27 0.20 0.18 0.23 0.18 0.12 0.16 0.29 0.16 0.15 0.35 0.35 0.61 0.60 0.67 0.72 0.86 0.74 0.76 0.70 0.64 0.68 0.63 0.64 0.64 0.81 0.64 0.44 0.29 0.17 0.16
1.25 1.57 1.50 1.48 1.49 1.29 1.59 1.44 1.45 1.67 1.93 1.78 1.72 1.76 1.65 1.52 1.08 1.05 1.57 1.13 1.21 1.32 1.29 1.05 1.07 0.91 0.90 0.77 0.74 0.85 0.80 0.82 0.60 0.43 0.49 0.31 0.44 0.48 0.53 0.55 0.44 0.39 0.25 0.38 0.37 0.36 0.34 0.38 0.36 0.44 0.54 0.42 0.39 0.27 0.19 0.17 0.21 0.24 0.08 0.23 0.22 0.37 0.25 0.33 0.40 0.54 0.71 0.78 0.77 0.89 0.76 0.76 0.66 0.60 0.66 0.65 0.65 0.80 0.79 0.58 0.50 0.43 0.35 0.27
1.12 1.20 1.52 1.48 1.59 1.35 1.42 1.64 1.60 1.67 1.75 1.87 1.81 1.90 1.75 1.52 1.59 1.21 1.33 1.18 1.06 0.99 1.26 1.20 1.09 1.08 0.97 0.88 0.77 0.60 0.66 0.61 0.65 0.39 0.54 0.48 0.43 0.55 0.56 0.55 0.41 0.36 0.29 0.32 0.37 0.35 0.34 0.36 0.39 0.40 0.52 0.38 0.34 0.24 0.19 0.18 0.23 0.31 0.26 0.18 0.34 0.39 0.37 0.32 0.47 0.57 0.72 0.74 0.90 0.77 0.80 0.71 0.75 0.73 0.73 0.76 0.72 0.93 0.69 0.71 0.64 0.57 0.46 0.36
1.43 1.10 1.24 1.54 1.60 1.26 1.10 1.70 1.77 1.85 1.72 1.78 2.02 1.91 1.76 1.64 1.63 1.30 1.44 1.17 1.28 0.72 1.27 1.02 1.13 1.06 0.79 0.88 0.75 0.92 0.76 0.68 0.78 0.57 0.42 0.43 0.42 0.43 0.47 0.53 0.41 0.31 0.35 0.38 0.32 0.28 0.22 0.32 0.38 0.45 0.44 0.47 0.31 0.27 0.18 0.18 0.26 0.32 0.24 0.31 0.34 0.40 0.25 0.30 0.57 0.74 0.71 0.81 0.81 0.83 0.64 0.70 0.75 0.76 0.70 0.74 0.83 0.79 0.76 0.68 0.71 0.66 0.54 0.42
1.25 1.23 1.25 1.58 1.65 1.50 1.54 1.42 1.92 1.67 1.82 1.82 2.01 1.94 1.81 1.65 1.69 1.59 1.11 0.89 1.48 0.96 0.91 1.10 1.21 1.23 0.64 0.70 0.86 0.70 0.79 0.59 0.72 0.57 0.39 0.50 0.44 0.51 0.55 0.65 0.64 0.51 0.20 0.40 0.33 0.21 0.23 0.35 0.35 0.48 0.48 0.43 0.30 0.24 0.16 0.20 0.23 0.13 0.27 0.32 0.23 0.40 0.39 0.26 0.55 0.75 0.61 0.86 0.75 0.70 0.60 0.56 0.72 0.67 0.67 0.71 0.80 0.72 0.70 0.76 0.67 0.57 0.53 0.39
1.26 1.00 1.25 1.64 1.70 1.56 1.59 0.95 1.03 2.00 2.06 2.10 2.09 2.07 1.76 1.79 1.76 1.74 1.50 1.12 1.21 1.11 1.20 1.33 1.13 1.17 0.63 0.53 0.88 0.91 0.94 0.90 0.84 0.58 0.45 0.58 0.52 0.57 0.58 0.62 0.62 0.42 0.32 0.38 0.40 0.31 0.29 0.35 0.33 0.43 0.50 0.49 0.37 0.31 0.25 0.23 0.32 0.39 0.16 0.34 0.40 0.39 0.32 0.45 0.60 0.75 0.65 0.64 0.69 0.52 0.55 0.61 0.71 0.67 0.60 0.81 0.72 0.67 0.74 0.82 0.67 0.53 0.43 0.32
1.20 0.96 1.09 1.70 1.71 1.50 1.76 0.92 1.23 1.65 2.20 2.17 2.29 2.23 1.91 1.84 1.76 1.85 1.65 1.38 1.23 1.23 1.44 1.06 1.27 1.13 0.65 0.47 0.78 1.61 1.18 0.87 0.57 0.68 0.41 0.59 0.58 0.47 0.55 0.53 0.44 0.38 0.22 0.35 0.42 0.32 0.27 0.42 0.33 0.32 0.44 0.45 0.33 0.28 0.24 0.20 0.31 0.36 0.19 0.39 0.36 0.20 0.31 0.45 0.45 0.62 0.78 0.83 0.53 0.49 0.55 0.56 0.61 0.63 0.73 0.76 0.75 0.67 0.81 0.69 0.66 0.60 0.44 0.35
0.87 1.27 1.03 0.97 1.42 1.00 1.17 1.39 1.08 1.07 1.27 2.16 2.42 2.13 2.13 1.90 1.87 1.64 1.75 1.51 1.16 1.29 1.63 1.26 1.17 0.95 0.85 0.56 0.37 0.57 0.87 1.19 1.17 0.62 0.55 0.60 0.66 0.72 0.70 0.55 0.49 0.30 0.11 0.40 0.48 0.35 0.30 0.41 0.30 0.39 0.40 0.46 0.37 0.26 0.23 0.33 0.36 0.29 0.21 0.41 0.37 0.33 0.29 0.40 0.49 0.64 0.63 0.67 0.68 0.50 0.48 0.61 0.72 0.60 0.83 0.75 0.67 0.68 0.74 0.83 0.74 0.63 0.50 0.48
1.06 0.99 1.14 1.21 1.31 1.39 0.75 1.00 1.66 1.11 1.06 1.28 2.52 2.39 2.40 2.16 1.87 1.90 1.71 1.71 1.56 1.69 1.48 1.09 1.05 1.01 0.81 0.55 0.60 0.53 0.92 1.27 0.87 2.08 0.53 0.28 0.76 0.69 0.58 0.56 0.48 0.41 0.39 0.46 0.45 0.34 0.28 0.33 0.27 0.35 0.44 0.37 0.31 0.29 0.31 0.35 0.44 0.28 0.33 0.43 0.43 0.32 0.31 0.35 0.56 0.59 0.65 0.66 0.67 0.68 0.71 0.55 0.69 0.52 0.58 0.68 0.67 0.71 0.77 0.84 0.75 0.70 0.75 0.48
1.44 1.22 0.99 1.10 1.22 1.22 1.16 0.86 1.19 1.63 0.96 1.10 1.40 2.93 2.40 2.28 2.32 1.82 1.74 1.79 1.69 1.64 1.63 1.08 0.87 0.96 0.75 0.72 0.78 0.46 0.85 1.16 0.82 0.71 0.50 0.38 0.61 0.66 0.53 0.62 0.67 0.52 0.51 0.46 0.47 0.36 0.29 0.28 0.24 0.31 0.43 0.43 0.33 0.33 0.38 0.49 0.58 0.42 0.32 0.44 0.30 0.36 0.33 0.40 0.59 0.64 0.72 0.71 0.66 0.54 0.53 0.74 0.45 0.61 0.63 0.59 0.61 0.64 0.79 0.77 0.79 0.80 0.79 0.51
1.43 1.08 1.05 0.80 1.33 1.42 1.28 1.14 0.71 0.99 1.72 2.46 2.79 1.68 2.07 2.37 2.05 1.92 2.03 1.86 1.68 1.90 1.63 1.36 1.21 0.65 0.93 0.83 0.78 0.94 0.55 0.58 1.00 0.73 0.48 0.31 0.47 0.88 0.74 0.66 0.54 0.42 0.46 0.36 0.34 0.32 0.28 0.29 0.30 0.37 0.43 0.55 0.42 0.32 0.43 0.38 0.45 0.53 0.44 0.40 0.25 0.37 0.36 0.42 0.45 0.63 0.71 0.60 0.55 0.53 0.51 0.64 0.96 0.60 0.57 0.73 0.71 0.71 0.79 0.72 0.76 0.77 0.62 0.54
1.20 1.03 1.01 1.27 0.90 1.22 2.06 1.59 1.41 0.85 3.00 3.13 2.93 1.07 1.27 2.61 2.21 2.18 2.26 1.99 1.90 2.00 1.93 1.31 1.24 0.95 1.12 0.93 0.97 1.63 0.71 0.73 0.66 0.73 0.49 0.44 0.48 1.17 0.80 0.71 0.57 0.51 0.54 0.25 0.36 0.39 0.32 0.33 0.40 0.40 0.46 0.56 0.44 0.42 0.36 0.48 0.43 0.50 0.40 0.25 0.32 0.34 0.40 0.34 0.37 0.54 0.64 0.58 0.55 0.53 0.55 0.58 0.70 0.71 0.70 0.72 0.71 0.75 0.67 0.65 0.78 0.73 0.60 0.49
0.87 1.30 1.14 1.09 1.11 1.19 1.62 3.51 1.58 1.19 1.98 2.67 1.88 1.12 1.95 1.34 2.23 2.31 2.19 2.52 2.18 1.91 1.99 1.46 1.08 1.14 0.93 0.91 0.82 0.77 0.81 0.86 0.97 0.98 0.76 0.50 0.51 1.13 0.89 0.52 0.48 0.55 0.55 0.42 0.44 0.27 0.35 0.41 0.45 0.44 0.51 0.55 0.48 0.33 0.35 0.35 0.28 0.40 0.38 0.26 0.25 0.37 0.43 0.40 0.42 0.51 0.62 0.52 0.40 0.41 0.48 0.56 0.54 0.66 0.68 0.72 0.79 0.74 0.70 0.67 0.65 0.78 0.66 0.55
1.94 1.00 1.05 3.56 1.26 0.70 1.80 2.52 4.88 1.47 1.58 3.23 2.96 1.27 1.38 2.11 0.82 1.87 2.23 1.97 3.24 2.68 1.95 1.53 1.13 1.38 1.02 0.94 0.85 1.02 1.50 0.55 0.68 0.78 0.64 0.53 0.41 0.39 0.44 0.46 0.49 0.33 0.37 0.35 0.42 0.45 0.35 0.42 0.40 0.45 0.56 0.54 0.42 0.32 0.47 0.26 0.27 0.40 0.42 0.35 0.25 0.27 0.34 0.40 0.49 0.54 0.54 0.44 0.47 0.42 0.52 0.45 0.57 0.68 0.68 0.70 0.73 0.70 0.82 0.74 0.70 0.89 0.67 0.53
1.04 1.75 1.34 2.31 2.36 0.99 1.37 5.10 2.63 3.41 2.33 3.44 3.31 1.60 1.48 1.24 2.33 1.10 1.87 2.17 2.00 1.73 1.36 1.51 1.26 0.95 1.00 0.74 0.80 0.99 1.06 0.79 0.55 0.62 0.61 0.50 0.51 0.48 0.44 0.37 0.39 0.29 0.29 0.42 0.39 0.40 0.45 0.49 0.48 0.54 0.38 0.42 0.37 0.25 0.27 0.35 0.18 0.36 0.43 0.40 0.30 0.25 0.30 0.39 0.48 0.62 0.51 0.44 0.47 0.44 0.58 0.55 0.71 0.73 0.85 0.73 0.64 0.73 0.83 0.98 0.91 0.79 0.80 0.57
0.95 1.06 1.13 1.21 0.94 3.02 1.60 1.60 3.66 2.54 4.16 3.71 3.68 1.02 1.64 1.56 2.90 2.71 1.64 2.14 1.94 1.65 1.90 1.67 1.65 1.07 0.96 0.77 0.56 0.92 1.73 1.29 0.59 0.60 0.57 0.62 0.54 0.50 0.42 0.36 0.51 0.38 0.32 0.50 0.43 0.48 0.54 0.53 0.51 0.57 0.50 0.40 0.34 0.31 0.31 0.40 0.40 0.42 0.47 0.41 0.42 0.35 0.28 0.41 0.45 0.58 0.53 0.52 0.55 0.57 0.52 0.53 0.70 0.73 0.92 0.76 0.73 0.71 0.94 1.05 0.92 0.84 0.98 0.74
1.16 1.29 1.05 0.68 1.49 1.56 3.51 4.28 2.39 5.56 2.83 3.04 3.74 1.88 1.72 3.67 3.05 2.32 2.50 2.36 1.45 1.66 2.35 1.98 1.98 1.16 0.92 0.72 0.74 1.03 1.98 2.92 1.56 1.18 0.54 0.41 0.56 0.51 0.50 0.59 0.57 0.51 0.54 0.51 0.61 0.78 0.59 0.48 0.44 0.56 0.49 0.42 0.43 0.44 0.61 0.53 0.42 0.47 0.52 0.51 0.47 0.43 0.37 0.35 0.50 0.65 0.64 0.67 0.72 0.63 0.52 0.62 0.75 0.90 0.91 0.86 0.96 0.84 0.80 0.92 0.87 0.87 0.97 0.80
1.26 1.15 1.22 1.12 1.42 3.44 3.04 3.07 5.12 4.27 2.31 3.70 3.58 7.73 4.25 3.52 2.54 3.06 2.19 1.93 1.72 1.31 1.83 2.02 1.73 1.41 1.03 0.96 0.96 1.04 1.31 2.76 1.94 2.00 1.32 0.69 0.23 0.62 1.25 0.88 0.77 0.42 0.45 0.55 0.67 0.52 0.56 0.46 0.43 0.54 0.53 0.72 0.55 0.56 0.64 0.70 0.51 0.42 0.31 0.49 0.54 0.55 0.50 0.38 0.49 0.66 0.85 0.82 0.48 0.51 0.55 0.69 0.87 0.94 0.98 0.94 0.98 1.12 0.85 0.78 0.98 1.01 1.20 0.85
0.92 1.33 1.26 0.99 1.18 2.09 4.34 5.20 3.63 4.00 3.24 3.68 4.97 8.07 11.37 4.18 3.67 3.33 4.60 2.56 2.03 0.58 0.79 1.65 1.56 1.38 1.66 1.30 1.21 1.44 2.18 4.08 4.43 1.51 1.03 0.75 0.47 0.70 1.07 0.96 0.85 0.71 0.46 0.64 0.77 0.62 0.63 0.47 0.58 0.60 0.35 0.90 0.55 0.66 0.72 0.57 0.52 0.38 0.40 0.22 0.59 0.73 0.59 0.51 0.53 0.64 0.84 0.82 0.65 0.50 0.54 0.69 0.87 0.96 1.17 1.00 1.00 1.02 1.00 1.03 1.13 1.20 1.02 0.94
0.74 1.18 1.07 1.03 1.00 1.09 1.20 4.29 10.20 3.64 3.14 3.64 5.67 10.37 16.45 12.47 5.10 1.38 4.30 3.59 3.28 2.65 0.84 0.84 1.71 1.49 1.27 1.58 1.45 1.62 2.36 2.02 3.68 1.34 0.99 0.84 0.52 0.48 0.58 1.36 0.95 0.92 0.94 0.62 0.76 0.92 0.69 0.70 0.80 0.86 0.82 0.92 0.89 0.57 0.38 0.50 0.47 0.39 0.39 0.36 0.77 0.93 0.75 0.61 0.60 0.71 0.77 0.69 0.60 0.60 0.59 0.62 0.69 0.98 1.10 0.96 1.31 1.13 1.04 1.16 1.27 1.01 1.04 1.09
0.74 0.80 0.67 0.62 1.14 0.77 1.09 0.76 3.18 10.24 6.18 11.95 14.46 22.02 22.26 14.93 13.07 4.39 3.20 2.66 2.74 5.90 2.95 0.98 0.99 1.96 1.23 1.59 1.45 1.83 2.25 2.38 3.35 2.47 2.03 1.39 0.66 0.66 0.56 0.97 1.43 2.00 0.79 0.51 0.55 1.04 0.97 0.85 0.86 0.91 1.19 1.24 1.00 0.63 0.58 0.50 0.54 0.34 0.39 0.44 0.92 1.01 0.75 0.73 0.84 0.98 1.10 0.83 0.66 0.62 0.69 0.74 0.78 0.89 0.92 0.92 1.23 1.18 1.25 1.26 1.12 1.05 1.28 1.30
0.77 0.76 0.79 0.59 0.65 0.87 0.92 0.66 0.92 3.16 7.63 11.09 12.52 23.20 25.82 24.65 13.97 8.14 3.70 1.54 3.60 3.33 5.31 1.71 0.78 0.68 2.00 1.54 1.92 1.45 2.07 2.50 1.85 1.88 1.50 1.53 1.33 1.53 0.38 0.78 1.65 1.73 0.78 0.56 0.75 1.07 1.13 0.93 0.98 0.71 0.88 0.86 0.65 0.52 1.00 0.58 0.60 0.52 0.47 0.89 0.67 0.78 0.68 0.57 0.75 1.22 1.20 0.77 0.69 0.71 0.80 0.87 0.87 0.73 1.28 1.25 1.10 1.05 1.20 1.50 1.29 1.29 1.60 1.12
0.95 0.96 0.94 0.60 0.69 0.60 0.84 0.71 2.02 4.06 3.87 10.82 15.53 13.20 24.47 28.23 24.66 11.69 5.09 3.20 3.08 3.44 2.77 1.69 1.74 1.14 1.98 1.28 0.69 1.67 1.34 1.57 1.68 1.75 1.71 1.75 1.46 1.27 0.77 0.68 1.26 1.38 1.17 1.03 0.60 1.14 0.65 1.20 0.77 0.77 0.85 0.66 0.80 0.90 0.88 0.78 0.83 0.69 0.48 0.47 0.52 0.50 0.65 0.66 0.79 1.46 1.33 0.92 0.84 0.84 0.74 0.96 0.98 0.79 1.35 1.09 1.16 1.07 0.87 1.20 1.45 1.62 1.82 1.34
1.09 0.96 0.78 0.73 0.75 0.80 1.39 0.56 2.26 2.78 6.33 3.08 8.66 20.10 18.06 28.07 25.57 16.95 8.90 7.91 2.32 1.80 1.63 1.16 2.04 2.51 1.95 1.29 1.34 0.95 1.25 1.69 2.21 1.99 1.49 1.86 1.53 1.23 0.88 0.86 0.79 1.16 0.81 1.16 0.90 1.09 0.40 0.98 1.14 0.98 1.00 0.90 0.91 1.06 0.62 0.79 0.73 0.76 0.69 0.85 0.89 0.59 0.62 0.54 0.78 0.32 1.02 1.10 1.39 1.03 0.94 0.79 1.08 1.15 1.25 1.33 1.19 1.57 1.18 1.29 1.61 1.85 1.95 1.12
1.56 1.25 0.97 0.93 1.19 1.41 1.12 1.01 1.45 3.17 3.87 4.94 4.47 10.47 18.18 22.44 28.40 21.02 13.69 7.46 4.84 2.15 1.60 2.03 1.60 1.77 1.76 4.64 4.73 1.42 1.36 2.04 2.89 2.17 1.98 3.05 1.42 1.20 1.21 1.16 1.17 1.37 0.79 1.50 1.05 0.64 0.19 1.38 1.51 1.49 1.52 1.27 1.65 1.29 0.96 0.53 0.18 0.54 0.58 0.98 0.99 1.13 0.81 0.77 1.08 0.58 0.63 1.35 1.20 1.18 0.79 0.73 0.83 1.33 1.36 1.31 1.50 1.72 1.38 1.68 1.87 1.91 1.11 2.07
1.21 1.49 1.46 1.45 0.96 0.86 1.75 1.68 1.69 2.24 3.23 3.74 3.00 5.56 11.31 22.76 23.19 20.89 15.54 10.35 5.39 3.64 2.02 3.28 2.17 1.73 4.03 2.56 4.91 1.91 1.87 2.63 2.75 2.07 3.00 2.85 2.19 1.68 1.17 1.22 1.77 1.75 1.23 0.91 1.42 0.87 0.99 1.41 1.38 1.15 1.69 1.25 1.56 1.35 1.08 0.71 0.19 0.14 0.25 0.58 0.97 1.01 0.73 0.64 0.97 0.98 1.16 1.25 1.37 1.43 1.37 0.78 1.20 1.53 1.51 1.36 1.81 1.61 1.52 0.94 1.41 1.16 1.80 2.12
1.07 0.72 0.78 1.32 1.57 0.93 0.92 1.70 1.66 2.38 2.65 3.20 5.00 9.29 17.51 17.52 16.39 17.13 12.90 13.07 7.12 4.23 3.11 1.03 6.25 4.58 1.79 2.68 2.80 2.77 2.31 1.86 2.42 1.02 1.93 1.87 1.74 1.88 1.18 1.22 1.23 3.68 2.65 1.57 1.54 1.47 0.87 0.50 0.90 1.74 1.24 0.51 1.40 1.14 1.04 0.32 0.17 0.19 0.25 0.45 1.08 1.06 0.92 1.01 1.04 1.07 1.05 1.29 1.40 1.45 1.65 1.16 1.24 1.35 1.63 1.76 1.77 1.58 0.95 1.07 2.54 2.17 1.95 0.32
1.66 1.87 1.02 0.58 1.49 1.38 1.87 0.44 1.07 2.67 3.33 3.08 7.12 4.18 9.43 12.36 16.68 21.07 16.71 13.79 8.64 4.62 4.91 3.53 3.93 4.77 2.84 1.94 2.47 2.83 4.55 3.90 4.52 3.71 2.06 1.59 1.23 2.50 1.50 1.58 3.70 6.43 2.48 2.19 1.43 1.22 1.54 1.60 1.84 2.34 1.14 0.47 1.61 1.24 1.02 0.75 0.17 0.14 0.41 0.38 0.55 0.90 1.17 1.34 1.03 1.19 1.12 1.17 1.21 1.86 1.80 1.50 1.49 1.58 1.63 1.60 1.65 1.38 1.37 1.49 2.82 0.73 0.46 0.34
3.01 3.01 2.29 2.35 1.41 0.88 1.15 0.67 1.99 0.93 1.61 4.98 3.81 4.67 3.74 6.89 13.72 21.95 18.72 11.59 10.01 5.17 4.49 4.23 4.61 2.51 2.48 2.49 2.36 3.66 3.50 7.36 3.79 4.44 2.23 1.88 1.29 1.45 1.57 1.98 3.56 2.90 2.82 2.18 0.96 1.81 1.56 1.87 1.92 2.00 2.22 1.45 1.69 0.96 1.19 1.00 0.39 0.49 0.46 0.65 0.70 1.13 1.03 0.93 0.90 1.03 1.04 1.05 0.92 0.99 1.50 1.82 1.82 1.35 1.98 1.43 1.39 1.75 1.72 2.77 0.45 0.78 0.98 0.36
3.14 3.73 3.58 3.18 2.38 2.50 1.41 1.14 0.88 3.20 3.35 3.50 2.26 5.22 4.10 7.07 8.10 4.53 14.94 10.82 9.19 7.01 3.66 2.37 2.73 1.79 1.40 3.65 3.98 4.74 3.16 1.93 3.99 3.82 3.18 1.85 1.25 1.48 2.46 1.70 3.41 2.24 2.56 2.06 1.72 2.41 2.26 1.99 2.68 2.02 3.97 0.98 2.25 1.60 1.14 0.53 0.61 0.70 1.03 1.41 1.21 1.35 1.10 0.85 0.77 0.76 1.07 1.24 1.39 1.31 1.26 1.68 1.68 1.74 0.73 1.27 2.36 1.53 0.38 1.89 0.93 4.67 2.58 0.43
4.76 4.91 4.37 3.38 3.69 3.29 3.64 2.87 2.01 3.40 3.62 1.31 1.52 2.47 3.98 3.22 3.49 3.89 6.71 9.45 8.42 8.45 5.50 2.58 1.80 2.33 2.06 4.31 4.68 5.83 4.03 2.22 3.03 5.14 3.86 1.59 1.62 1.43 1.14 2.87 4.50 3.01 2.48 2.20 2.03 2.44 1.76 1.61 1.02 0.87 2.11 1.47 1.54 2.49 1.54 0.49 0.63 0.72 0.82 1.33 1.40 1.60 1.32 1.10 1.16 1.09 0.95 1.18 1.93 1.42 1.28 1.62 1.93 1.28 2.12 2.07 2.06 0.89 2.40 3.39 2.62 0.52 1.91 1.71
4.26 4.80 5.16 5.75 4.18 3.66 4.80 4.44 2.29 9.46 2.59 2.11 2.81 3.65 4.29 4.02 3.17 4.01 6.62 7.91 8.36 9.25 4.81 2.82 3.51 2.08 2.33 4.48 5.43 4.44 4.30 3.32 3.23 5.39 5.02 1.60 2.39 1.53 1.25 4.32 3.17 1.50 4.52 1.93 1.96 3.02 2.81 2.07 1.15 0.64 1.45 1.51 2.38 2.82 1.75 0.90 0.65 0.61 0.56 1.53 1.74 1.60 1.58 1.37 1.18 0.86 1.07 1.28 1.32 1.30 1.62 1.61 2.01 2.61 2.18 1.44 1.56 3.06 3.29 0.73 1.01 1.69 1.85 1.37
6.35 9.05 7.71 5.52 5.15 6.33 6.10 5.12 6.18 6.58 6.65 9.24 5.86 4.56 4.75 4.16 3.21 3.90 5.42 8.24 8.48 6.96 3.46 3.32 2.95 4.29 2.43 3.66 5.10 6.98 6.38 3.79 4.25 5.39 5.74 5.41 1.43 1.53 1.79 2.87 2.86 2.22 3.36 1.93 2.38 3.79 2.08 1.50 1.68 1.64 2.86 1.16 3.62 3.63 1.48 0.68 0.80 0.34 0.80 1.02 2.36 1.76 2.10 1.67 1.08 0.82 1.06 1.65 1.31 1.52 1.75 1.94 2.08 2.20 2.07 2.08 1.54 4.51 1.28 1.28 2.42 5.10 3.36 2.10
7.20 8.22 6.51 6.68 7.04 10.96 10.21 8.06 8.25 9.35 11.05 14.64 11.48 12.86 4.98 4.80 4.12 4.24 5.64 7.80 8.59 6.57 4.91 6.16 5.65 2.91 1.63 1.22 1.91 7.13 2.95 5.12 4.34 9.14 5.55 2.67 2.06 2.36 1.97 2.25 2.29 2.48 2.60 2.85 3.00 2.83 1.37 1.22 1.23 1.43 3.14 0.74 0.08 4.06 1.50 1.39 0.49 0.47 0.87 0.95 1.73 2.00 2.36 1.67 1.22 1.13 1.39 1.32 1.24 1.52 2.08 2.01 2.47 1.74 1.54 0.55 2.37 0.76 7.55 9.90 7.00 7.56 4.05 1.68
6.52 8.43 6.07 6.90 9.50 9.05 9.61 12.66 9.84 6.37 11.18 12.96 14.00 14.54 4.56 5.59 4.78 5.66 5.43 6.40 8.93 8.21 5.68 7.73 6.44 3.82 4.22 4.70 1.10 2.20 4.46 7.74 10.43 6.54 6.39 2.71 3.20 1.93 1.96 1.39 2.00 1.93 2.34 2.88 1.95 1.91 1.36 1.20 1.98 3.39 3.91 0.41 0.41 0.84 1.44 1.19 0.96 0.57 0.98 0.95 1.79 1.17 0.70 1.11 1.16 1.19 1.20 1.12 1.29 1.59 1.57 1.05 1.35 1.09 2.15 3.77 0.61 0.97 9.96 12.87 10.64 6.43 3.86 3.12
