24h/PH_20111105020000.asc
NCOLS 95
NROWS 110
XLLCENTER 939500
YLLCENTER 1831500
CELLSIZE 1000
NODATA_VALUE -999
[rows 0 to 36 of 110, columns 0 to 83 of 95]
1.23 1.19 1.18 1.29 1.29 1.05 0.92 0.88 1.07 1.14 1.16 1.34 1.20 0.95 0.69 0.94 0.88 0.71 0.47 0.67 0.90 0.82 1.12 0.98 0.84 0.94 0.41 0.70 0.82 0.79 0.65 0.91 0.79 0.89 1.08 1.11 1.22 1.24 1.40 1.55 1.44 1.76 1.28 1.69 1.56 1.39 1.25 0.94 0.74 0.62 0.45 0.44 0.34 0.28 0.26 0.28 0.38 0.35 0.23 0.19 0.31 0.20 0.21 0.20 0.08 0.04 0.00 0.00 0.02 0.10 0.15 0.17 0.16 0.16 0.13 0.14 0.15 0.17 0.19 0.18 0.11 0.12 0.10 0.12
1.08 1.30 1.25 1.36 1.43 1.04 1.03 0.78 1.16 1.16 1.24 1.18 1.20 1.14 0.80 1.05 0.98 0.86 0.81 0.69 0.63 0.73 0.97 0.93 0.98 0.91 0.76 0.86 0.74 0.74 0.75 0.83 0.76 1.01 1.11 0.80 0.98 1.31 1.36 1.53 1.41 1.56 0.71 1.33 1.47 1.40 1.29 1.05 0.77 0.56 0.40 0.38 0.34 0.31 0.28 0.30 0.28 0.31 0.21 0.34 0.29 0.26 0.09 0.16 0.12 0.07 0.00 0.00 0.01 0.06 0.11 0.15 0.11 0.12 0.13 0.16 0.13 0.16 0.15 0.12 0.12 0.07 0.09 0.11
1.13 1.15 1.27 1.32 1.31 1.57 1.49 1.22 1.20 1.38 1.53 1.45 1.25 1.07 0.95 0.81 0.96 0.83 0.85 0.76 0.92 0.68 0.73 0.72 0.70 0.83 0.75 0.81 0.76 0.92 0.93 0.86 0.81 0.70 0.87 1.20 1.28 1.29 1.44 1.60 1.66 1.45 1.08 1.14 1.36 1.39 1.21 1.04 0.78 0.60 0.55 0.48 0.41 0.33 0.33 0.27 0.29 0.31 0.33 0.27 0.32 0.33 0.28 0.21 0.11 0.09 0.05 0.01 0.04 0.06 0.12 0.15 0.19 0.11 0.11 0.16 0.09 0.13 0.18 0.14 0.12 0.12 0.11 0.12
1.25 1.22 1.33 1.24 1.25 1.51 1.41 1.18 1.30 1.47 1.48 1.54 1.34 1.23 1.01 0.89 0.91 0.56 0.91 0.87 0.87 0.73 0.88 0.86 0.76 0.71 0.77 0.88 0.69 0.84 0.63 0.62 0.68 0.72 0.85 0.88 1.19 1.40 1.56 1.51 1.75 1.53 0.90 1.20 1.20 1.32 1.18 1.02 0.84 0.59 0.55 0.46 0.31 0.38 0.29 0.33 0.33 0.34 0.34 0.30 0.21 0.32 0.28 0.22 0.18 0.14 0.11 0.03 0.06 0.12 0.15 0.16 0.07 0.13 0.12 0.13 0.14 0.14 0.14 0.12 0.14 0.12 0.12 0.09
1.07 1.21 1.26 1.36 1.35 1.38 1.39 1.37 1.31 1.24 1.31 1.45 1.39 1.20 1.14 0.92 0.75 0.83 0.85 0.94 0.74 0.88 0.79 0.69 0.68 0.73 0.87 0.78 0.65 0.74 0.64 0.54 0.66 0.57 1.00 1.19 1.14 1.48 1.66 1.64 1.91 1.65 1.22 1.32 1.06 1.29 1.14 0.99 0.73 0.65 0.56 0.47 0.44 0.29 0.33 0.37 0.37 0.40 0.41 0.38 0.31 0.16 0.17 0.22 0.21 0.15 0.09 0.05 0.04 0.17 0.16 0.19 0.26 0.25 0.22 0.04 0.16 0.14 0.11 0.13 0.14 0.13 0.08 0.07
1.16 1.17 1.18 1.44 1.46 1.42 1.38 1.48 1.38 1.37 1.25 1.42 1.46 1.45 1.16 1.07 1.00 0.46 0.65 0.84 0.85 0.79 0.72 0.79 0.69 0.71 0.69 0.77 0.81 0.71 0.57 0.70 0.75 0.79 0.91 1.10 1.18 1.39 1.52 1.53 1.59 1.80 1.17 1.51 1.24 1.41 1.14 0.97 0.77 0.65 0.51 0.46 0.41 0.31 0.32 0.38 0.39 0.45 0.43 0.43 0.11 0.35 0.27 0.22 0.20 0.15 0.11 0.09 0.15 0.19 0.14 0.22 0.19 0.26 0.27 0.12 0.15 0.15 0.11 0.12 0.09 0.08 0.05 0.04
1.16 1.24 1.25 1.36 1.41 1.46 1.32 1.15 1.14 1.30 1.28 1.52 1.49 1.43 1.37 1.13 0.94 0.87 0.87 0.93 0.97 0.83 1.01 1.10 0.93 0.84 0.72 0.73 0.74 0.78 0.88 0.84 0.89 0.77 0.87 1.28 1.27 1.25 1.55 1.50 1.42 1.67 1.43 1.49 1.57 1.45 1.16 1.11 0.84 0.63 0.46 0.39 0.39 0.28 0.27 0.30 0.35 0.40 0.46 0.44 0.24 0.31 0.24 0.25 0.29 0.19 0.13 0.13 0.19 0.17 0.14 0.17 0.18 0.24 0.21 0.10 0.16 0.09 0.06 0.09 0.09 0.08 0.09 0.05
1.14 0.99 1.12 1.28 1.37 1.37 1.09 1.06 1.13 1.27 1.35 1.52 1.55 1.50 1.35 0.98 0.84 1.10 0.93 0.65 0.96 1.02 1.19 1.02 1.03 0.90 0.86 0.73 0.91 0.84 0.96 0.85 0.92 1.06 0.97 1.19 1.14 1.29 1.52 1.55 1.52 1.69 1.41 1.07 1.53 1.33 1.17 1.04 0.83 0.60 0.50 0.41 0.35 0.31 0.33 0.38 0.35 0.35 0.36 0.38 0.34 0.30 0.23 0.28 0.25 0.24 0.17 0.14 0.10 0.13 0.08 0.04 0.13 0.18 0.25 0.27 0.07 0.02 0.06 0.07 0.08 0.04 0.04 0.07
1.07 1.17 1.25 1.24 1.16 1.40 1.25 1.05 1.07 1.46 1.65 1.78 1.67 1.47 1.30 1.13 1.06 1.06 1.05 1.00 0.64 0.75 1.00 0.81 1.01 0.87 0.90 0.72 0.99 1.85 1.07 0.90 0.94 1.09 1.08 1.13 1.22 1.27 1.41 1.47 1.46 1.66 1.49 0.99 1.40 1.27 1.07 0.98 0.81 0.65 0.55 0.43 0.38 0.30 0.32 0.35 0.31 0.35 0.28 0.35 0.23 0.32 0.22 0.24 0.25 0.21 0.15 0.14 0.09 0.09 0.11 0.11 0.10 0.12 0.19 0.18 0.08 0.04 0.07 0.06 0.03 0.03 0.01 0.05
1.10 1.10 1.23 1.30 1.21 1.25 1.04 1.20 1.38 1.50 1.55 1.86 1.69 1.45 1.44 1.18 1.15 1.05 0.99 1.34 1.39 1.18 1.35 0.40 0.73 0.95 0.86 0.81 0.67 1.83 1.25 0.85 1.05 1.20 1.13 1.11 1.28 1.37 1.38 1.41 1.36 1.53 1.49 1.43 1.18 1.24 1.01 0.93 0.78 0.65 0.62 0.45 0.40 0.32 0.35 0.35 0.35 0.26 0.34 0.28 0.18 0.27 0.24 0.27 0.28 0.21 0.17 0.14 0.13 0.06 0.08 0.12 0.17 0.13 0.13 0.09 0.03 0.05 0.07 0.09 0.05 0.04 0.07 0.10
0.88 1.19 1.08 1.29 1.37 1.07 1.08 1.07 1.40 1.32 1.52 1.83 2.07 1.61 1.62 1.37 1.19 1.09 1.13 1.29 1.47 1.11 1.29 0.93 0.74 0.92 0.99 0.83 0.46 0.71 0.61 0.76 1.21 2.77 1.08 1.06 1.33 1.51 1.50 1.54 1.64 1.83 1.57 1.36 0.95 0.94 0.97 0.93 0.77 0.64 0.62 0.47 0.43 0.38 0.48 0.23 0.38 0.41 0.30 0.39 0.28 0.28 0.27 0.30 0.22 0.22 0.15 0.16 0.15 0.11 0.13 0.16 0.19 0.20 0.15 0.07 0.03 0.06 0.04 0.07 0.02 0.03 0.09 0.12
1.04 1.02 0.93 0.93 0.95 1.06 1.13 0.91 0.94 1.31 1.31 1.42 1.54 1.64 1.47 1.23 1.26 1.06 0.99 1.17 1.32 1.33 1.01 0.94 0.80 0.70 0.73 0.86 0.44 0.39 0.44 0.62 0.75 0.76 0.87 1.00 1.37 1.68 1.77 1.98 1.86 1.86 1.66 1.28 1.14 1.15 1.03 0.98 0.80 0.71 0.73 0.63 0.53 0.42 0.47 0.45 0.38 0.38 0.28 0.13 0.29 0.27 0.25 0.29 0.29 0.23 0.13 0.14 0.15 0.13 0.18 0.23 0.25 0.22 0.08 0.06 0.04 0.07 0.03 0.05 0.02 0.07 0.07 0.03
0.76 1.15 1.26 0.88 0.89 0.99 0.97 1.06 0.75 1.02 1.47 1.69 1.46 1.45 1.75 1.34 1.27 1.19 1.21 1.14 1.45 1.40 1.18 0.62 1.01 0.77 0.80 0.77 0.45 0.31 0.23 0.36 1.00 0.81 0.95 1.15 1.45 1.71 1.93 2.12 1.83 1.81 1.71 1.38 1.38 1.22 1.12 0.96 0.79 0.69 0.80 0.75 0.57 0.45 0.49 0.46 0.39 0.25 0.47 0.19 0.33 0.23 0.23 0.24 0.31 0.31 0.20 0.15 0.13 0.12 0.21 0.27 0.27 0.18 0.08 0.07 0.07 0.06 0.07 0.04 0.00 0.05 0.06 0.04
0.92 1.03 1.27 1.17 0.82 0.77 1.10 1.10 0.77 0.78 1.36 1.71 2.04 1.34 1.52 1.63 1.31 1.15 1.36 1.28 1.23 1.37 1.08 1.08 0.77 0.80 0.48 0.79 0.68 0.41 0.43 0.23 0.72 0.82 1.11 1.26 1.65 1.66 1.93 2.29 1.82 1.95 1.86 1.42 1.22 1.21 1.02 0.96 0.85 0.76 0.90 0.90 0.65 0.55 0.49 0.33 0.38 0.31 0.42 0.33 0.31 0.24 0.23 0.27 0.28 0.28 0.22 0.17 0.15 0.17 0.16 0.21 0.23 0.17 0.10 0.08 0.03 0.07 0.04 0.02 0.03 0.05 0.07 0.06
0.76 0.95 1.15 0.67 0.80 0.91 0.85 1.02 0.91 1.07 1.60 1.94 2.70 1.27 2.12 1.03 1.40 1.44 1.45 1.86 1.41 1.37 1.48 1.35 0.89 0.64 0.54 0.73 0.92 0.64 1.62 0.26 0.81 0.81 1.26 1.28 1.65 1.86 2.04 1.91 1.89 1.80 1.95 1.49 1.10 1.05 0.99 0.97 0.88 0.89 0.93 0.71 0.64 0.56 0.52 0.46 0.20 0.23 0.37 0.31 0.27 0.25 0.25 0.27 0.33 0.25 0.26 0.16 0.11 0.11 0.12 0.17 0.14 0.15 0.10 0.12 0.10 0.04 0.05 0.09 0.07 0.05 0.01 0.05
0.75 0.74 0.62 0.62 0.76 0.76 0.74 0.62 0.76 0.67 1.25 1.85 1.73 1.26 0.56 1.49 1.12 1.55 1.49 1.28 1.39 2.06 1.48 1.63 1.39 0.54 0.68 1.06 1.07 1.14 1.08 0.79 0.53 0.82 0.99 1.18 1.21 1.09 1.43 1.48 1.09 1.35 1.80 1.64 1.30 1.07 1.16 0.96 0.97 1.01 0.92 0.78 0.51 0.50 0.66 0.48 0.35 0.10 0.16 0.29 0.23 0.29 0.29 0.33 0.29 0.24 0.23 0.12 0.11 0.08 0.21 0.18 0.16 0.15 0.14 0.12 0.12 0.07 0.09 0.13 0.08 0.06 0.01 0.05
0.97 0.85 0.57 0.54 0.82 0.93 0.82 0.55 0.49 1.08 1.08 2.05 2.36 0.60 1.25 0.54 1.63 0.79 1.33 1.37 1.30 1.22 1.57 1.91 2.02 1.31 0.87 0.94 1.08 0.85 0.57 1.92 0.63 0.93 0.90 0.99 1.08 1.18 1.34 1.28 1.25 1.45 1.82 1.69 1.20 1.34 1.28 0.94 1.05 1.15 1.01 0.92 0.63 0.53 0.55 0.47 0.38 0.14 0.24 0.30 0.25 0.26 0.26 0.26 0.27 0.25 0.21 0.14 0.09 0.13 0.19 0.21 0.21 0.20 0.22 0.22 0.13 0.11 0.11 0.14 0.09 0.08 0.05 0.09
0.94 0.80 0.96 0.35 0.59 0.89 0.62 0.79 0.40 0.48 1.56 1.89 1.85 0.82 0.46 1.25 2.57 0.64 1.07 1.57 1.14 1.28 1.49 1.89 2.27 1.71 1.02 0.62 0.79 1.09 3.11 0.69 0.56 0.39 0.87 0.71 1.09 1.25 1.63 1.52 1.35 1.38 1.79 1.90 1.45 1.47 1.15 0.99 1.03 1.08 1.17 1.00 0.62 0.67 0.73 0.55 0.41 0.48 0.39 0.36 0.31 0.30 0.27 0.32 0.24 0.22 0.23 0.20 0.14 0.12 0.26 0.30 0.26 0.26 0.25 0.22 0.17 0.20 0.20 0.15 0.04 0.07 0.10 0.14
0.95 0.97 0.81 1.13 1.51 0.93 0.98 0.90 0.68 0.87 1.86 1.87 1.86 0.64 0.46 2.07 1.81 1.04 1.37 0.71 0.62 0.83 1.72 1.56 1.63 1.85 1.08 0.88 0.68 1.10 1.35 0.48 1.23 0.34 0.51 0.29 1.32 1.34 1.66 1.78 2.01 1.75 1.47 1.68 1.62 1.57 1.28 0.98 1.16 1.33 1.40 1.15 0.74 0.86 0.81 0.84 0.61 0.53 0.49 0.39 0.38 0.31 0.29 0.34 0.33 0.18 0.12 0.20 0.20 0.15 0.38 0.51 0.37 0.28 0.23 0.16 0.22 0.31 0.25 0.17 0.11 0.12 0.15 0.16
1.16 0.72 0.87 0.88 1.17 1.70 1.13 0.89 0.53 0.71 1.29 1.38 1.86 0.64 1.68 2.37 1.38 1.22 1.82 0.96 0.83 0.66 1.22 1.41 1.65 1.72 1.47 0.81 0.47 0.84 1.49 2.66 1.27 2.30 0.51 1.12 1.30 0.43 1.85 2.03 2.11 1.25 1.69 1.82 1.79 1.84 1.38 1.16 1.12 1.53 1.40 1.19 0.91 0.87 0.92 0.73 0.69 0.60 0.51 0.69 0.34 0.31 0.33 0.31 0.35 0.30 0.15 0.18 0.19 0.17 0.37 0.50 0.51 0.40 0.32 0.32 0.28 0.17 0.32 0.25 0.12 0.14 0.14 0.12
0.57 0.79 1.00 1.07 1.08 0.62 2.00 2.08 0.79 1.50 1.37 1.75 1.92 0.75 2.79 2.16 2.09 1.79 1.80 1.43 1.29 0.32 0.46 1.41 1.71 1.89 1.77 1.16 0.63 0.99 1.33 4.39 2.44 1.04 1.91 1.97 2.73 1.31 1.41 3.05 1.93 1.75 1.76 1.71 1.64 1.62 1.41 1.25 1.11 1.69 4.14 2.66 0.93 1.06 0.85 0.67 0.73 0.17 0.26 0.56 0.49 0.43 0.38 0.35 0.34 0.36 0.23 0.16 0.13 0.15 0.28 0.49 0.62 0.45 0.48 0.36 0.31 0.19 0.16 0.15 0.18 0.14 0.07 0.12
0.89 0.80 0.56 0.99 1.21 0.89 0.58 2.54 3.08 1.43 1.67 1.99 2.46 4.69 2.13 4.43 1.41 0.92 1.91 2.35 2.97 0.41 0.43 0.95 1.72 1.90 1.65 1.43 1.16 0.94 0.87 3.58 5.76 3.10 0.96 1.65 3.46 2.15 0.93 4.97 1.86 1.89 2.08 1.65 1.37 1.39 1.19 1.52 1.42 1.80 1.74 1.48 1.19 1.01 0.40 0.45 0.38 0.54 0.06 0.51 0.45 0.56 0.47 0.32 0.31 0.42 0.32 0.18 0.10 0.16 0.30 0.40 0.41 0.58 0.57 0.41 0.20 0.16 0.26 0.33 0.28 0.20 0.11 0.19
0.93 0.98 0.75 0.95 0.83 1.12 0.83 0.73 2.34 2.42 1.36 0.83 3.11 8.10 9.67 2.83 4.83 2.26 2.38 2.42 2.07 0.79 0.30 0.73 1.35 1.73 1.51 1.47 1.51 1.08 0.98 2.14 4.43 2.25 1.08 2.54 2.30 4.32 1.56 4.10 3.91 2.11 1.66 1.54 1.48 1.59 1.45 1.73 1.43 1.76 2.14 1.70 1.19 0.98 1.04 1.13 0.53 0.49 0.36 0.25 0.61 0.69 0.43 0.30 0.41 0.52 0.29 0.25 0.17 0.19 0.38 0.56 0.67 0.82 0.51 0.23 0.26 0.36 0.34 0.46 0.34 0.24 0.23 0.35
0.76 0.77 0.95 0.95 0.51 0.73 0.71 0.82 0.53 1.26 1.40 3.74 3.68 14.59 13.97 11.81 4.40 10.52 2.23 2.09 2.30 1.58 0.96 0.91 0.85 0.71 1.30 1.26 1.55 1.30 1.33 1.60 2.24 1.61 2.19 1.90 1.61 2.04 1.43 2.82 4.81 2.41 1.44 1.45 1.54 1.57 1.69 1.79 1.16 1.73 1.65 1.71 1.42 0.63 1.24 1.20 1.06 0.83 0.32 0.39 0.57 0.57 0.58 0.43 0.43 0.52 0.40 0.25 0.24 0.24 0.58 0.88 1.29 0.96 0.53 0.46 0.32 0.32 0.32 0.29 0.25 0.24 0.22 0.34
0.69 0.87 1.13 1.53 0.27 0.66 0.62 0.65 0.91 2.02 1.39 1.60 6.59 3.12 15.94 17.89 10.82 6.37 10.14 2.36 0.75 1.30 0.94 0.96 0.73 0.67 1.83 1.60 1.45 1.25 1.23 1.33 2.05 2.19 2.00 1.42 1.46 2.21 1.73 1.52 4.74 2.64 2.15 1.53 1.66 1.52 1.34 1.40 1.12 1.72 2.05 1.96 1.69 0.79 1.52 1.42 1.12 0.92 0.79 0.70 0.70 0.70 0.63 0.59 0.47 0.43 0.38 0.48 0.32 0.41 0.83 1.47 1.22 0.87 0.58 0.46 0.53 0.49 0.44 0.52 0.27 0.21 0.32 0.40
0.96 0.74 0.76 1.13 0.64 1.24 1.72 0.46 1.54 1.50 1.80 1.58 3.42 7.11 4.06 12.47 13.95 10.23 7.33 5.55 1.79 1.08 1.13 1.15 0.79 0.58 0.69 1.52 1.37 1.18 1.13 1.25 1.17 1.45 2.33 1.72 2.09 2.13 2.31 1.98 1.71 1.65 2.57 2.42 1.63 1.48 1.05 0.89 1.02 1.44 1.92 2.43 1.40 1.01 0.87 1.26 1.28 0.96 1.08 0.79 0.92 0.70 0.51 0.62 0.13 0.01 0.46 0.49 0.47 0.63 1.26 1.67 0.90 0.99 0.62 0.41 0.48 0.49 0.43 0.71 0.17 0.16 0.28 0.35
1.15 0.77 0.72 0.48 1.31 0.96 1.19 1.19 1.63 1.70 1.43 1.27 1.89 5.38 10.88 7.73 9.42 14.16 16.70 7.19 3.25 1.25 1.04 1.22 0.80 1.07 0.92 0.40 1.25 1.08 0.99 1.23 1.37 1.38 1.86 1.48 3.62 1.71 1.93 2.23 2.00 1.83 1.64 1.96 2.40 0.99 0.71 1.17 1.03 1.27 2.09 2.58 2.47 1.83 1.77 0.89 0.53 0.58 0.51 1.22 0.93 0.73 0.76 0.72 0.16 0.04 0.04 0.44 0.20 0.59 1.07 1.33 0.95 1.00 0.69 0.54 0.34 0.35 0.43 0.49 0.26 0.17 0.36 0.46
0.75 0.64 0.91 0.74 0.95 1.03 1.89 1.26 1.32 1.66 1.41 1.09 1.82 2.44 4.70 16.08 9.40 8.11 17.49 7.17 6.19 2.33 1.16 0.95 1.05 0.81 0.91 0.45 0.54 0.99 0.92 0.97 1.04 1.48 1.82 3.57 3.41 2.53 2.32 2.68 2.65 3.76 2.99 2.61 2.97 1.01 0.65 1.05 0.78 0.94 1.62 2.15 2.06 1.62 1.63 2.77 0.34 0.28 0.23 0.21 1.06 1.12 0.88 0.68 0.52 0.48 0.13 0.21 0.28 0.62 0.81 0.77 0.98 1.00 0.63 0.41 0.38 0.53 0.42 0.51 0.38 0.26 0.18 0.38
1.59 0.40 0.54 0.64 1.98 1.97 1.03 1.20 1.47 1.30 1.39 1.74 1.66 4.59 7.58 5.85 14.50 13.42 6.76 12.65 7.70 2.43 1.49 1.20 1.17 0.97 1.04 1.08 0.49 0.67 0.62 0.84 3.78 5.04 3.74 3.29 3.83 4.61 2.64 4.41 3.26 5.48 3.88 3.25 4.05 1.52 0.66 0.75 0.98 0.75 1.85 0.85 1.81 1.41 1.53 0.62 0.70 0.29 0.20 0.33 0.82 1.25 0.86 0.60 0.65 0.54 0.34 0.29 0.53 0.68 0.76 1.01 1.39 1.01 0.57 0.27 0.52 0.56 0.78 0.43 0.36 0.42 0.43 0.66
3.73 2.41 0.85 0.46 0.69 0.71 1.71 1.04 2.84 1.42 1.74 1.23 5.07 5.44 4.83 9.57 11.31 10.24 12.51 8.42 5.72 4.86 2.32 1.00 0.96 1.00 1.88 2.19 1.05 0.57 0.59 1.68 1.46 3.45 4.79 5.18 3.50 4.22 4.88 4.12 4.85 4.69 5.77 4.66 2.20 1.70 0.66 0.31 0.84 1.20 1.25 0.64 1.78 0.57 2.32 3.69 0.92 0.29 0.50 1.21 0.37 0.71 0.61 0.63 0.66 0.28 0.32 0.33 0.43 0.91 1.83 2.11 1.86 1.01 0.55 0.57 0.59 0.85 0.54 0.33 0.40 0.62 0.67 0.97
3.21 2.56 2.93 3.64 2.72 1.46 1.31 0.69 2.36 2.69 2.16 2.60 2.64 2.16 2.80 6.78 9.51 11.30 6.94 10.11 6.40 3.93 3.59 2.30 1.49 1.42 2.25 3.06 1.59 0.92 0.32 0.82 0.99 3.03 4.83 4.65 4.81 5.18 6.63 5.68 5.86 3.98 6.53 5.03 5.21 1.59 1.32 0.85 0.59 1.98 1.41 1.12 1.34 1.67 2.53 5.18 2.08 0.12 0.63 0.22 0.78 0.76 0.65 0.16 0.38 0.31 0.26 0.29 0.26 0.76 1.86 1.74 1.67 0.92 0.62 1.01 0.91 0.74 0.49 0.45 0.33 0.70 0.32 0.30
4.59 3.77 2.78 3.66 6.85 5.41 4.66 2.84 2.14 0.99 1.97 1.70 1.80 2.67 2.66 3.76 4.28 5.08 8.71 7.30 5.17 5.86 2.50 3.64 2.93 2.55 2.13 2.46 2.99 1.56 0.54 0.24 0.93 2.82 4.29 4.69 5.93 4.04 6.47 5.53 9.07 4.79 6.84 4.36 5.57 2.50 1.59 0.95 0.85 1.12 1.16 0.98 1.21 1.47 2.18 5.20 1.44 0.20 2.01 1.55 1.17 1.10 1.01 0.80 0.42 0.12 0.39 0.47 0.54 1.44 1.42 1.53 1.35 1.35 0.91 1.35 0.96 0.66 0.14 0.47 0.25 0.44 0.24 0.13
2.44 2.38 5.57 6.60 5.73 5.38 10.42 7.64 4.12 1.17 1.86 1.38 4.93 2.82 3.14 3.58 3.35 6.79 7.54 7.53 7.23 4.86 3.15 1.99 4.11 3.52 3.31 2.42 2.43 2.55 1.20 0.60 1.09 2.70 5.03 5.99 6.82 4.73 4.72 8.97 8.77 4.54 5.57 3.17 3.01 2.78 1.06 0.80 0.66 0.84 1.53 1.26 0.29 0.93 2.74 5.77 0.71 1.17 2.21 2.18 1.35 1.37 1.07 0.85 0.60 0.40 0.52 0.63 0.69 1.26 1.60 1.31 1.70 0.86 1.18 0.70 0.77 0.35 0.23 0.08 0.10 0.27 0.31 0.18
4.30 4.66 6.73 3.15 4.78 5.16 10.13 7.92 1.89 1.23 3.29 3.97 3.09 4.26 4.32 3.68 3.91 3.39 7.01 3.24 5.97 5.47 3.45 3.76 3.16 2.84 3.90 2.91 3.30 2.56 2.80 2.11 1.02 1.57 2.56 4.99 6.01 6.99 6.66 8.18 7.95 4.91 4.61 2.90 2.37 1.86 1.02 1.08 0.70 0.62 1.19 0.83 0.70 0.92 1.50 2.73 0.51 1.53 0.87 1.18 1.84 1.72 1.04 0.96 0.55 0.58 0.40 0.27 0.36 0.80 1.25 1.58 1.69 0.92 0.85 0.62 0.30 0.26 0.06 0.30 0.28 0.17 0.41 0.27
4.74 5.54 5.62 3.64 4.29 7.61 6.47 8.05 6.16 4.34 7.13 7.62 6.21 5.99 2.51 2.96 3.38 3.95 2.56 5.93 4.67 3.87 3.98 4.28 4.20 2.61 2.10 2.12 3.05 4.51 2.47 2.96 2.75 1.85 2.27 4.02 7.00 6.09 8.32 7.87 8.87 4.89 3.71 4.04 2.57 2.27 1.35 0.67 0.55 0.26 1.12 0.14 0.34 0.99 1.40 0.97 1.30 1.24 1.46 1.45 1.98 1.76 1.14 0.72 0.86 0.63 0.40 0.34 0.54 0.89 1.69 1.90 1.42 1.08 0.61 0.53 0.47 0.49 0.24 0.30 0.17 0.27 0.42 0.21
4.66 6.79 4.30 5.01 4.11 7.94 6.59 5.96 7.41 6.33 9.05 7.81 8.81 9.53 2.37 3.26 4.24 4.17 4.14 4.63 4.59 4.30 3.84 5.16 3.22 2.04 2.66 4.67 2.63 2.04 3.24 2.99 3.45 2.69 1.84 2.35 2.14 5.87 6.10 7.67 6.04 5.30 4.20 4.24 2.96 2.36 1.60 0.55 0.10 0.29 0.35 0.08 0.07 0.98 1.33 0.50 1.09 1.65 1.61 1.83 1.20 2.50 1.58 0.76 1.28 0.64 0.39 0.39 0.65 1.01 2.46 1.45 1.07 1.05 0.74 0.30 0.78 0.13 0.02 0.20 0.28 0.21 0.16 0.64
7.20 5.32 8.35 5.58 7.77 8.90 5.27 6.12 2.80 4.84 9.58 10.38 8.24 8.18 2.94 3.15 3.23 3.76 3.54 4.95 7.42 4.61 3.99 5.50 3.90 1.80 1.93 3.74 2.65 3.92 3.17 2.28 2.81 3.00 1.70 3.14 3.67 5.59 4.86 7.07 5.90 6.22 4.72 4.79 3.90 2.36 1.37 0.32 0.16 0.30 0.35 0.09 0.15 0.23 0.65 0.97 1.69 2.73 2.45 1.32 1.75 1.72 1.05 0.46 1.14 0.96 0.37 0.47 0.80 1.11 1.83 1.21 0.86 0.47 0.77 0.99 0.49 0.18 0.11 0.11 0.13 0.22 0.19 0.23
