24h/PH_20111105110000.asc
NCOLS 95
NROWS 110
XLLCENTER 939500
YLLCENTER 1831500
CELLSIZE 1000
NODATA_VALUE -999
[rows 0 to 37 of 110, columns 0 to 83 of 95]
0.45 0.53 0.58 0.41 0.51 0.53 0.61 0.55 0.62 0.52 0.25 0.25 0.51 0.41 0.22 0.16 0.24 0.30 0.49 0.73 0.87 0.76 1.07 0.85 0.54 1.17 0.88 0.73 0.67 0.71 0.75 0.81 0.65 0.78 0.86 0.90 0.82 0.80 0.66 0.50 0.59 0.55 0.38 0.41 0.46 0.42 0.52 0.63 0.62 0.81 0.80 0.85 0.85 0.88 0.92 0.87 0.89 0.70 0.52 0.77 0.80 0.71 0.81 0.94 0.76 0.70 0.67 0.61 0.56 0.62 0.60 0.52 0.44 0.39 0.29 0.17 0.05 0.07 0.04 0.02 0.00 0.00 0.01 0.07
0.55 0.44 0.41 0.44 0.45 0.47 0.54 0.53 0.48 0.34 0.44 0.49 0.56 0.49 0.45 0.43 0.56 0.53 0.44 0.69 0.73 0.84 0.83 0.91 0.71 0.86 0.82 0.78 0.78 0.80 0.77 0.82 0.80 0.90 0.91 1.01 0.77 0.92 0.84 0.85 0.69 0.49 0.23 0.47 0.45 0.38 0.54 0.78 0.75 0.72 0.90 0.92 0.97 0.84 0.85 0.90 0.95 0.77 0.54 0.76 0.74 0.83 0.58 0.92 0.70 0.69 0.75 0.74 0.73 0.79 0.71 0.56 0.46 0.39 0.32 0.20 0.09 0.12 0.08 0.02 0.00 0.00 0.01 0.11
0.29 0.28 0.21 0.40 0.29 0.37 0.28 0.47 0.50 0.37 0.43 0.38 0.26 0.41 0.42 0.34 0.60 0.40 0.40 0.59 0.63 0.84 0.82 0.89 0.52 0.67 0.73 0.70 0.72 0.73 0.82 0.89 0.77 0.82 0.92 0.80 0.83 0.80 0.90 0.78 0.90 0.72 0.44 0.44 0.44 0.40 0.48 0.72 0.71 0.85 0.92 0.96 1.02 0.88 0.83 0.88 0.93 0.75 0.93 0.92 0.85 0.79 0.75 0.74 0.63 0.70 0.76 0.83 0.84 0.75 0.59 0.57 0.49 0.41 0.33 0.30 0.16 0.07 0.10 0.01 0.00 0.00 0.00 0.11
0.26 0.16 0.15 0.34 0.14 0.13 0.46 0.48 0.40 0.33 0.46 0.53 0.42 0.36 0.65 0.63 0.45 0.40 0.50 0.43 0.55 0.71 0.76 0.75 0.76 0.71 0.66 0.81 0.95 0.95 0.88 0.78 0.80 0.78 0.84 0.77 0.85 0.80 0.84 0.77 0.78 0.73 0.56 0.50 0.30 0.32 0.39 0.58 0.71 0.90 1.08 0.90 0.86 0.74 0.69 0.86 1.04 1.06 0.88 0.83 0.67 0.78 0.82 0.64 0.63 0.80 0.85 0.92 0.93 0.86 0.66 0.56 0.50 0.46 0.37 0.29 0.15 0.04 0.06 0.02 0.00 0.00 0.01 0.03
0.28 0.12 0.29 0.38 0.15 0.19 0.29 0.50 0.30 0.31 0.34 0.49 0.46 0.46 0.49 0.47 0.42 0.44 0.48 0.72 0.68 0.77 0.83 0.79 0.92 0.82 0.63 0.87 0.84 0.80 0.89 0.81 0.68 0.72 0.80 0.82 0.81 0.75 0.74 0.74 0.70 0.71 0.61 0.43 0.26 0.36 0.39 0.55 0.62 1.04 0.96 0.96 0.89 0.79 0.74 0.96 1.06 1.20 0.94 1.02 0.76 0.62 0.87 0.68 0.81 0.86 0.84 0.98 1.05 0.86 0.81 0.71 0.64 0.57 0.48 0.39 0.24 0.06 0.01 0.00 0.00 0.00 0.00 0.01
0.42 0.23 0.13 0.26 0.16 0.21 0.39 0.23 0.25 0.44 0.40 0.55 0.50 0.42 0.37 0.40 0.46 0.50 0.50 0.72 0.74 0.93 0.92 0.91 1.05 0.87 0.44 0.66 0.80 0.81 0.71 0.74 0.73 0.70 0.84 0.68 0.94 0.80 0.86 0.62 0.83 0.72 0.60 0.42 0.34 0.35 0.36 0.46 0.61 0.83 0.99 0.92 0.90 0.94 0.99 1.11 1.12 0.76 0.89 0.98 0.97 1.01 0.90 0.71 0.84 0.91 0.93 1.01 1.05 0.97 0.88 0.76 0.58 0.52 0.50 0.47 0.31 0.18 0.04 0.01 0.00 0.00 0.00 0.01
0.15 0.20 0.15 0.18 0.14 0.34 0.22 0.35 0.44 0.37 0.51 0.41 0.44 0.65 0.41 0.52 0.60 0.59 0.52 0.66 0.51 0.62 0.80 0.79 0.96 0.64 0.57 0.47 0.67 0.82 0.74 0.73 0.81 0.74 0.91 0.64 1.01 0.91 0.66 0.75 0.66 0.66 0.52 0.34 0.45 0.39 0.34 0.44 0.53 0.79 0.98 1.02 1.02 1.01 1.12 1.14 0.91 0.79 1.03 1.00 1.11 0.71 0.80 0.67 0.76 0.86 0.98 1.19 1.13 1.13 0.85 0.63 0.54 0.54 0.47 0.44 0.34 0.16 0.09 0.03 0.03 0.01 0.00 0.01
0.13 0.13 0.26 0.33 0.11 0.21 0.18 0.24 0.49 0.38 0.44 0.53 0.48 0.59 0.57 0.62 0.58 0.60 0.64 0.59 0.79 0.37 0.77 0.62 0.79 0.63 0.56 0.40 0.64 0.56 0.80 0.85 0.81 0.99 0.84 0.72 0.77 0.85 0.77 0.71 0.85 0.63 0.79 0.73 0.41 0.53 0.41 0.43 0.51 0.69 0.88 1.04 1.11 1.13 1.16 1.15 0.61 0.81 1.15 1.15 1.18 0.78 0.82 0.65 0.66 0.76 1.07 1.24 1.18 1.29 0.85 0.67 0.59 0.54 0.61 0.50 0.40 0.22 0.13 0.08 0.03 0.00 0.00 0.01
0.15 0.23 0.14 0.26 0.14 0.12 0.13 0.20 0.28 0.22 0.50 0.53 0.64 0.58 0.60 0.72 0.69 0.70 0.74 0.70 0.67 0.75 0.57 0.70 0.81 0.73 0.54 0.49 0.55 0.55 0.76 0.85 0.85 1.04 0.77 0.76 0.70 0.84 0.86 0.80 0.74 0.66 0.82 0.76 0.67 0.68 0.60 0.58 0.51 0.63 0.78 1.07 1.19 1.33 1.20 1.10 0.80 1.03 1.15 1.09 1.02 0.94 0.67 0.64 0.72 0.94 1.24 1.15 1.15 1.27 0.88 0.75 0.73 0.72 0.70 0.54 0.33 0.23 0.15 0.08 0.04 0.00 0.00 0.01
0.27 0.32 0.19 0.19 0.19 0.24 0.28 0.42 0.43 0.33 0.44 0.53 0.54 0.59 0.68 0.69 0.71 0.71 0.63 0.76 0.63 0.50 0.68 0.68 0.94 0.83 0.79 0.68 0.79 0.91 0.72 0.69 0.78 0.81 0.44 0.73 0.79 0.78 0.65 0.67 0.53 0.55 0.75 0.66 0.50 0.57 0.48 0.47 0.50 0.64 0.78 1.00 0.99 1.02 0.94 1.08 0.88 0.97 1.36 1.16 1.12 0.90 0.71 0.76 0.87 1.09 1.32 1.11 1.05 1.06 1.01 0.90 0.85 0.87 0.84 0.60 0.32 0.21 0.14 0.12 0.05 0.00 0.01 0.06
0.36 0.15 0.19 0.10 0.16 0.17 0.32 0.28 0.49 0.24 0.51 0.45 0.54 0.57 0.65 0.65 0.68 0.71 0.73 0.78 0.57 0.60 0.54 0.52 0.79 0.82 0.80 0.88 0.87 0.86 0.69 0.52 0.36 0.48 0.44 0.54 0.78 0.74 0.53 0.54 0.69 0.50 0.88 0.84 0.81 0.72 0.51 0.42 0.46 0.57 0.70 0.92 0.91 0.92 1.06 1.03 1.17 1.18 1.25 1.17 1.03 0.85 0.79 0.75 0.83 0.90 1.03 1.12 1.16 1.29 1.30 1.10 0.85 0.78 0.73 0.49 0.40 0.26 0.17 0.19 0.06 0.01 0.00 0.07
0.26 0.17 0.11 0.28 0.22 0.13 0.25 0.20 0.30 0.41 0.32 0.42 0.46 0.54 0.64 0.63 0.70 0.73 0.71 0.70 0.88 0.76 0.57 0.44 0.59 0.97 0.87 0.88 0.71 0.74 0.58 0.45 0.48 0.53 0.59 0.57 0.79 0.72 0.70 0.56 0.46 0.55 1.00 0.81 0.79 0.66 0.52 0.51 0.52 0.55 0.60 0.72 0.79 0.94 1.06 1.18 1.04 0.90 1.10 1.03 0.80 0.85 0.82 0.81 0.85 0.95 0.91 1.09 1.38 1.33 1.34 1.32 0.85 0.43 0.54 0.44 0.32 0.30 0.24 0.18 0.12 0.06 0.02 0.04
0.27 0.25 0.11 0.09 0.14 0.23 0.24 0.35 0.45 0.29 0.39 0.26 0.45 0.39 0.49 0.52 0.67 0.72 0.67 0.67 0.84 0.85 0.76 0.45 0.75 0.66 0.62 0.74 0.42 0.37 0.38 0.45 0.47 0.66 0.71 0.64 0.62 0.70 0.76 0.64 0.67 0.65 0.69 0.76 0.69 0.67 0.74 0.72 0.75 0.65 0.68 0.65 0.68 0.83 1.15 1.12 0.96 0.71 0.90 0.67 0.69 0.83 0.93 0.87 0.83 0.97 1.09 1.28 1.33 1.30 1.32 1.25 0.69 0.61 0.49 0.50 0.36 0.33 0.25 0.19 0.19 0.09 0.03 0.06
0.26 0.28 0.16 0.12 0.13 0.17 0.21 0.39 0.22 0.07 0.21 0.27 0.31 0.48 0.49 0.60 0.71 0.70 0.74 0.66 0.74 0.99 0.91 0.71 0.77 0.74 0.66 0.75 0.64 0.42 0.34 0.64 0.55 0.63 0.73 0.82 0.71 0.82 0.81 0.75 0.91 1.32 0.62 0.77 0.84 0.70 0.77 0.71 0.72 0.65 0.69 0.58 0.68 0.92 1.09 0.96 0.80 0.64 0.82 0.98 0.86 0.87 1.01 0.91 0.83 0.89 1.09 1.40 1.29 1.28 1.33 1.09 0.96 0.70 0.55 0.54 0.44 0.37 0.27 0.21 0.18 0.10 0.01 0.05
0.38 0.13 0.20 0.10 0.10 0.07 0.35 0.33 0.34 0.38 0.24 0.30 0.48 0.22 0.35 0.45 0.54 0.76 0.83 0.75 0.81 0.95 0.93 0.75 0.62 0.69 0.65 0.96 0.62 0.50 0.42 0.98 0.96 0.83 0.75 0.73 0.52 0.58 0.59 0.46 0.72 0.52 0.58 0.89 0.68 0.83 0.87 0.81 0.58 0.43 0.47 0.50 0.48 0.61 0.84 0.93 0.71 0.63 0.64 0.68 0.79 0.97 1.19 1.06 1.09 1.13 1.02 1.12 1.21 1.25 1.39 1.19 0.93 0.71 0.70 0.63 0.51 0.34 0.23 0.22 0.12 0.07 0.01 0.03
0.45 0.44 0.37 0.21 0.34 0.34 0.17 0.15 0.15 0.46 0.46 0.31 0.44 0.27 0.42 0.24 0.52 0.89 0.86 0.82 0.93 1.39 0.81 0.67 0.82 0.73 0.66 0.78 0.79 0.71 0.60 0.58 0.53 0.73 0.67 0.53 0.48 0.49 0.43 0.50 0.56 0.55 0.71 0.61 0.60 0.81 0.89 0.89 0.69 0.54 0.51 0.51 0.39 0.51 0.47 0.88 0.79 0.82 0.73 0.63 0.81 0.89 1.18 1.20 1.16 1.11 1.09 1.02 1.18 1.36 1.64 1.17 1.04 0.83 0.74 0.72 0.57 0.32 0.19 0.19 0.17 0.10 0.02 0.05
0.40 0.35 0.41 0.40 0.16 0.22 0.14 0.22 0.11 0.25 0.41 0.38 0.92 0.39 0.14 0.58 0.49 0.43 0.74 0.82 1.04 0.85 0.80 0.81 0.72 0.68 0.64 0.63 0.92 1.03 1.02 0.52 0.24 0.50 0.49 0.60 0.68 0.64 0.57 0.66 0.57 0.55 0.58 0.70 0.84 0.93 0.89 0.86 0.79 0.73 0.67 0.62 0.47 0.52 0.64 0.41 0.67 0.80 0.88 0.57 0.83 0.97 1.07 1.10 1.16 1.10 0.99 1.11 1.50 1.35 1.62 1.06 1.12 0.97 0.71 0.63 0.55 0.32 0.25 0.23 0.18 0.14 0.07 0.05
0.27 0.17 0.37 0.31 0.39 0.14 0.21 0.13 0.22 0.35 0.54 0.58 0.56 0.71 0.31 0.34 0.52 0.48 0.40 0.93 1.02 0.88 0.89 0.81 0.91 0.98 0.90 0.82 0.97 0.87 0.90 0.31 0.31 0.41 0.36 0.78 0.64 0.66 0.68 0.70 0.74 0.69 0.68 0.65 0.87 0.81 0.86 0.81 0.78 0.76 0.65 0.66 0.57 0.52 0.55 0.53 0.81 0.81 0.72 0.69 0.79 0.87 0.94 1.07 1.21 1.03 0.91 1.00 1.52 1.86 1.63 1.03 1.14 1.21 0.93 0.67 0.55 0.34 0.27 0.22 0.21 0.20 0.12 0.03
0.21 0.27 0.31 0.37 0.42 0.37 0.15 0.23 0.46 1.14 0.51 0.51 0.50 0.45 0.36 0.39 0.55 0.52 0.67 0.93 0.95 1.01 0.88 1.00 0.94 1.09 0.81 0.74 0.78 0.82 0.83 0.53 0.33 0.49 0.38 0.52 0.51 0.52 0.63 0.62 0.54 0.65 0.77 0.77 0.77 0.72 0.68 0.68 0.66 0.73 0.57 0.44 0.38 0.47 0.52 0.50 0.73 0.63 0.52 0.58 0.61 0.74 0.85 1.07 1.48 1.39 1.11 1.38 1.33 0.97 1.52 1.09 1.12 1.34 0.95 0.78 0.65 0.41 0.23 0.22 0.20 0.20 0.15 0.04
0.28 0.10 0.16 0.29 0.22 0.40 0.59 0.53 0.51 0.60 0.26 0.38 1.40 0.38 0.39 0.54 0.35 0.46 0.57 0.66 0.69 0.76 0.96 1.06 1.11 0.67 0.67 0.80 0.83 0.65 0.76 0.85 0.44 0.35 0.52 0.64 0.58 0.48 0.53 0.41 0.27 0.54 0.51 0.35 0.50 0.51 0.53 0.60 0.59 0.86 0.73 0.48 0.39 0.40 0.29 0.44 0.81 0.46 0.46 0.34 0.57 0.68 0.86 1.11 1.44 1.16 1.51 1.43 1.44 1.05 1.17 1.26 1.44 1.16 0.93 0.87 0.73 0.47 0.25 0.18 0.20 0.17 0.13 0.03
0.13 0.20 0.27 0.25 0.30 0.20 0.36 0.58 0.67 0.86 0.69 0.58 0.43 0.27 0.38 0.45 0.58 0.46 0.51 0.45 0.54 0.48 0.33 0.89 1.07 0.98 0.57 0.42 0.54 0.67 0.62 0.86 0.54 0.76 0.79 0.58 0.54 0.52 0.25 0.49 0.28 0.43 0.28 0.32 0.30 0.50 0.55 0.58 0.55 0.87 0.90 1.47 0.67 0.64 0.71 0.49 0.79 0.43 0.00 0.57 0.71 0.77 1.10 1.15 0.98 1.21 1.39 1.41 1.16 1.15 1.28 1.74 1.57 1.23 1.27 1.16 0.91 0.69 0.24 0.13 0.16 0.17 0.13 0.07
0.24 0.24 0.27 0.31 0.23 0.19 0.35 0.37 0.72 1.00 0.90 0.82 0.47 0.48 0.37 0.14 0.46 0.35 0.26 0.57 0.90 0.41 0.32 0.97 0.90 0.87 0.74 0.73 0.57 0.58 0.74 0.94 0.99 0.79 0.38 0.56 0.13 0.20 0.14 0.40 0.34 0.40 0.27 0.38 0.39 0.54 0.74 0.60 0.67 0.61 0.72 0.61 0.65 0.63 0.70 0.68 0.77 0.77 0.42 0.30 0.70 0.82 1.03 0.81 0.81 1.30 1.64 1.37 1.13 1.15 1.25 1.82 1.90 1.36 1.18 0.84 0.57 0.59 0.29 0.17 0.14 0.15 0.17 0.11
0.25 0.29 0.06 0.16 0.24 0.27 0.53 0.41 0.35 0.84 0.77 0.44 0.51 0.63 0.37 0.18 0.26 0.37 0.65 0.65 0.65 0.68 0.20 0.27 1.15 0.82 0.88 0.83 0.81 0.81 0.80 1.01 1.03 0.82 0.37 0.22 0.26 0.31 0.26 0.33 0.34 0.36 0.40 0.34 0.39 0.60 0.51 0.54 0.51 0.60 0.60 0.47 0.49 0.44 0.40 0.58 0.64 0.52 0.63 0.24 0.76 0.65 0.77 0.83 0.99 1.37 1.67 1.42 1.26 1.36 1.37 1.39 1.94 1.35 1.17 1.07 0.76 0.62 0.37 0.23 0.21 0.22 0.17 0.12
0.34 0.11 0.20 0.28 0.09 0.10 0.13 0.31 0.36 0.71 0.76 0.46 0.40 0.38 0.40 0.27 0.26 0.44 0.52 0.58 0.52 0.33 0.24 0.70 1.86 1.12 1.25 0.87 0.85 0.76 0.82 0.66 0.72 0.70 0.65 0.55 0.38 0.48 0.51 0.45 0.27 0.24 0.36 0.38 0.37 0.32 0.33 0.37 0.33 0.44 0.51 0.43 0.33 0.25 0.32 0.35 0.28 0.24 0.17 0.42 0.55 0.98 0.91 0.91 1.20 1.51 0.96 1.44 1.62 1.97 1.81 1.39 1.65 1.45 1.33 1.31 0.79 0.56 0.37 0.20 0.13 0.21 0.20 0.14
0.29 0.43 0.10 0.17 0.16 0.16 0.26 0.92 0.45 0.98 0.72 0.70 0.39 0.47 0.31 0.34 0.43 0.48 0.65 0.76 0.21 0.24 0.89 0.57 0.17 0.60 0.90 0.89 0.86 0.64 0.62 0.60 0.44 0.54 0.50 0.41 0.45 0.61 0.58 0.44 0.29 0.24 0.14 0.26 0.30 0.26 0.11 0.27 0.25 0.49 0.40 0.45 0.38 0.50 0.42 0.33 0.25 0.32 0.00 0.00 0.63 0.96 1.11 1.42 1.67 0.85 1.29 1.41 1.82 1.99 1.69 1.39 0.68 0.89 0.95 0.62 0.52 0.45 0.32 0.11 0.13 0.10 0.03 0.14
0.31 0.34 0.35 0.19 0.21 0.18 0.24 0.51 1.00 0.82 0.84 0.68 0.87 1.01 0.56 0.42 0.18 0.32 0.24 0.27 0.36 0.25 0.39 0.68 0.32 0.38 0.21 0.71 0.64 0.69 0.65 0.61 0.46 0.42 0.58 0.69 0.67 0.58 0.51 0.35 0.32 0.27 0.42 0.37 0.38 0.15 0.09 0.29 0.36 0.62 0.47 0.47 0.52 0.44 0.42 0.43 0.54 0.49 0.39 0.91 0.82 0.92 0.70 1.00 0.86 0.39 1.35 1.98 2.51 2.22 1.76 0.91 0.75 0.87 0.72 0.75 0.47 0.43 0.23 0.36 0.17 0.10 0.13 0.10
0.50 0.48 0.38 0.26 0.38 0.19 0.23 0.60 0.68 0.95 0.87 0.81 1.07 0.68 0.32 0.70 0.75 0.59 0.36 0.33 0.30 0.22 0.29 0.44 0.74 0.81 0.63 0.25 0.65 0.66 0.70 0.68 0.61 0.49 0.62 0.74 0.66 0.35 0.46 0.42 0.24 0.34 0.28 0.43 0.50 0.14 0.21 0.42 0.47 0.59 0.54 0.52 0.54 0.42 0.39 0.37 0.11 0.46 0.34 0.95 0.91 0.77 0.77 0.79 0.64 0.50 0.68 1.91 2.10 1.66 1.54 1.19 0.77 0.92 0.82 0.88 0.83 0.19 0.44 0.39 0.24 0.14 0.14 0.10
0.14 0.28 0.48 0.33 0.26 0.59 0.39 0.40 0.59 0.90 0.66 0.85 1.08 0.66 0.65 0.72 0.60 0.40 0.44 0.30 0.15 0.21 0.33 0.52 0.70 0.76 0.72 0.28 0.41 0.52 0.89 0.84 0.74 0.48 0.58 0.21 0.31 0.28 0.31 0.29 0.25 0.43 0.66 0.43 0.39 0.35 0.32 0.41 0.35 0.51 0.18 0.31 0.36 0.36 0.34 0.21 0.17 0.26 0.19 0.27 0.65 0.92 0.70 1.06 1.28 1.12 1.48 1.71 1.50 1.54 1.32 1.49 1.35 1.26 1.00 0.84 1.19 1.14 0.82 0.44 0.19 0.18 0.20 0.09
0.21 0.34 0.36 0.21 0.35 0.11 0.33 0.88 0.64 0.37 0.57 0.49 1.74 1.73 1.03 0.53 0.21 0.49 0.39 0.42 0.24 0.25 0.28 0.57 0.73 0.66 0.80 0.38 0.36 0.38 0.48 0.77 0.41 0.36 0.52 0.55 0.36 0.20 0.15 0.19 0.30 0.39 0.47 0.44 0.43 0.43 0.29 0.03 0.27 0.15 0.05 0.00 0.17 0.27 0.43 0.27 0.36 0.62 0.34 0.27 0.31 0.72 1.15 1.15 1.06 1.18 1.60 1.34 0.66 1.47 1.99 1.96 1.96 0.99 0.67 0.60 0.55 0.42 0.31 0.24 0.12 0.06 0.10 0.06
0.32 0.51 0.25 0.13 0.20 0.33 0.55 0.52 0.33 0.54 0.74 1.12 1.85 1.55 4.14 0.89 0.32 0.37 0.51 0.49 0.46 0.45 0.57 0.45 0.55 0.66 0.63 0.74 0.81 0.70 0.45 0.23 0.33 0.29 0.58 0.55 0.29 0.18 0.35 0.42 0.51 0.71 0.51 0.40 0.44 0.33 0.18 0.07 0.12 0.11 0.02 0.00 0.08 0.25 0.22 0.20 0.92 0.87 0.30 0.15 0.19 0.24 1.12 1.22 0.84 1.31 2.09 1.17 0.76 1.24 1.46 2.35 1.67 0.88 0.56 0.60 0.50 0.47 0.28 0.15 0.09 0.02 0.09 0.09
0.57 0.67 0.46 0.48 0.34 0.28 0.30 0.49 0.56 0.32 0.74 0.72 1.04 1.29 1.20 1.06 0.62 0.72 0.70 0.52 0.41 0.54 0.81 0.73 0.45 0.41 0.69 0.76 1.05 0.87 0.28 0.39 0.25 0.17 0.21 0.18 0.12 0.16 0.41 0.73 0.59 0.67 0.57 0.40 0.35 0.33 0.24 0.17 0.12 0.26 0.25 0.07 0.13 0.27 0.26 0.31 1.02 0.62 0.34 0.14 0.24 0.93 1.67 1.51 0.78 0.66 1.75 1.14 0.89 0.73 1.08 1.32 1.45 1.03 0.57 0.33 0.23 0.22 0.13 0.11 0.19 0.07 0.03 0.12
0.48 0.58 0.56 0.58 0.43 0.64 0.43 0.75 0.49 0.76 0.89 0.77 1.04 1.23 0.84 1.24 1.39 1.24 1.36 0.55 0.33 0.41 0.41 0.50 0.51 0.55 0.56 1.04 0.87 0.75 0.61 0.48 0.40 0.26 0.14 0.15 0.13 0.16 0.44 0.43 0.62 0.38 0.46 0.33 0.29 0.29 0.21 0.16 0.16 0.33 0.35 0.47 0.60 0.14 0.17 0.97 1.45 0.18 0.44 0.39 0.41 0.57 1.04 1.33 0.58 0.62 1.34 1.16 1.38 1.50 0.69 0.79 1.18 0.86 0.55 0.85 0.46 0.52 0.44 0.26 0.06 0.11 0.01 0.04
0.55 0.71 0.72 0.69 0.63 0.83 0.74 0.62 0.46 0.68 2.96 1.20 0.88 0.95 0.81 1.08 1.18 1.15 1.33 0.90 0.41 0.42 0.25 0.17 0.44 0.81 0.81 1.06 0.79 0.96 0.99 0.53 0.51 0.35 0.39 0.34 0.31 0.48 0.41 0.46 0.69 0.47 0.47 0.35 0.36 0.17 0.16 0.14 0.24 0.24 0.17 0.29 0.47 0.16 0.15 0.63 1.20 0.27 0.19 0.41 0.30 0.26 0.37 0.24 0.35 0.68 1.15 1.23 1.71 1.53 0.77 0.82 1.37 1.31 0.93 0.84 0.64 0.26 0.36 0.20 0.03 0.02 0.03 0.01
0.62 0.79 0.77 0.74 0.63 0.63 0.61 0.50 0.47 1.18 2.07 1.32 0.70 0.78 1.25 1.06 0.93 1.35 1.01 0.76 0.40 0.39 0.41 0.19 0.24 0.94 1.58 1.20 0.78 1.28 0.82 1.36 0.92 0.78 0.48 0.40 0.37 0.24 0.49 0.32 0.36 0.33 0.25 0.25 0.34 0.23 0.15 0.16 0.14 0.21 0.28 0.25 0.22 0.35 0.31 0.79 0.55 0.23 0.15 0.16 0.32 0.13 0.20 0.22 0.52 1.49 1.53 0.88 1.15 1.29 1.05 0.95 0.92 1.18 1.02 0.62 0.17 0.31 0.32 0.21 0.11 0.03 0.01 0.01
0.85 0.90 1.55 1.35 0.80 0.68 0.55 0.44 0.44 1.06 0.99 1.16 1.50 0.77 0.79 0.64 0.50 1.57 0.92 0.59 0.46 0.56 0.54 0.55 0.57 0.66 1.57 1.09 0.65 1.48 1.00 1.23 1.07 1.03 0.43 0.54 0.34 0.21 0.25 0.38 0.47 0.35 0.45 0.22 0.37 0.37 0.21 0.26 0.32 0.28 0.29 0.14 0.08 0.19 0.28 0.15 0.17 0.32 0.30 0.15 0.10 0.11 0.16 0.51 1.06 1.50 2.09 0.71 1.19 1.51 1.39 1.01 0.82 0.84 0.89 0.66 0.30 0.26 0.34 0.23 0.15 0.01 0.00 0.00
0.78 0.85 2.25 1.16 0.99 1.06 0.84 0.53 0.42 0.66 1.62 1.65 1.05 1.42 0.65 0.65 0.74 1.04 1.02 0.75 0.42 0.51 0.58 0.97 0.81 0.62 0.75 0.20 0.60 0.75 1.40 1.87 1.44 1.40 0.89 0.48 0.49 0.27 0.27 0.36 0.46 0.44 0.42 0.35 0.31 0.56 0.29 0.21 0.29 0.13 0.01 0.00 0.15 0.14 0.13 0.15 0.14 0.20 0.32 0.28 0.17 0.24 0.38 0.74 1.75 2.19 1.01 0.80 1.02 1.67 1.43 1.75 0.90 0.88 1.20 0.74 0.42 0.41 0.65 0.38 0.19 0.08 0.00 0.00
0.76 1.63 1.27 1.56 2.32 2.02 0.88 0.51 0.89 0.68 0.79 1.30 2.62 1.59 0.92 0.76 0.87 1.01 0.94 0.88 0.73 0.83 0.80 0.94 0.85 1.06 0.47 0.32 0.34 1.05 2.58 1.57 1.59 1.69 0.67 0.63 0.80 0.94 0.46 0.38 0.22 0.25 0.22 0.25 0.33 0.35 0.27 0.34 0.20 0.11 0.06 0.33 0.13 0.20 0.22 0.11 0.14 0.08 0.26 0.35 0.13 0.20 0.37 0.74 1.16 1.92 1.11 0.71 1.73 2.96 0.78 0.89 0.41 0.54 0.21 0.53 0.18 0.45 0.36 0.20 0.08 0.06 0.01 0.00
1.03 1.97 2.12 1.98 1.64 1.24 1.32 1.16 1.05 0.92 1.19 0.72 0.88 1.64 0.75 0.76 0.79 0.82 0.98 1.37 1.44 1.28 0.69 0.50 0.45 0.83 0.52 0.71 0.54 1.06 1.61 1.89 1.62 1.47 1.40 0.82 1.83 0.79 0.36 0.16 0.13 0.36 0.28 0.49 0.29 0.38 0.27 0.38 0.28 0.12 0.18 0.29 0.55 0.34 0.28 0.23 0.56 0.20 0.30 0.47 0.27 0.14 0.19 0.49 0.38 0.62 0.63 1.21 2.26 2.25 0.89 0.94 1.08 0.23 0.35 0.24 0.33 0.41 0.34 0.07 0.22 0.02 0.08 0.02
