24h/PH_20111105020000.asc
NCOLS 95
NROWS 110
XLLCENTER 939500
YLLCENTER 1831500
CELLSIZE 1000
NODATA_VALUE -999
[rows 37 to 73 of 110, columns 0 to 83 of 95]
8.03 5.75 8.60 5.42 6.26 8.70 7.72 9.25 2.40 1.86 7.02 10.08 7.49 10.16 3.48 3.08 7.85 4.84 6.37 5.45 7.02 6.20 4.64 4.21 3.68 2.98 3.79 3.37 2.60 3.37 2.62 2.30 2.64 1.91 3.58 3.67 5.01 5.62 5.49 6.42 5.96 7.16 4.61 5.38 4.18 2.34 1.24 0.44 0.35 0.49 0.34 0.26 0.16 0.00 0.09 0.21 0.70 2.94 2.45 1.41 0.62 0.84 0.87 0.77 0.27 1.26 0.85 0.85 0.92 0.94 0.42 0.59 0.77 0.26 0.52 0.52 0.33 0.30 0.17 0.23 0.15 0.12 0.11 0.11
6.86 3.75 1.32 3.77 4.49 6.63 8.70 10.19 6.12 4.26 6.31 10.38 6.21 7.32 2.61 3.26 8.48 13.92 13.64 11.51 8.65 6.10 4.15 3.98 3.94 3.71 5.30 2.84 3.26 3.17 3.20 2.47 2.20 2.22 3.57 4.19 4.06 3.93 5.39 6.40 7.75 6.18 4.92 4.99 3.84 1.59 1.54 0.44 0.82 0.81 0.60 0.79 0.41 0.16 0.24 0.00 0.08 1.08 2.10 2.29 0.57 0.41 0.60 0.92 1.17 1.38 0.89 1.59 0.84 1.00 0.56 0.44 0.35 0.36 0.71 0.65 0.46 0.30 0.13 0.08 0.07 0.18 0.12 0.15
7.54 2.89 1.12 3.35 4.98 6.22 9.63 6.50 4.27 0.77 3.09 6.84 6.16 1.23 1.55 2.13 6.70 12.84 15.91 8.63 7.96 6.30 5.49 5.88 4.38 4.78 5.51 3.91 5.08 5.46 4.43 3.19 3.01 3.27 3.99 5.35 4.89 4.66 6.53 6.92 7.03 7.75 3.62 3.38 2.82 1.55 1.84 0.69 1.08 1.22 0.91 0.70 0.39 0.13 0.14 0.15 0.27 1.09 3.45 2.19 0.75 0.57 0.49 0.63 0.68 0.87 1.54 0.80 0.68 0.92 0.73 0.67 0.63 0.72 1.16 0.71 0.33 0.22 0.14 0.13 0.13 0.11 0.06 0.08
7.26 1.69 0.98 1.37 3.96 7.94 7.61 6.39 2.95 1.37 2.43 5.03 4.64 2.99 1.50 2.95 6.47 13.56 15.87 8.74 6.66 6.78 5.07 6.09 5.99 5.58 6.03 3.65 4.20 3.33 4.22 3.45 3.24 5.19 4.28 3.67 5.03 5.75 6.48 5.07 5.57 5.58 3.09 3.02 2.86 2.35 2.04 1.24 0.80 0.69 0.70 0.47 0.20 0.26 0.17 0.09 0.48 1.57 3.52 1.68 2.10 1.60 0.66 0.33 0.34 0.71 0.90 0.88 0.86 0.77 1.14 1.58 1.22 0.95 0.47 0.42 0.24 0.19 0.15 0.14 0.16 0.08 0.23 0.32
5.58 3.43 0.99 1.10 3.29 6.12 8.86 7.91 8.35 3.07 5.34 3.33 1.39 5.02 4.86 5.72 9.17 14.21 14.82 10.62 8.70 7.21 3.39 3.73 6.80 5.95 5.47 4.75 3.73 2.69 4.16 4.16 4.73 6.37 5.15 4.17 5.67 7.26 6.68 6.40 7.05 4.81 4.21 2.82 3.47 3.68 2.65 2.01 0.67 0.70 0.27 0.28 0.32 0.27 0.13 0.27 0.59 1.16 2.04 1.98 2.35 1.03 0.39 0.31 0.31 0.97 0.71 0.86 2.85 2.70 1.53 1.44 1.53 0.64 0.52 0.28 0.15 0.14 0.15 0.24 0.49 0.41 0.21 0.27
7.17 5.02 1.48 0.74 1.59 4.59 8.04 7.45 7.04 6.81 10.52 9.90 1.54 4.55 7.15 6.14 9.50 14.06 14.99 10.58 10.15 9.03 5.52 4.81 6.43 6.13 6.76 5.89 3.73 4.25 5.60 3.37 3.65 5.16 4.57 4.10 6.73 6.37 6.39 6.76 5.31 5.56 4.48 3.69 3.80 4.53 3.03 1.73 0.54 0.33 0.30 0.41 0.40 0.49 0.45 0.29 0.50 1.11 2.23 1.48 0.54 0.45 0.52 0.35 0.42 0.50 0.49 1.53 2.06 2.10 0.80 0.52 0.86 0.55 0.40 0.20 0.18 0.27 0.20 0.55 0.51 0.54 0.36 0.22
6.18 5.15 3.60 1.12 1.01 1.54 6.56 8.53 6.98 4.50 4.00 4.93 3.43 5.05 7.58 6.59 10.56 11.04 12.75 12.81 10.67 6.04 3.49 5.43 7.13 7.77 8.59 5.57 3.88 5.45 4.03 3.00 2.71 2.78 3.98 3.14 6.23 5.89 6.01 7.18 5.95 5.87 4.95 4.12 4.12 4.63 2.72 1.43 0.40 0.43 0.72 0.56 0.51 0.60 0.49 0.41 0.44 1.34 1.23 0.77 0.47 0.41 0.37 0.33 0.21 0.19 0.43 0.76 1.03 0.73 0.59 0.46 0.44 0.48 0.29 0.21 0.29 0.29 0.17 0.24 0.25 0.30 0.42 0.27
5.03 5.89 6.40 1.80 1.13 1.90 4.06 7.88 7.98 3.54 4.25 6.56 5.22 4.10 5.33 6.97 7.51 9.18 12.84 13.07 10.37 4.89 3.91 5.70 8.13 9.74 8.96 7.31 5.16 6.18 5.18 3.26 2.74 2.46 2.85 3.28 5.26 7.08 7.72 6.69 7.60 6.96 4.39 5.67 4.25 3.10 2.87 1.58 0.53 0.61 1.01 0.73 0.57 0.64 0.53 0.44 0.54 1.26 0.76 0.58 0.26 0.51 0.39 0.21 0.11 0.02 0.27 0.77 0.95 1.03 0.78 0.74 0.93 0.75 0.24 0.22 0.33 0.36 0.25 0.13 0.29 0.36 0.39 0.19
4.24 5.12 5.10 4.34 2.20 1.94 3.00 5.79 6.75 3.14 2.79 3.50 3.61 5.37 7.36 8.04 7.71 8.06 11.24 11.66 7.46 4.83 3.94 5.25 7.79 11.00 13.57 10.00 5.73 6.68 4.22 3.53 3.31 3.14 3.23 3.83 5.30 7.43 9.08 7.21 7.45 7.10 4.05 4.06 5.00 3.61 3.36 1.94 0.91 0.97 1.82 1.09 0.58 0.45 0.49 0.40 0.54 0.86 0.76 0.42 0.25 0.49 0.26 0.11 0.02 0.00 0.09 0.69 1.40 1.18 0.52 1.76 0.88 0.52 0.19 0.20 0.28 0.35 0.37 0.36 0.59 0.39 0.14 0.43
5.60 5.70 4.06 4.93 4.40 2.67 3.60 6.93 6.57 5.90 4.95 4.84 4.29 3.25 5.97 6.80 8.89 9.10 13.19 12.52 6.58 4.52 4.58 4.60 8.10 11.48 8.43 10.67 7.60 6.90 4.45 3.69 3.37 3.39 4.29 5.25 6.70 8.12 8.82 6.50 6.19 6.21 4.75 3.44 3.77 4.83 4.31 2.78 1.29 1.00 1.99 0.89 0.50 0.42 0.49 0.31 0.23 0.58 0.80 0.28 0.23 0.31 0.15 0.06 0.02 0.02 0.11 0.34 1.05 0.56 0.51 1.58 0.66 0.49 0.27 0.28 0.30 0.35 0.49 0.72 0.51 0.25 0.14 0.28
2.28 6.43 4.53 2.67 2.17 2.15 2.27 9.59 9.57 7.39 5.51 5.02 5.57 2.83 3.97 5.44 7.99 8.27 11.91 11.64 7.13 4.21 4.59 4.20 6.66 11.70 9.39 9.08 6.34 4.56 4.93 3.88 3.30 4.40 5.21 6.49 7.25 8.47 7.23 4.93 5.12 5.13 4.54 3.83 3.10 5.93 6.94 4.21 2.14 1.35 1.80 0.69 0.30 0.53 0.47 0.35 0.31 0.68 0.87 0.48 0.12 0.13 0.21 0.06 0.02 0.05 0.11 0.17 0.77 0.76 1.15 0.77 0.70 0.31 0.20 0.25 0.25 0.46 0.66 1.01 0.91 0.69 0.24 0.21
3.43 5.28 4.57 2.28 1.73 2.37 2.27 2.87 7.72 7.18 6.19 4.65 4.78 2.43 3.81 5.67 6.70 9.22 11.29 8.53 7.29 6.71 5.07 6.29 8.16 9.92 9.41 8.33 6.23 3.62 4.80 4.37 4.05 4.91 5.02 4.59 6.86 7.22 7.06 4.96 3.94 4.88 4.28 4.31 3.43 5.09 5.75 4.76 2.81 1.54 1.43 0.62 0.60 0.57 0.41 0.34 0.63 0.87 0.71 0.68 0.13 0.11 0.12 0.02 0.03 0.03 0.11 0.22 0.65 0.50 0.55 0.35 0.46 0.36 0.24 0.25 0.37 0.40 0.64 0.50 0.47 0.57 0.24 0.11
12.77 9.25 8.38 4.34 2.12 3.03 2.08 1.70 6.67 6.10 6.41 4.48 6.03 3.64 3.98 3.29 3.12 9.49 9.88 8.30 9.50 10.22 6.63 5.36 9.80 11.24 9.31 8.21 6.53 3.73 5.20 4.08 4.05 3.97 4.06 4.11 5.82 5.04 6.16 4.60 4.95 4.31 4.28 5.58 4.21 4.09 3.50 3.52 2.92 1.73 1.31 0.89 0.74 0.49 0.50 0.62 0.99 1.38 0.72 0.72 0.06 0.11 0.14 0.12 0.07 0.02 0.05 0.11 0.17 0.31 0.31 0.26 0.42 0.38 0.31 0.38 0.57 0.29 0.35 0.41 0.30 0.28 0.30 0.09
6.77 7.07 7.71 3.93 1.82 4.99 5.34 3.45 5.70 4.99 5.17 5.49 4.27 2.32 2.25 2.02 4.89 7.72 7.86 8.77 10.09 9.12 7.24 5.05 7.94 9.28 11.26 8.14 6.93 5.20 6.78 4.87 4.01 4.31 3.27 3.56 4.60 3.61 4.74 4.63 7.51 5.01 4.56 6.14 5.26 4.80 3.37 2.49 1.35 1.16 1.57 1.41 0.98 0.61 0.76 0.86 0.69 1.08 0.88 0.69 0.06 0.15 0.24 0.06 0.05 0.02 0.03 0.08 0.13 0.26 0.30 0.32 0.27 0.38 0.46 0.47 0.50 0.26 0.20 0.31 0.47 0.48 0.28 0.20
5.73 8.04 8.49 3.03 2.30 4.31 4.41 4.44 4.23 4.47 6.01 4.31 3.97 1.55 1.37 1.83 4.99 7.22 8.15 10.10 10.71 9.01 5.18 5.65 5.87 8.77 10.85 8.50 7.17 5.46 5.48 4.52 3.94 4.21 3.80 4.12 4.02 3.43 4.54 5.65 7.71 4.11 4.33 5.61 6.10 5.01 4.36 1.85 0.00 0.72 1.50 1.82 1.23 0.78 0.88 0.85 0.50 0.59 1.36 0.40 0.12 0.28 0.21 0.07 0.05 0.02 0.06 0.09 0.12 0.12 0.28 0.25 0.25 0.27 0.32 0.45 0.40 0.34 0.41 0.31 0.39 0.38 0.36 0.32
6.69 6.70 8.49 5.80 5.56 3.58 6.53 3.38 3.72 3.23 6.71 5.24 5.73 1.78 1.07 1.62 3.97 6.02 12.36 12.80 11.81 8.41 6.30 7.09 4.45 8.62 11.12 8.65 8.34 7.18 7.33 5.92 4.64 4.46 4.58 5.82 5.46 5.81 6.73 5.98 5.14 3.30 4.14 4.37 5.40 4.86 4.48 0.00 0.00 0.29 1.27 2.08 0.85 0.55 0.65 0.88 0.36 0.63 1.49 0.27 0.19 0.40 0.12 0.09 0.01 0.02 0.15 0.11 0.06 0.14 0.20 0.30 0.30 0.23 0.23 0.39 0.50 0.51 0.49 0.37 0.37 0.32 0.39 0.37
8.27 9.39 10.08 7.21 6.67 3.20 2.82 1.98 1.61 2.46 4.31 6.03 6.27 2.25 0.72 2.41 2.33 7.21 10.95 10.79 11.49 5.49 9.36 6.95 4.16 9.93 11.88 9.98 9.68 7.23 6.43 6.54 4.43 4.59 4.61 6.01 4.95 7.74 8.13 5.77 3.78 3.44 3.34 3.60 5.10 5.50 5.71 2.59 0.00 0.88 2.29 2.19 1.11 1.02 0.70 0.79 0.45 0.98 1.48 0.44 0.25 0.27 0.07 0.03 0.01 0.04 0.16 0.10 0.06 0.18 0.19 0.24 0.29 0.23 0.16 0.33 0.37 0.66 0.47 0.59 0.42 0.26 0.11 0.19
8.81 9.93 12.29 10.34 6.72 2.44 1.77 1.46 1.22 2.33 3.92 5.13 3.78 4.85 2.36 3.05 3.48 8.63 11.43 7.02 7.03 5.21 8.98 5.51 5.59 8.12 11.82 10.10 9.15 6.47 6.09 6.58 5.32 4.98 5.19 5.68 5.45 8.46 6.47 5.29 3.72 3.61 3.39 3.81 5.82 5.41 6.63 3.59 2.54 1.78 4.30 3.24 1.80 1.36 1.09 0.82 0.69 1.51 1.24 0.78 0.16 0.13 0.07 0.04 0.02 0.05 0.08 0.06 0.07 0.14 0.20 0.37 0.38 0.17 0.10 0.36 0.30 0.43 0.34 0.53 0.35 0.23 0.09 0.10
7.72 7.26 9.77 10.69 5.58 3.49 6.43 2.37 1.91 1.40 1.34 1.94 1.76 1.61 1.94 2.90 4.07 6.45 7.55 8.69 11.49 8.83 10.16 7.42 7.24 8.75 12.69 11.67 7.79 6.14 6.74 6.34 6.77 6.24 5.71 5.05 5.61 7.74 5.01 4.13 4.08 5.23 4.63 3.63 6.30 4.24 5.20 3.61 2.63 2.19 2.61 2.60 2.41 1.72 1.34 0.96 1.02 1.39 1.10 1.09 0.13 0.07 0.49 0.15 0.03 0.03 0.04 0.04 0.08 0.15 0.23 0.26 0.39 0.26 0.37 0.30 0.40 0.28 0.18 0.27 0.27 0.21 0.16 0.13
15.26 5.77 9.34 10.13 8.79 6.96 1.75 2.43 2.10 1.26 1.23 2.36 3.68 2.02 2.01 1.94 2.15 4.82 5.94 10.22 12.78 8.33 7.86 8.04 8.63 9.24 12.57 12.94 8.40 8.10 8.16 7.05 6.33 6.01 5.29 5.38 5.14 5.98 4.39 4.90 5.24 7.50 5.21 4.23 5.63 4.59 4.93 3.68 1.84 1.50 1.92 1.88 2.33 1.73 1.24 1.37 1.16 1.28 0.81 1.04 0.16 0.21 0.99 0.27 0.02 0.04 0.05 0.05 0.11 0.13 0.12 0.22 0.19 0.17 0.39 0.44 0.27 0.22 0.13 0.16 0.25 0.20 0.19 0.20
7.17 8.43 10.15 10.02 11.03 6.71 3.25 1.65 1.12 1.88 1.83 2.02 4.37 3.31 2.37 1.94 3.04 5.30 4.60 7.08 10.69 8.99 9.19 8.92 8.28 9.19 11.65 14.26 9.19 9.70 7.89 9.61 7.85 5.40 4.78 5.87 6.20 4.66 5.74 7.41 6.40 6.95 4.81 4.94 4.67 4.76 4.85 4.59 1.72 1.16 1.45 2.03 1.93 0.96 0.83 1.70 1.58 1.69 1.07 0.89 0.25 0.14 0.36 0.20 0.02 1.93 0.05 0.09 0.04 0.08 0.12 0.12 0.11 0.24 0.43 0.57 0.44 0.28 0.13 0.15 0.18 0.24 0.21 0.33
4.60 4.82 6.52 4.70 5.41 5.17 3.18 5.01 6.80 1.11 0.87 2.32 4.89 4.10 4.01 3.12 3.26 1.55 5.83 9.41 9.69 8.85 9.28 10.00 7.18 8.42 11.92 14.64 10.63 11.14 10.41 10.57 7.90 5.33 4.80 6.93 7.58 4.48 6.41 8.93 7.46 5.83 5.21 4.63 4.74 6.27 6.43 6.32 1.96 1.04 1.18 1.96 1.23 -999 0.88 1.62 1.50 1.80 1.72 1.07 0.32 0.27 0.51 0.07 0.03 0.04 0.06 0.06 0.02 0.09 0.07 0.06 0.13 0.29 0.73 0.91 0.64 0.48 0.16 0.22 0.25 0.24 0.21 0.27
6.61 5.63 6.24 2.66 6.37 1.83 1.31 6.70 9.31 1.92 1.18 1.94 2.25 3.47 5.01 3.42 0.96 1.47 5.46 7.99 5.69 5.41 9.02 11.70 5.97 5.30 10.24 15.59 14.18 15.42 11.33 10.50 7.52 6.27 7.74 5.35 6.89 6.65 8.82 9.12 5.27 4.63 4.35 3.55 5.54 7.95 6.76 7.16 2.94 2.37 1.08 2.31 1.28 0.89 -999 1.23 1.71 1.95 1.91 0.98 0.59 0.50 0.27 0.03 0.01 0.05 0.04 0.04 0.01 0.03 0.03 0.03 0.11 0.15 0.38 0.37 0.41 0.55 0.67 0.77 0.17 0.19 0.12 0.26
9.31 7.43 5.52 5.62 1.86 2.99 2.88 3.56 2.34 0.93 0.47 2.09 1.85 2.28 4.65 2.91 1.51 4.56 9.92 14.44 8.47 8.57 7.96 8.43 4.79 4.80 11.77 16.75 15.51 13.81 15.07 12.49 8.85 5.85 5.01 5.17 6.12 8.36 8.76 5.60 3.73 3.78 3.30 3.10 5.31 8.74 4.98 5.82 3.10 2.77 1.17 2.50 2.01 1.13 0.93 -999 1.72 3.05 2.49 1.12 0.55 0.61 0.12 0.02 0.02 0.02 0.05 0.02 0.03 0.01 0.01 0.06 0.08 0.22 0.39 0.33 0.35 0.14 0.31 0.27 0.18 0.22 0.41 0.31
4.50 4.42 4.06 4.00 1.96 2.40 4.13 2.17 2.46 1.78 0.78 0.92 2.42 3.26 5.32 4.47 2.53 2.85 10.66 11.07 11.04 7.24 6.97 6.29 5.90 4.66 9.89 12.80 14.21 15.91 15.17 13.19 7.34 3.69 3.64 4.32 5.31 6.13 6.69 3.24 2.62 3.28 3.00 4.59 6.19 8.35 3.88 4.68 2.53 2.47 1.56 1.86 2.03 1.73 1.63 -999 -999 3.13 2.83 1.46 0.65 0.51 0.09 0.10 0.04 0.04 0.03 0.03 0.02 0.01 0.04 0.04 0.04 0.16 0.19 0.27 0.24 0.12 0.19 0.18 0.15 0.13 0.16 0.22
5.07 8.05 6.38 5.08 2.10 4.35 3.78 2.49 4.49 1.37 0.70 1.79 3.10 3.36 5.55 4.44 3.66 4.41 7.83 8.48 10.51 4.89 6.16 7.13 8.41 8.28 8.68 12.54 12.68 14.35 14.93 13.23 9.18 5.43 4.35 3.87 4.88 6.12 3.98 3.33 2.57 3.66 4.02 4.74 5.27 5.78 3.16 3.94 2.71 2.56 1.27 1.22 1.60 1.50 1.65 1.51 -999 -999 2.72 2.45 1.93 0.53 0.54 0.24 0.06 0.12 0.07 0.02 0.02 0.04 0.04 0.00 0.03 0.27 0.21 0.21 0.14 0.09 0.13 0.16 0.13 0.15 0.13 0.36
2.10 2.73 3.68 3.78 2.33 3.35 4.26 4.55 6.10 2.98 2.62 1.58 1.89 1.74 2.94 3.85 3.94 3.11 3.11 4.07 5.51 9.52 8.44 9.09 9.15 7.59 7.24 9.52 9.48 14.48 16.35 12.78 8.59 6.55 6.09 4.58 6.23 5.75 3.34 3.78 4.02 5.76 6.01 4.80 4.77 4.59 4.32 4.37 2.40 1.33 0.53 0.60 1.24 1.28 0.78 1.99 2.69 -999 -999 2.70 0.70 0.54 0.41 0.85 0.20 0.07 0.07 0.04 0.00 0.07 0.03 0.03 0.07 0.26 0.26 0.34 0.25 0.12 0.16 0.16 0.12 0.13 0.15 0.35
1.55 1.87 3.05 4.43 3.65 3.35 3.14 4.57 5.98 4.12 2.44 2.24 2.98 1.41 1.26 3.52 3.58 5.49 5.00 5.24 8.66 10.33 8.63 8.05 9.36 9.89 9.10 9.96 11.96 11.93 15.88 14.56 10.54 8.01 7.28 5.12 6.82 5.28 4.51 4.81 5.96 6.15 5.83 4.72 4.50 5.13 5.87 5.47 2.62 1.19 0.51 0.54 1.19 1.40 0.72 1.75 2.09 0.00 -999 -999 0.33 0.12 0.70 0.41 1.07 0.14 0.08 0.01 0.04 0.07 0.03 0.02 0.05 0.26 0.59 0.37 0.26 0.17 0.32 0.15 0.15 0.06 0.13 0.33
2.25 4.02 2.93 3.05 2.86 2.89 2.44 4.65 5.93 7.34 3.17 1.99 2.84 3.66 4.27 3.69 3.72 4.34 4.91 7.08 9.47 10.61 9.35 9.72 10.35 9.14 10.35 11.10 13.70 11.20 15.32 16.82 9.54 7.43 8.79 5.99 6.52 7.48 7.83 5.97 8.56 5.68 7.99 4.86 4.44 6.72 7.65 5.36 2.46 1.13 1.18 0.59 1.48 1.22 1.01 1.01 1.48 2.55 -999 -999 -999 0.32 1.82 0.05 0.45 0.34 0.11 0.04 0.03 0.05 0.05 0.06 0.09 0.11 0.40 0.48 0.34 0.17 0.26 0.12 0.08 0.07 0.11 0.19
2.03 3.85 5.35 4.26 3.96 3.26 2.85 3.20 3.60 4.02 3.90 2.58 2.91 2.46 3.35 4.91 4.47 4.73 6.97 6.90 10.46 10.85 9.20 9.04 7.32 6.50 7.81 10.20 12.20 13.93 14.64 14.39 9.04 8.09 7.92 6.45 6.39 8.09 9.03 8.41 8.70 4.90 7.49 4.12 4.26 9.45 9.24 5.05 2.29 1.77 1.53 1.03 1.48 1.52 1.00 1.27 1.54 2.90 2.43 -999 -999 -999 0.81 0.02 0.14 0.16 0.63 0.10 0.08 0.09 0.00 0.05 0.19 0.32 0.22 0.31 0.20 0.20 0.27 0.14 0.06 0.09 0.21 0.18
3.56 3.97 5.26 2.69 2.91 2.25 1.97 2.33 3.19 3.88 2.59 2.54 2.61 2.53 3.18 5.28 5.52 5.31 5.85 5.14 5.73 10.67 10.65 7.86 7.50 6.31 6.37 7.81 10.63 21.11 10.99 13.76 10.43 8.29 7.34 6.01 7.52 7.97 8.20 9.14 5.16 4.38 6.51 3.77 4.05 7.39 8.08 3.00 2.56 1.93 1.54 1.47 1.54 1.48 1.03 1.56 2.23 2.67 2.41 0.00 -999 -999 -999 0.02 0.20 0.17 0.40 0.35 0.09 0.09 0.02 0.05 0.10 0.29 0.24 0.23 0.09 0.12 0.27 0.19 0.09 0.17 0.14 0.16
1.82 2.52 4.54 5.04 2.98 2.50 1.84 2.78 3.44 3.81 3.47 2.77 2.72 2.30 2.32 4.99 3.89 3.57 4.64 3.90 6.98 11.38 11.07 9.72 9.92 6.66 4.22 6.59 11.40 16.27 13.36 13.26 12.35 6.92 6.55 4.86 6.18 5.31 7.62 5.82 4.13 3.41 4.58 3.98 3.63 6.85 6.71 3.35 2.11 2.75 1.00 1.27 1.35 1.48 1.63 1.31 2.81 3.76 2.30 2.00 -999 -999 -999 -999 0.14 0.15 0.91 0.49 0.23 0.09 0.04 0.04 0.06 0.12 0.25 0.53 0.40 0.20 0.28 0.12 0.08 0.12 0.18 0.94
2.69 1.49 1.99 3.74 4.22 2.62 2.35 2.87 3.92 3.76 3.47 2.56 2.36 3.10 3.58 4.41 3.67 3.38 4.46 6.50 10.39 12.25 6.11 10.59 9.24 6.45 5.82 6.45 7.46 13.50 12.85 16.28 12.11 7.21 4.69 7.47 5.75 3.91 5.62 4.67 3.17 4.67 5.29 6.04 4.35 6.35 4.04 4.37 2.04 1.83 0.61 0.70 0.96 1.64 1.97 0.91 2.66 3.66 2.70 2.17 1.69 -999 -999 -999 -999 0.51 0.38 0.30 0.23 0.19 0.02 0.02 0.04 0.06 0.49 0.48 0.37 0.55 0.33 0.07 0.08 0.07 0.12 1.46
1.96 1.59 1.64 2.63 4.57 4.68 3.01 3.88 2.76 0.99 1.58 2.51 2.12 2.82 2.64 3.50 4.52 4.70 4.46 6.29 8.18 6.51 10.14 10.13 10.40 9.61 8.09 7.00 7.58 12.24 15.53 15.39 10.04 5.80 8.60 9.63 5.19 3.88 4.54 5.34 4.57 7.21 6.60 6.67 4.43 5.21 4.76 4.35 2.13 1.13 0.81 0.48 0.72 1.51 1.08 1.30 2.84 2.53 2.03 2.12 0.39 0.00 -999 -999 -999 -999 0.64 0.19 0.25 0.41 0.07 0.01 0.01 0.11 0.70 0.59 0.32 0.46 0.29 0.25 0.05 0.08 0.12 0.51
2.35 1.51 1.56 2.09 4.70 4.68 3.01 4.48 2.47 1.13 0.93 2.02 2.03 2.33 1.75 3.41 2.96 3.02 4.63 3.98 9.83 9.58 11.36 7.42 10.65 9.90 9.65 8.13 11.65 13.94 12.05 13.00 10.22 9.46 10.24 7.54 6.63 5.94 9.51 7.99 5.64 7.63 8.07 6.55 3.09 5.15 6.65 5.07 2.47 1.18 1.13 0.74 1.33 1.54 0.94 1.58 2.61 1.87 2.31 1.23 0.71 0.91 -999 -999 -999 -999 -999 0.30 0.21 0.17 0.35 0.13 0.02 0.37 0.38 0.21 0.42 0.30 0.26 0.16 0.08 0.14 0.12 0.18
2.99 2.79 2.42 2.81 2.55 3.96 2.12 2.04 2.01 1.33 1.14 2.33 3.15 3.11 2.06 1.58 2.67 1.64 2.57 3.35 6.52 8.41 7.87 6.25 6.13 6.84 5.20 7.84 11.54 14.01 13.64 13.12 9.29 8.35 8.94 8.03 5.63 7.88 10.55 8.87 7.01 9.05 9.77 4.39 4.01 6.05 7.31 4.73 2.24 1.85 1.25 1.20 2.25 1.56 1.10 1.93 1.69 2.62 3.30 1.26 0.91 1.26 0.56 -999 -999 -999 -999 -999 0.54 0.31 0.41 0.22 0.10 0.25 0.16 0.17 0.24 0.31 0.55 0.17 0.07 0.20 0.21 0.38
2.43 2.63 1.82 2.44 1.79 1.77 1.90 2.22 2.05 1.83 2.70 2.07 2.64 1.52 1.43 2.13 2.09 1.64 4.74 5.32 3.83 4.22 5.67 4.03 4.91 6.99 4.33 7.07 8.86 11.36 14.60 12.34 9.35 6.57 7.44 5.52 4.59 7.78 7.41 5.47 5.83 10.62 6.07 2.89 3.59 6.22 8.17 3.66 1.49 1.65 0.91 2.27 2.28 1.76 1.16 2.28 2.24 2.89 2.68 1.67 1.67 0.68 0.39 0.00 -999 -999 -999 -999 -999 0.38 0.21 0.19 0.10 0.05 0.05 0.09 0.18 0.43 0.32 0.24 0.13 0.20 0.23 1.59
