DATA/Ex_dossier_pluie/24h/PH_20111105180000.asc
NCOLS 95
NROWS 110
XLLCENTER 939500
YLLCENTER 1831500
CELLSIZE 1000
NODATA_VALUE -999
[rows 38 to 75 of 110, columns 0 to 83 of 95]
0.18 0.24 0.23 0.33 0.21 0.10 0.19 0.31 0.29 0.33 0.31 0.24 0.23 0.20 0.22 0.15 0.13 0.05 0.10 0.10 0.11 0.04 0.02 0.03 0.04 0.14 0.14 0.15 0.20 0.23 0.19 0.23 0.26 0.32 0.14 0.46 0.18 0.03 0.04 0.03 0.02 0.01 0.03 0.02 0.05 0.08 0.10 0.18 0.22 0.31 0.11 0.07 0.09 0.13 0.00 0.00 0.00 0.05 0.05 0.02 0.05 0.04 0.02 0.07 0.09 0.10 0.07 0.16 0.24 0.29 0.28 0.10 0.11 0.08 0.15 0.18 0.19 0.10 0.07 0.05 0.07 0.13 0.15 0.17
0.30 0.31 0.37 0.20 0.27 0.21 0.38 0.24 0.35 0.35 0.39 0.33 0.31 0.29 0.25 0.16 0.14 0.09 0.14 0.09 0.09 0.03 0.02 0.07 0.11 0.12 0.18 0.13 0.21 0.23 0.22 0.06 0.09 0.30 0.10 0.11 0.04 0.07 0.05 0.00 0.02 0.01 0.02 0.01 0.01 0.03 0.09 0.12 0.07 0.06 0.05 0.10 0.06 0.10 0.04 0.04 0.01 0.09 0.07 0.09 0.09 0.04 0.03 0.11 0.09 0.05 0.05 0.13 0.17 0.22 0.20 0.10 0.18 0.10 0.11 0.06 0.07 0.05 0.02 0.01 0.05 0.09 0.14 0.15
0.26 0.39 0.41 0.30 0.33 0.27 0.33 0.38 0.34 0.46 0.38 0.36 0.36 0.38 0.20 0.22 0.18 0.16 0.10 0.12 0.04 0.03 0.08 0.13 0.13 0.13 0.07 0.08 0.18 0.19 0.18 0.05 0.06 0.02 0.01 0.02 0.09 0.01 0.03 0.03 0.00 0.00 0.00 0.00 0.00 0.02 0.04 0.07 0.08 0.06 0.06 0.08 0.10 0.05 0.01 0.02 0.02 0.07 0.13 0.13 0.06 0.05 0.04 0.05 0.02 0.01 0.02 0.05 0.10 0.21 0.15 0.12 0.17 0.15 0.06 0.02 0.02 0.03 0.03 0.03 0.05 0.08 0.12 0.14
0.30 0.27 0.28 0.45 0.31 0.44 0.28 0.38 0.47 0.38 0.36 0.46 0.41 0.41 0.34 0.32 0.24 0.13 0.08 0.17 0.07 0.05 0.11 0.16 0.09 0.15 0.09 0.02 0.14 0.17 0.15 0.10 0.04 0.01 0.00 0.00 0.01 0.02 0.00 0.00 0.00 0.00 0.00 0.00 0.00 0.01 0.01 0.00 0.04 0.04 0.04 0.03 0.03 0.03 0.02 0.02 0.02 0.07 0.12 0.09 0.05 0.11 0.08 0.05 0.01 0.03 0.03 0.02 0.11 0.20 0.10 0.13 0.08 0.10 0.05 0.05 0.04 0.08 0.05 0.06 0.04 0.10 0.11 0.13
0.51 0.25 0.46 0.37 0.43 0.49 0.35 0.38 0.37 0.40 0.30 0.56 0.46 0.56 0.41 0.38 0.25 0.11 0.11 0.07 0.18 0.14 0.14 0.18 0.09 0.08 0.07 0.05 0.03 0.19 0.14 0.07 0.02 0.00 0.00 0.02 0.01 0.02 0.00 0.00 0.00 0.00 0.00 0.00 0.00 0.00 0.00 0.01 0.02 0.02 0.01 0.02 0.02 0.01 0.02 0.01 0.03 0.07 0.09 0.06 0.09 0.11 0.04 0.03 0.00 0.10 0.05 0.05 0.10 0.16 0.15 0.15 0.09 0.06 0.07 0.07 0.09 0.13 0.14 0.06 0.05 0.08 0.13 0.07
0.29 0.31 0.40 0.32 0.46 0.48 0.48 0.24 0.27 0.41 0.48 0.49 0.52 0.48 0.46 0.12 0.08 0.18 0.08 0.17 0.18 0.12 0.18 0.14 0.12 0.07 0.06 0.08 0.07 0.10 0.08 0.00 0.00 0.01 0.01 0.00 0.01 0.01 0.01 0.00 0.00 0.01 0.00 0.00 0.00 0.00 0.00 0.00 0.01 0.01 0.01 0.02 0.01 0.01 0.02 0.01 0.05 0.06 0.03 0.03 0.04 0.03 0.01 0.01 0.01 0.03 0.00 0.04 0.07 0.13 0.21 0.21 0.12 0.07 0.10 0.14 0.11 0.10 0.10 0.11 0.05 0.10 0.09 0.10
0.33 0.52 0.52 0.50 0.51 0.56 0.52 0.27 0.20 0.51 0.52 0.53 0.46 0.40 0.49 0.15 0.08 0.17 0.08 0.12 0.12 0.15 0.17 0.12 0.13 0.09 0.02 0.08 0.07 0.06 0.03 0.00 0.00 0.00 0.01 0.00 0.00 0.01 0.00 0.00 0.00 0.02 0.00 0.00 0.00 0.00 0.00 0.00 0.01 0.00 0.00 0.01 0.00 0.00 0.02 0.03 0.04 0.02 0.01 0.02 0.02 0.01 0.00 0.01 0.01 0.01 0.02 0.06 0.07 0.12 0.28 0.12 0.07 0.06 0.12 0.13 0.09 0.04 0.08 0.13 0.15 0.14 0.10 0.06
0.29 0.57 0.41 0.35 0.62 0.59 0.52 0.36 0.19 0.51 0.54 0.43 0.49 0.36 0.29 0.13 0.08 0.06 0.08 0.07 0.04 0.11 0.15 0.18 0.10 0.10 0.07 0.08 0.07 0.05 0.02 0.02 0.00 0.00 0.04 0.02 0.00 0.00 0.00 0.00 0.00 0.00 0.00 0.00 0.00 0.00 0.00 0.01 0.00 0.00 0.00 0.01 0.00 0.00 0.02 0.01 0.02 0.01 0.01 0.01 0.01 0.02 0.02 0.00 0.01 0.01 0.05 0.03 0.04 0.04 0.10 0.04 0.03 0.06 0.10 0.08 0.06 0.03 0.05 0.07 0.08 0.10 0.07 0.04
0.40 0.49 1.67 0.45 0.46 0.51 0.47 0.50 0.21 0.36 0.31 0.20 0.40 0.36 0.18 0.14 0.08 0.09 0.14 0.10 0.05 0.10 0.33 0.16 0.13 0.07 0.04 0.07 0.05 0.03 0.04 0.02 0.00 0.00 0.02 0.01 0.00 0.00 0.00 0.00 0.00 0.00 0.00 0.00 0.00 0.01 0.00 0.00 0.00 0.00 0.00 0.00 0.00 0.00 0.01 0.00 0.00 0.01 0.01 0.01 0.01 0.01 0.02 0.01 0.03 0.07 0.12 0.06 0.04 0.02 0.03 0.07 0.07 0.05 0.08 0.08 0.05 0.07 0.07 0.12 0.07 0.02 0.09 0.03
0.31 0.38 2.39 0.90 0.57 0.37 0.43 0.46 0.50 0.33 0.28 0.16 0.13 0.22 0.19 0.07 0.12 0.29 0.21 0.10 0.06 0.21 0.30 0.04 0.11 0.05 0.05 0.05 0.07 0.04 0.06 0.00 0.00 0.00 0.00 0.02 0.00 0.00 0.02 0.00 0.00 0.00 0.00 0.00 0.00 0.01 0.01 0.00 0.00 0.00 0.00 0.00 0.00 0.00 0.01 0.03 0.00 0.00 0.01 0.00 0.01 0.01 0.01 0.01 0.04 0.04 0.07 0.09 0.03 0.02 0.06 0.14 0.16 0.21 0.11 0.07 0.06 0.07 0.12 0.14 0.03 0.05 0.12 0.04
0.37 1.96 2.62 0.63 0.45 0.31 0.55 0.59 1.19 1.24 1.00 0.75 0.40 0.27 0.17 0.28 0.21 0.31 0.22 0.09 0.16 0.23 0.08 0.04 0.05 0.07 0.05 0.08 0.04 0.00 0.07 0.00 0.00 0.00 0.00 0.01 0.00 0.00 0.01 0.01 0.00 0.00 0.00 0.00 0.00 0.01 0.00 0.00 0.00 0.00 0.00 0.00 0.00 0.00 0.00 0.00 0.00 0.00 0.00 0.00 0.01 0.02 0.00 0.04 0.05 0.04 0.13 0.08 0.03 0.02 0.05 0.09 0.14 0.13 0.09 0.04 0.04 0.09 0.16 0.12 0.04 0.02 0.04 0.04
0.98 0.96 0.83 0.34 0.46 0.42 0.57 0.65 0.50 0.64 0.23 0.22 0.39 0.31 0.68 0.46 0.38 0.29 0.34 0.10 0.12 0.16 0.16 0.12 0.08 0.08 0.11 0.00 0.05 0.01 0.01 0.00 0.00 0.00 0.00 0.00 0.00 0.00 0.01 0.02 0.00 0.00 0.00 0.00 0.00 0.00 0.00 0.00 0.00 0.00 0.00 0.00 0.00 0.00 0.00 0.00 0.00 0.01 0.01 0.00 0.00 0.00 0.01 0.06 0.05 0.03 0.06 0.03 0.02 0.07 0.13 0.10 0.07 0.06 0.05 0.03 0.04 0.07 0.09 0.12 0.03 0.03 0.03 0.04
1.21 0.90 0.81 0.52 0.39 0.47 0.61 0.61 0.41 2.20 1.85 1.14 0.46 0.72 0.71 0.69 0.69 0.24 0.26 0.21 0.22 0.17 0.24 0.11 0.12 0.10 0.23 0.08 0.04 0.01 0.01 0.01 0.00 0.00 0.00 0.00 0.00 0.00 0.00 0.01 0.00 0.00 0.00 0.00 0.00 0.00 0.00 0.00 0.00 0.00 0.00 0.00 0.00 0.00 0.00 0.00 0.00 0.00 0.00 0.01 0.00 0.02 0.04 0.06 0.04 0.04 0.04 0.05 0.06 0.12 0.13 0.12 0.08 0.05 0.04 0.06 0.07 0.04 0.02 0.04 0.01 0.08 0.05 0.05
0.52 0.46 0.51 0.48 0.47 0.42 0.75 0.92 0.46 0.47 0.50 0.45 0.29 0.86 0.75 0.79 0.65 0.32 0.16 0.40 0.31 0.29 0.26 0.21 0.17 0.19 0.12 0.14 0.02 0.02 0.02 0.02 0.00 0.00 0.00 0.00 0.00 0.00 0.00 0.01 0.00 0.00 0.01 0.01 0.00 0.00 0.00 0.00 0.00 0.00 0.00 0.00 0.00 0.00 0.00 0.01 0.00 0.00 0.01 0.04 0.01 0.01 0.04 0.09 0.06 0.06 0.07 0.07 0.07 0.11 0.12 0.09 0.05 0.02 0.02 0.06 0.04 0.02 0.02 0.01 0.01 0.02 0.04 0.05
0.29 0.33 0.39 0.17 0.38 0.20 0.40 0.51 0.58 0.53 0.31 0.38 0.22 0.64 0.80 0.68 0.64 0.42 0.46 0.40 0.22 0.24 0.16 0.19 0.05 0.18 0.09 0.09 0.06 0.02 0.01 0.01 0.00 0.00 0.00 0.00 0.00 0.00 0.00 0.00 0.00 0.00 0.00 0.00 0.00 0.00 0.00 0.00 0.00 0.00 0.00 0.00 0.00 0.00 0.00 0.00 0.00 0.00 0.00 0.00 0.00 0.03 0.03 0.05 0.05 0.11 0.09 0.12 0.13 0.09 0.10 0.09 0.04 0.05 0.07 0.07 0.05 0.01 0.01 0.01 0.00 0.00 0.01 0.02
0.29 0.41 0.53 0.29 0.21 0.32 0.59 0.59 0.45 0.53 0.50 0.47 0.39 0.66 0.69 0.69 0.69 0.43 0.53 0.62 0.37 0.24 0.12 0.18 0.09 0.10 0.11 0.09 0.06 0.06 0.02 0.03 0.02 0.01 0.01 0.00 0.00 0.00 0.00 0.00 0.00 0.00 0.00 0.01 0.00 0.00 0.00 0.00 0.00 0.00 0.00 0.00 0.00 0.00 0.00 0.00 0.00 0.00 0.00 0.00 0.01 0.02 0.01 0.03 0.05 0.09 0.13 0.14 0.16 0.10 0.13 0.11 0.05 0.10 0.13 0.04 0.04 0.01 0.01 0.02 0.01 0.01 0.00 0.02
0.29 0.36 0.38 0.37 0.30 0.47 0.53 0.52 0.57 0.48 0.49 0.62 0.67 0.71 0.87 0.56 0.67 0.61 0.44 0.50 0.29 0.36 0.11 0.05 0.09 0.10 0.18 0.14 0.09 0.18 0.29 0.06 0.06 0.03 0.01 0.01 0.00 0.00 0.00 0.00 0.00 0.00 0.00 0.00 0.00 0.00 0.00 0.00 0.00 0.00 0.00 0.00 0.00 0.00 0.00 0.00 0.00 0.00 0.01 0.02 0.01 0.01 0.02 0.02 0.06 0.16 0.11 0.16 0.13 0.09 0.13 0.07 0.06 0.12 0.08 0.02 0.01 0.01 0.00 0.00 0.00 0.00 0.01 0.01
0.37 0.39 0.38 0.41 0.31 0.41 0.44 0.46 0.50 0.35 0.65 0.76 0.76 0.63 0.87 0.57 0.44 0.41 0.27 0.48 0.30 0.22 0.05 0.01 0.02 0.09 0.13 0.08 0.17 0.14 0.23 0.11 0.08 0.04 0.02 0.01 0.00 0.00 0.01 0.01 0.00 0.00 0.00 0.00 0.00 0.01 0.01 0.00 0.00 0.00 0.00 0.01 0.00 0.00 0.00 0.00 0.00 0.00 0.00 0.00 0.00 0.01 0.02 0.06 0.16 0.11 0.07 0.11 0.13 0.14 0.15 0.12 0.07 0.05 0.07 0.08 0.02 0.02 0.01 0.03 0.00 0.00 0.01 0.01
0.42 0.43 0.44 0.56 0.50 0.47 0.63 0.53 0.52 0.61 0.60 0.74 0.66 0.85 0.83 0.64 0.72 0.62 0.38 0.62 0.27 0.13 0.25 0.13 0.07 0.12 0.11 0.10 0.07 0.15 0.21 0.22 0.16 0.04 0.05 0.03 0.02 0.01 0.01 0.00 0.00 0.00 0.00 0.00 0.00 0.00 0.02 0.01 0.00 0.01 0.02 0.02 0.00 0.00 0.00 0.00 0.00 0.01 0.00 0.00 0.00 0.02 0.05 0.07 0.14 0.07 0.09 0.22 0.45 0.51 0.29 0.23 0.17 0.19 0.19 0.05 0.05 0.06 0.07 0.01 0.00 0.01 0.02 0.03
0.39 0.59 0.64 0.51 0.56 0.56 0.57 0.65 0.66 0.83 0.74 0.94 0.82 0.92 0.74 0.64 0.87 0.91 0.59 0.75 0.32 0.39 0.28 0.13 0.07 0.10 0.06 0.07 0.05 0.07 0.10 0.25 0.06 0.03 0.04 0.08 0.08 0.05 0.01 0.00 0.00 0.00 0.00 0.00 0.01 0.00 0.02 0.02 0.01 0.02 0.04 0.03 0.01 0.00 0.01 0.01 0.03 0.01 0.00 0.00 0.02 0.05 0.09 0.05 0.05 0.07 0.08 0.27 0.34 0.14 0.19 0.20 0.27 0.28 0.15 0.11 0.07 0.14 0.13 0.06 0.06 0.04 0.03 0.02
0.42 0.53 0.88 0.75 0.56 0.57 0.60 0.71 0.65 0.85 0.74 0.96 1.63 1.07 0.74 0.58 0.74 1.39 1.25 0.81 0.66 0.63 0.48 0.22 0.37 0.30 0.07 0.06 0.06 0.13 0.15 0.05 0.02 0.03 0.07 0.09 0.07 0.04 0.00 0.00 0.00 0.00 0.00 0.00 0.00 0.01 0.02 0.02 0.01 0.03 0.05 0.03 0.01 -999 0.00 0.01 0.01 0.01 0.02 0.03 0.02 0.03 0.05 0.04 0.07 0.13 0.09 0.19 0.16 0.11 0.22 0.16 0.36 0.16 0.12 0.10 0.15 0.08 0.10 0.11 0.14 0.11 0.04 0.02
0.47 0.74 1.13 1.06 0.55 0.62 0.61 0.90 1.00 0.78 0.71 1.23 0.67 0.95 0.84 0.84 1.19 1.15 0.93 0.94 0.73 1.00 0.92 0.37 0.56 0.21 0.15 0.11 0.06 0.07 0.06 0.06 0.07 0.07 0.04 0.07 0.05 0.00 0.00 0.00 0.01 0.00 0.00 0.00 0.00 0.01 0.01 0.01 0.01 0.04 0.05 0.05 0.02 0.02 -999 0.00 0.01 0.01 0.02 0.02 0.01 0.03 0.04 0.04 0.06 0.08 0.06 0.10 0.10 0.07 0.05 0.08 0.08 0.13 0.08 0.13 0.11 0.07 0.16 0.16 0.09 0.09 0.05 0.04
0.68 0.96 1.20 0.64 0.54 0.51 0.59 0.79 1.31 0.81 0.85 1.46 0.66 0.96 0.90 0.95 1.72 0.96 0.62 0.81 0.79 0.88 0.82 0.60 0.33 0.33 0.30 0.43 0.19 0.16 0.09 0.11 0.15 0.24 0.17 0.02 0.01 0.02 0.01 0.03 0.02 0.02 0.02 0.00 0.00 0.00 0.02 0.01 0.01 0.03 0.03 0.02 0.03 0.03 0.06 -999 0.00 0.00 0.02 0.03 0.00 0.02 0.02 0.02 0.03 0.04 0.05 0.05 0.02 0.03 0.05 0.02 0.16 0.06 0.05 0.07 0.03 0.01 0.08 0.10 0.05 0.15 0.10 0.08
0.46 0.57 0.75 0.68 0.37 0.42 0.63 0.76 0.96 0.76 0.78 1.22 1.32 1.32 1.15 1.09 1.49 1.21 1.05 1.32 1.00 1.05 1.28 0.89 0.70 0.48 0.56 0.59 0.17 0.10 0.11 0.09 0.09 0.04 0.03 0.05 0.02 0.01 0.02 0.05 0.05 0.01 0.00 0.00 0.00 0.00 0.01 0.01 0.00 0.01 0.02 0.01 0.03 0.04 0.04 -999 -999 0.00 0.02 0.02 0.02 0.01 0.00 0.00 0.01 0.02 0.02 0.03 0.02 0.01 0.02 0.02 0.02 0.01 0.03 0.01 0.02 0.00 0.04 0.05 0.05 0.10 0.04 0.07
0.42 0.43 0.39 0.62 0.53 0.39 0.49 0.84 1.19 0.89 0.62 0.79 1.45 1.32 0.95 1.53 2.94 1.86 1.76 1.10 0.97 1.08 1.25 0.72 0.75 0.84 0.38 0.54 0.43 0.29 0.25 0.10 0.21 0.11 0.12 0.16 0.09 0.06 0.04 0.06 0.03 0.02 0.01 0.01 0.00 0.00 0.00 0.00 0.00 0.01 0.01 0.00 0.01 0.03 0.04 0.02 -999 -999 0.02 0.02 0.01 0.00 0.00 0.00 0.00 0.01 0.02 0.00 0.02 0.01 0.01 0.01 0.02 0.02 0.03 0.02 0.01 0.03 0.02 0.01 0.04 0.12 0.16 0.09
0.32 0.33 1.05 0.78 0.56 0.67 0.72 1.17 1.81 1.20 1.11 1.16 1.09 1.35 1.65 1.50 1.67 1.80 0.95 1.00 1.00 1.49 1.94 1.48 1.26 1.09 0.78 0.78 0.46 0.76 0.19 0.15 0.16 0.12 0.12 0.10 0.14 0.05 0.04 0.03 0.02 0.01 0.02 0.02 0.00 0.01 0.01 0.00 0.00 0.00 0.00 0.00 0.01 0.02 0.02 0.01 0.00 -999 -999 0.00 0.00 0.00 0.00 0.01 0.00 0.03 0.03 0.02 0.02 0.02 0.02 0.02 0.02 0.05 0.01 0.01 0.01 0.01 0.02 0.01 0.03 0.09 0.06 0.13
0.28 0.34 1.09 0.93 0.81 1.21 0.94 1.06 0.98 0.88 0.85 1.17 1.18 2.10 1.84 1.03 1.45 1.89 1.17 2.06 1.94 2.16 1.99 1.91 1.59 2.10 1.43 0.80 0.55 0.42 0.34 0.28 0.19 0.16 0.18 0.21 0.10 0.07 0.05 0.03 0.03 0.04 0.04 0.03 0.00 0.00 0.00 0.00 0.01 0.01 0.01 0.00 0.00 0.01 0.02 0.01 0.00 0.00 -999 -999 0.00 0.01 0.00 0.02 0.02 0.03 0.03 0.01 0.00 0.01 0.01 0.01 0.02 0.02 0.01 0.00 0.03 0.06 0.06 0.03 0.04 0.02 0.07 0.11
0.68 0.80 0.80 0.64 0.49 0.50 0.65 0.60 0.69 0.88 0.73 0.68 1.35 2.57 2.56 1.73 1.65 1.60 2.24 2.88 2.30 2.80 2.54 2.67 2.19 2.35 1.56 0.92 0.90 0.70 0.48 0.48 0.33 0.28 0.30 0.31 0.17 0.07 0.07 0.04 0.04 0.02 0.04 0.05 0.01 0.02 0.00 0.00 0.00 0.01 0.01 0.00 0.00 0.00 0.01 0.00 0.00 0.02 -999 -999 -999 0.00 0.00 0.00 0.00 0.02 0.00 0.01 0.00 0.00 0.02 0.01 0.05 0.02 0.05 0.08 0.09 0.13 0.05 0.02 0.02 0.01 0.01 0.10
0.57 0.87 0.53 0.53 0.56 0.46 0.55 0.59 0.66 1.78 1.21 0.91 1.60 1.83 2.14 1.99 1.45 1.28 1.59 1.45 1.41 5.05 3.19 2.62 2.46 2.00 1.69 1.43 1.15 1.06 0.83 0.83 0.45 0.45 0.35 0.17 0.24 0.12 0.13 0.11 0.07 0.04 0.04 0.03 0.01 0.00 0.00 0.01 0.00 0.00 0.00 0.00 0.00 0.00 0.01 0.00 0.00 0.00 0.01 -999 -999 -999 0.00 0.00 0.00 0.01 0.00 0.00 0.00 0.00 0.00 0.03 0.03 0.03 0.13 0.20 0.07 0.07 0.06 0.02 0.04 0.01 0.02 0.04
0.51 0.43 0.58 0.68 0.58 0.38 0.52 1.33 2.36 1.43 0.95 0.83 1.05 1.17 1.65 1.82 1.21 1.49 1.93 2.20 1.54 3.69 3.77 3.02 3.31 2.51 1.79 1.61 1.37 1.32 1.19 1.05 0.52 0.52 0.35 0.27 0.34 0.27 0.18 0.19 0.09 0.07 0.03 0.06 0.02 0.01 0.00 0.02 0.00 0.00 0.00 0.00 0.00 0.01 0.00 0.01 0.00 0.00 0.00 0.00 -999 -999 -999 0.00 0.00 0.00 0.00 0.00 0.00 0.00 0.00 0.01 0.02 0.02 0.09 0.17 0.22 0.11 0.02 0.00 0.02 0.03 0.01 0.04
0.70 0.66 0.54 0.66 0.76 0.82 0.92 0.76 0.97 0.56 0.47 0.83 0.85 0.84 0.92 1.96 1.23 1.00 1.29 2.90 2.35 3.04 2.80 3.24 2.78 1.98 2.13 2.31 1.54 1.94 1.57 1.29 0.77 0.77 0.28 0.37 0.51 0.35 0.22 0.21 0.12 0.11 0.10 0.02 0.01 0.01 0.01 0.02 0.00 0.00 0.00 0.00 0.00 0.00 0.00 0.01 0.01 0.00 0.00 0.00 -999 -999 -999 -999 0.00 0.00 0.01 0.00 0.00 0.00 0.00 0.00 0.02 0.05 0.04 0.02 0.03 0.08 0.09 0.02 0.03 0.02 0.00 0.03
0.54 0.63 0.85 1.22 0.93 0.75 0.86 0.76 0.63 0.92 0.80 0.65 0.77 0.81 1.33 2.25 1.50 1.20 1.53 2.20 3.14 2.16 2.81 2.63 2.82 2.18 2.45 2.91 2.61 2.24 1.33 1.17 1.12 0.71 0.48 0.72 0.82 0.55 0.44 0.36 0.24 0.14 0.06 0.02 0.03 0.03 0.01 0.01 0.01 0.01 0.00 0.03 0.00 0.01 0.00 0.00 0.00 0.00 0.00 0.00 0.00 -999 -999 -999 -999 0.01 0.00 0.00 0.00 0.00 0.01 0.00 0.02 0.06 0.01 0.01 0.02 0.09 0.15 0.14 0.09 0.03 0.00 0.02
0.91 0.99 1.29 1.37 0.94 0.91 0.99 1.18 0.87 0.76 0.75 0.60 0.99 0.96 1.70 0.95 0.98 1.55 1.72 1.48 1.70 1.99 1.92 2.32 2.64 3.81 3.20 3.48 3.24 2.13 1.30 1.14 1.19 0.97 0.93 1.01 0.79 0.60 0.66 0.41 0.44 0.27 0.12 0.07 0.03 0.02 0.05 0.03 0.02 0.04 0.04 0.05 0.04 0.00 0.00 0.01 0.00 0.01 0.00 0.00 0.00 0.00 -999 -999 -999 -999 0.00 0.02 0.01 0.03 0.00 0.00 0.01 0.04 0.01 0.02 0.04 0.07 0.14 0.01 0.06 0.01 0.02 0.00
1.18 1.65 1.88 1.64 1.35 0.85 0.97 0.89 0.94 1.20 0.96 0.88 0.93 0.59 1.07 1.31 0.71 1.27 1.32 1.24 1.10 2.12 2.26 1.98 2.71 3.09 4.29 3.15 2.22 1.86 1.64 1.39 1.30 0.93 0.87 0.78 0.65 0.71 0.37 0.23 0.40 0.24 0.18 0.07 0.07 0.09 0.13 0.11 0.11 0.03 0.01 0.02 0.01 0.07 0.05 0.03 0.01 0.00 0.00 0.00 0.00 0.00 -999 -999 -999 -999 -999 0.02 0.02 0.04 0.01 0.00 0.00 0.01 0.01 0.00 0.00 0.01 0.01 0.07 0.07 0.08 0.00 0.01
1.93 2.40 2.69 2.91 1.67 1.05 0.87 0.96 1.16 1.20 1.33 0.94 0.91 0.99 0.97 1.02 0.49 0.90 0.99 1.18 2.28 2.00 1.16 1.56 2.21 2.94 3.13 2.09 2.04 1.91 1.45 1.40 1.41 1.09 1.03 0.77 0.68 0.50 0.29 0.31 0.34 0.21 0.16 0.11 0.12 0.18 0.24 0.10 0.24 0.06 0.04 0.04 0.01 0.01 0.03 0.00 0.07 0.06 0.03 0.00 0.00 0.00 0.00 -999 -999 -999 -999 -999 0.04 0.02 0.00 0.00 0.00 0.00 0.00 0.00 0.01 0.00 0.01 0.05 0.06 0.08 0.04 0.06
1.77 2.66 2.58 1.51 1.18 1.03 1.08 1.32 1.98 1.31 1.18 1.42 1.64 1.18 1.11 1.35 0.91 0.74 0.85 1.05 0.83 1.11 1.58 1.97 2.28 2.26 3.54 2.83 2.24 1.81 1.34 1.43 1.55 1.03 0.91 0.79 0.46 0.71 0.60 0.46 0.38 0.25 0.20 0.17 0.22 0.13 0.19 0.09 0.11 0.09 0.09 0.08 0.04 0.04 0.02 0.02 0.01 0.00 0.00 0.00 0.00 0.02 0.00 0.00 -999 -999 -999 -999 -999 0.00 0.00 0.00 0.00 0.00 0.00 0.00 0.01 0.01 0.00 0.03 0.04 0.11 0.13 0.15
1.50 1.76 1.66 1.36 1.29 1.06 1.33 1.39 2.09 2.96 2.14 1.37 1.54 1.66 2.27 1.40 0.89 1.31 0.80 0.80 0.99 1.42 1.40 1.51 2.12 1.56 2.57 2.87 2.28 1.82 1.41 2.15 1.51 1.24 0.94 0.66 0.62 0.78 0.39 0.41 0.29 0.43 0.36 0.17 0.09 0.04 0.20 0.01 0.06 0.15 0.18 0.10 0.08 0.10 0.03 0.04 0.01 0.01 0.01 0.00 0.01 0.01 0.00 0.00 -999 -999 -999 -999 -999 -999 0.00 0.00 0.00 0.00 0.00 0.00 0.00 0.00 0.01 0.01 0.03 0.07 0.03 0.02
1.28 1.63 1.84 1.72 1.39 1.27 1.61 2.23 3.24 2.72 1.97 1.69 1.96 1.94 1.87 2.20 1.65 1.44 1.16 1.14 1.02 1.07 0.95 1.09 1.48 1.63 2.34 2.19 2.04 1.57 1.72 1.77 1.63 1.27 1.06 0.73 0.59 0.65 0.69 0.48 0.38 0.32 0.32 0.26 0.13 0.08 0.14 0.08 0.15 0.15 0.21 0.09 0.10 0.10 0.08 0.07 0.03 0.05 0.01 0.01 0.01 0.00 0.00 0.00 0.00 -999 -999 -999 -999 -999 -999 0.01 0.01 0.02 0.01 0.00 0.00 0.00 0.01 0.02 0.04 0.04 0.03 0.07
