DATA/Ex_dossier_pluie/24h/PH_20111105150000.asc
NCOLS 95
NROWS 110
XLLCENTER 939500
YLLCENTER 1831500
CELLSIZE 1000
NODATA_VALUE -999
[rows 0 to 37 of 110, columns 0 to 83 of 95]
0.10 0.08 0.05 0.06 0.08 0.04 0.04 0.03 0.02 0.00 0.00 0.01 0.01 0.01 0.01 0.01 0.00 0.01 0.02 0.11 0.09 0.07 0.15 0.16 0.15 0.14 0.14 0.28 0.36 0.40 0.36 0.23 0.24 0.29 0.23 0.19 0.16 0.12 0.16 0.16 0.13 0.32 0.38 0.36 0.56 0.49 0.44 0.42 0.42 0.34 0.37 0.30 0.22 0.29 0.17 0.13 0.27 0.28 0.45 0.50 0.41 0.44 0.25 0.26 0.35 0.33 0.52 0.52 0.60 0.74 0.83 0.89 1.03 1.09 1.07 1.11 1.22 1.42 1.49 1.84 1.76 1.79 1.50 1.76
0.10 0.08 0.05 0.10 0.11 0.04 0.02 0.02 0.00 0.01 0.00 0.01 0.04 0.00 0.01 0.01 0.00 0.01 0.03 0.05 0.11 0.08 0.12 0.07 0.10 0.17 0.15 0.29 0.37 0.36 0.44 0.36 0.32 0.37 0.26 0.27 0.21 0.23 0.20 0.17 0.10 0.16 0.28 0.27 0.52 0.58 0.49 0.44 0.47 0.44 0.47 0.42 0.35 0.29 0.20 0.13 0.35 0.37 0.40 0.36 0.46 0.34 0.32 0.29 0.30 0.36 0.42 0.52 0.61 0.71 0.82 0.74 0.95 1.06 1.10 1.07 1.16 1.25 1.35 1.33 1.61 1.53 1.56 1.65
0.12 0.09 0.08 0.13 0.18 0.04 0.01 0.00 0.00 0.01 0.01 0.04 0.03 0.02 0.00 0.01 0.01 0.00 0.00 0.00 0.07 0.07 0.19 0.20 0.18 0.14 0.26 0.39 0.30 0.40 0.39 0.29 0.38 0.34 0.31 0.32 0.22 0.22 0.21 0.20 0.15 0.23 0.27 0.37 0.53 0.56 0.55 0.56 0.53 0.49 0.46 0.41 0.39 0.29 0.28 0.36 0.36 0.37 0.24 0.48 0.34 0.30 0.43 0.44 0.37 0.40 0.44 0.50 0.56 0.67 0.66 0.75 0.90 0.95 1.07 1.11 1.09 1.16 1.31 1.40 1.34 1.59 1.65 1.55
0.10 0.14 0.11 0.15 0.20 0.05 0.03 0.05 0.02 0.02 0.02 0.06 0.05 0.03 0.00 0.02 0.06 0.06 0.04 0.00 0.05 0.13 0.10 0.18 0.26 0.29 0.17 0.40 0.37 0.35 0.35 0.34 0.30 0.38 0.36 0.39 0.25 0.20 0.23 0.22 0.18 0.13 0.17 0.35 0.46 0.59 0.67 0.67 0.57 0.58 0.54 0.51 0.37 0.36 0.41 0.35 0.49 0.54 0.29 0.51 0.38 0.42 0.44 0.39 0.38 0.47 0.45 0.46 0.50 0.55 0.61 0.67 0.75 0.84 0.92 0.97 1.12 1.26 1.23 1.23 1.45 1.56 1.54 1.57
0.14 0.13 0.21 0.18 0.17 0.14 0.10 0.09 0.10 0.03 0.01 0.04 0.06 0.08 0.06 0.02 0.08 0.08 0.05 0.01 0.03 0.11 0.20 0.23 0.24 0.31 0.28 0.24 0.33 0.34 0.36 0.36 0.47 0.55 0.50 0.38 0.33 0.30 0.26 0.24 0.20 0.16 0.29 0.27 0.42 0.50 0.62 0.64 0.63 0.73 0.69 0.50 0.44 0.41 0.34 0.52 0.55 0.43 0.45 0.56 0.48 0.39 0.45 0.44 0.37 0.53 0.53 0.52 0.55 0.57 0.62 0.66 0.64 0.81 0.80 1.04 0.83 1.03 1.08 1.08 1.24 1.49 1.70 1.55
0.21 0.17 0.15 0.23 0.20 0.18 0.15 0.19 0.14 0.05 0.02 0.03 0.09 0.08 0.07 0.08 0.09 0.10 0.09 0.06 0.04 0.08 0.14 0.17 0.24 0.16 0.27 0.27 0.29 0.37 0.33 0.45 0.59 0.60 0.44 0.42 0.36 0.37 0.34 0.20 0.17 0.15 0.24 0.25 0.36 0.54 0.48 0.70 0.73 0.56 0.68 0.54 0.55 0.53 0.38 0.49 0.49 0.48 0.35 0.33 0.52 0.55 0.57 0.49 0.45 0.43 0.50 0.52 0.64 0.66 0.65 0.63 0.65 0.71 0.81 1.01 0.97 1.01 0.97 1.04 1.15 1.44 1.70 1.46
0.14 0.13 0.18 0.20 0.21 0.16 0.12 0.15 0.18 0.07 0.04 0.09 0.12 0.11 0.17 0.18 0.20 0.14 0.04 0.05 0.07 0.07 0.13 0.14 0.14 0.18 0.19 0.18 0.23 0.34 0.43 0.42 0.65 0.68 0.55 0.52 0.51 0.28 0.34 0.28 0.24 0.22 0.16 0.18 0.29 0.48 0.67 0.60 0.70 0.64 0.78 0.78 0.60 0.60 0.49 0.50 0.49 0.46 0.41 0.41 0.66 0.49 0.60 0.44 0.43 0.51 0.54 0.56 0.64 0.67 0.73 0.77 0.77 0.84 0.76 0.78 0.89 1.07 0.98 1.12 1.12 1.35 1.62 1.43
0.10 0.14 0.06 0.19 0.28 0.21 0.13 0.19 0.15 0.08 0.04 0.07 0.11 0.12 0.19 0.22 0.20 0.19 0.10 0.05 0.08 0.08 0.11 0.14 0.21 0.22 0.20 0.21 0.31 0.38 0.42 0.40 0.64 0.52 0.56 0.64 0.58 0.50 0.45 0.38 0.29 0.28 0.25 0.24 0.26 0.43 0.46 0.71 0.66 0.72 0.75 0.75 0.58 0.54 0.52 0.58 0.51 0.63 0.64 0.73 0.50 0.65 0.49 0.48 0.46 0.40 0.54 0.58 0.62 0.68 0.74 0.72 0.77 0.86 0.93 0.64 0.83 0.89 1.06 1.17 1.26 1.27 1.28 1.49
0.06 0.08 0.09 0.20 0.23 0.23 0.22 0.18 0.11 0.07 0.08 0.11 0.14 0.14 0.21 0.24 0.21 0.22 0.14 0.14 0.08 0.13 0.11 0.13 0.21 0.23 0.32 0.31 0.29 0.33 0.37 0.54 0.50 0.54 0.56 0.62 0.58 0.52 0.51 0.45 0.37 0.33 0.30 0.19 0.20 0.36 0.44 0.66 0.62 0.70 0.66 0.70 0.62 0.54 0.51 0.70 0.79 0.60 0.53 0.78 0.62 0.43 0.48 0.46 0.38 0.46 0.51 0.65 0.66 0.74 0.76 0.79 0.89 0.92 0.68 0.91 0.91 0.94 1.00 1.13 1.22 1.30 1.35 1.54
0.07 0.02 0.04 0.12 0.21 0.21 0.18 0.22 0.18 0.17 0.12 0.16 0.12 0.13 0.14 0.14 0.20 0.20 0.18 0.15 0.07 0.14 0.12 0.06 0.20 0.22 0.33 0.27 0.29 0.28 0.38 0.43 0.43 0.49 0.45 0.57 0.44 0.53 0.55 0.52 0.36 0.29 0.34 0.23 0.24 0.24 0.40 0.58 0.66 0.71 0.68 0.70 0.70 0.60 0.58 0.64 0.63 0.59 0.56 0.62 0.54 0.41 0.49 0.52 0.39 0.45 0.51 0.58 0.68 0.67 0.74 0.81 0.94 1.00 0.74 0.90 0.83 0.96 1.10 1.15 1.18 1.21 1.33 1.46
0.01 0.02 0.03 0.12 0.06 0.12 0.17 0.24 0.21 0.29 0.47 0.17 0.18 0.14 0.14 0.27 0.25 0.23 0.13 0.12 0.13 0.09 0.11 0.13 0.06 0.27 0.26 0.26 0.18 0.26 0.27 0.31 0.31 0.41 0.42 0.42 0.36 0.52 0.56 0.50 0.40 0.42 0.28 0.24 0.19 0.35 0.47 0.60 0.61 0.63 0.68 0.62 0.54 0.57 0.64 0.73 0.70 0.48 0.48 0.61 0.48 0.43 0.36 0.51 0.38 0.35 0.53 0.61 0.69 0.81 0.83 0.91 0.97 0.75 0.86 0.97 0.94 0.87 1.07 1.15 1.17 1.22 1.31 1.52
0.02 0.06 0.17 0.13 0.07 0.08 0.15 0.26 0.27 0.25 0.31 0.26 0.18 0.10 0.08 0.30 0.26 0.23 0.21 0.24 0.30 0.25 0.17 0.12 0.16 0.20 0.22 0.23 0.20 0.20 0.38 0.32 0.27 0.30 0.38 1.06 0.52 0.60 0.53 0.42 0.47 0.53 0.39 0.25 0.32 0.40 0.51 0.50 0.53 0.61 0.69 0.54 0.54 0.60 0.62 0.71 0.69 0.55 0.71 0.65 0.49 0.42 0.40 0.38 0.54 0.37 0.49 0.59 0.65 0.74 0.77 1.03 0.57 0.93 0.95 1.02 1.10 1.05 1.02 1.02 1.18 1.30 1.38 1.53
0.03 0.05 0.13 0.17 0.12 0.05 0.10 0.15 0.17 0.27 0.17 0.05 0.64 0.13 0.09 0.26 0.33 0.33 0.33 0.28 0.33 0.30 0.20 0.12 0.20 0.22 0.20 0.23 0.20 0.20 0.31 0.30 0.27 0.23 0.37 0.57 0.50 0.44 0.55 0.48 0.51 0.48 0.25 0.19 0.27 0.33 0.36 0.43 0.44 0.56 0.69 0.65 0.52 0.58 0.67 0.56 0.59 0.81 0.66 0.51 0.48 0.45 0.46 0.47 0.48 0.37 0.48 0.52 0.61 0.73 0.84 0.77 0.91 1.02 1.03 1.09 1.10 1.07 1.04 0.98 1.26 1.27 1.37 1.45
0.03 0.05 0.08 0.10 0.12 0.05 0.03 0.13 0.14 0.16 0.04 0.24 0.14 0.11 0.08 0.16 0.27 0.25 0.26 0.35 0.27 0.32 0.21 0.16 0.22 0.21 0.27 0.26 0.31 0.23 0.23 0.39 0.21 0.27 0.35 0.50 0.52 0.38 0.54 0.48 0.52 0.90 0.36 0.19 0.24 0.25 0.28 0.35 0.40 0.49 0.67 0.66 0.47 0.59 0.67 0.61 0.63 0.73 0.81 0.66 0.45 0.49 0.45 0.39 0.36 0.37 0.41 0.44 0.46 0.64 0.83 0.86 0.97 1.07 1.09 1.19 1.24 1.14 1.04 1.13 1.18 1.29 1.34 1.34
0.01 0.02 0.00 0.02 0.06 0.04 0.03 0.09 0.12 0.05 0.02 0.02 0.01 0.12 0.09 0.11 0.18 0.05 0.24 0.44 0.37 0.18 0.28 0.31 0.22 0.20 0.17 0.33 0.31 0.23 0.25 0.19 0.19 0.21 0.29 0.35 0.55 0.45 0.42 0.38 0.49 0.30 0.40 0.21 0.26 0.20 0.16 0.31 0.28 0.46 0.73 0.62 0.49 0.62 0.62 0.66 0.57 0.69 0.70 0.63 0.51 0.47 0.46 0.44 0.40 0.39 0.37 0.37 0.43 0.57 0.72 0.79 0.99 1.09 1.20 1.34 1.34 1.19 1.23 1.20 1.24 1.29 1.42 1.39
0.02 0.00 0.00 0.01 0.00 0.02 0.01 0.08 0.08 0.06 0.14 0.06 0.05 0.15 0.18 0.13 0.07 0.39 0.50 0.36 0.37 2.87 0.16 0.29 0.24 0.20 0.16 0.22 0.28 0.30 0.22 0.25 0.13 0.13 0.20 0.32 0.44 0.38 0.31 0.36 0.37 0.31 0.30 0.30 0.19 0.17 0.13 0.20 0.34 0.47 0.48 0.43 0.53 0.59 0.50 0.63 0.62 0.75 0.63 0.46 0.54 0.56 0.54 0.49 0.44 0.39 0.35 0.37 0.42 0.56 0.75 0.82 0.96 1.05 1.20 1.34 1.24 1.32 1.34 1.38 1.11 1.29 1.27 1.31
0.00 0.00 0.00 0.00 0.01 0.05 0.07 0.07 0.11 0.13 0.13 0.07 1.32 0.11 0.07 0.10 0.07 0.05 0.12 0.25 0.13 0.21 0.22 0.23 0.22 0.23 0.14 0.16 0.28 0.19 0.15 0.15 0.14 0.16 0.17 0.22 0.33 0.35 0.29 0.31 0.37 0.33 0.26 0.35 0.23 0.15 0.12 0.17 0.29 0.40 0.47 0.44 0.41 0.58 0.65 0.74 0.55 0.76 0.67 0.46 0.51 0.50 0.59 0.47 0.45 0.38 0.32 0.38 0.42 0.57 0.66 0.76 0.92 1.23 1.32 1.36 1.34 1.47 1.42 1.28 1.09 1.30 1.40 1.44
0.00 0.01 0.02 0.02 0.03 0.02 0.10 0.12 0.05 0.04 0.03 0.03 0.01 0.06 0.10 0.08 0.02 0.10 0.19 0.05 0.00 0.20 0.29 0.27 0.11 0.11 0.14 0.20 0.13 0.14 0.27 0.22 0.22 0.19 0.25 0.19 0.27 0.35 0.28 0.29 0.35 0.36 0.23 0.33 0.16 0.26 0.21 0.16 0.28 0.39 0.35 0.42 0.48 0.53 0.70 0.59 0.70 0.67 0.57 0.55 0.53 0.55 0.38 0.38 0.37 0.34 0.38 0.35 0.46 0.59 0.50 0.82 0.86 1.13 1.36 1.35 1.35 1.47 1.64 1.32 1.42 1.43 1.51 1.60
0.04 0.03 0.02 0.04 0.03 0.09 0.01 0.28 0.10 0.03 0.07 0.02 0.02 0.09 0.07 0.10 0.03 0.02 0.02 0.01 0.01 0.02 0.17 0.07 0.18 0.26 0.23 0.14 0.24 0.31 0.24 0.21 0.25 0.36 0.41 0.21 0.24 0.27 0.30 0.33 0.36 0.24 0.20 0.09 0.18 0.30 0.21 0.17 0.24 0.37 0.38 0.44 0.41 0.51 0.72 0.73 0.78 0.79 0.43 0.52 0.48 0.60 0.52 0.42 0.39 0.26 0.35 0.38 0.47 0.48 0.37 0.57 0.84 1.09 1.23 1.38 1.40 1.50 1.40 1.57 1.47 1.62 1.73 1.61
0.02 0.01 0.04 0.04 0.03 0.00 0.01 0.02 0.04 0.02 0.01 0.03 0.07 0.07 0.19 0.08 0.04 0.03 0.02 0.02 0.01 0.00 0.19 0.04 0.16 0.10 0.14 0.12 0.17 0.30 0.28 0.29 0.33 0.29 0.45 0.18 0.13 0.31 0.35 0.38 0.22 0.20 0.19 0.23 0.26 0.31 0.22 0.16 0.21 0.26 0.36 0.36 0.41 0.55 0.70 0.74 0.78 1.53 0.00 0.77 0.48 0.57 0.52 0.50 0.37 0.42 0.35 0.36 0.42 0.34 0.37 0.48 0.69 1.03 1.23 1.36 1.47 1.58 1.53 1.62 1.81 1.82 1.86 1.70
0.00 0.01 0.01 0.03 0.02 0.00 0.02 0.05 0.04 0.06 0.09 0.01 0.10 0.06 0.11 0.10 0.05 0.04 0.06 0.01 0.00 0.17 0.05 0.19 0.30 0.32 0.30 0.24 0.17 0.23 0.30 0.37 0.23 0.26 0.19 0.18 0.14 0.20 0.23 0.37 0.25 0.18 0.20 0.27 0.25 0.31 0.25 0.16 0.18 0.26 0.47 1.31 0.37 0.41 0.51 0.76 0.80 0.00 0.00 0.00 0.59 0.54 0.47 0.49 0.36 0.40 0.40 0.27 0.31 0.31 0.43 0.54 0.70 0.94 1.17 1.40 1.49 1.54 1.52 1.74 1.91 1.79 1.84 1.72
0.00 0.02 0.01 0.01 0.02 0.00 0.05 0.10 0.07 0.01 0.02 0.07 0.03 0.02 0.13 0.09 0.02 0.10 0.15 0.22 0.07 0.09 0.11 0.35 0.16 0.24 0.26 0.21 0.15 0.20 0.24 0.48 0.38 0.24 0.33 0.25 0.19 0.25 0.22 0.19 0.35 0.30 0.25 0.24 0.18 0.15 0.20 0.22 0.19 0.22 0.22 0.35 0.43 0.41 0.47 0.76 0.59 0.79 0.00 0.00 0.66 0.55 0.46 0.43 0.38 0.42 0.48 0.27 0.26 0.30 0.45 0.57 0.66 0.93 1.08 1.35 1.34 1.44 1.55 1.79 1.77 1.73 1.85 1.67
0.00 0.02 0.01 0.00 0.02 0.00 0.06 0.05 0.09 0.18 0.13 0.02 0.06 0.04 0.01 0.07 0.08 0.10 0.05 0.00 0.15 0.11 0.18 0.13 0.07 0.33 0.20 0.20 0.28 0.22 0.29 0.45 0.36 0.22 0.17 0.34 0.19 0.22 0.15 0.08 0.07 0.26 0.25 0.26 0.15 0.14 0.14 0.18 0.18 0.17 0.28 0.37 0.35 0.35 0.44 0.57 0.90 0.78 0.58 0.71 0.61 0.44 0.45 0.44 0.40 0.46 0.47 0.26 0.37 0.35 0.45 0.49 0.70 0.82 1.03 1.23 1.30 1.46 1.55 1.51 1.64 1.79 1.72 2.04
0.00 0.03 0.00 0.02 0.00 0.02 0.00 0.10 0.27 0.06 0.10 0.02 0.04 0.02 0.01 0.02 0.06 0.07 0.06 0.01 0.07 0.03 0.07 0.10 0.03 0.02 0.13 0.07 0.07 0.21 0.35 0.27 0.17 0.13 0.25 0.17 0.19 0.20 0.20 0.12 0.07 0.25 0.17 0.19 0.18 0.14 0.18 0.16 0.24 0.22 0.28 0.31 0.18 0.33 0.37 0.50 0.74 0.82 0.83 1.41 0.42 0.28 0.30 0.34 0.42 0.37 0.34 0.32 0.42 0.42 0.42 0.58 0.73 0.72 0.86 1.00 1.16 1.36 1.50 1.45 1.63 0.94 2.01 2.06
0.06 0.01 0.01 0.01 0.01 0.01 0.00 0.03 0.02 0.06 0.06 0.06 0.01 0.01 0.00 0.00 0.09 0.00 0.12 0.07 0.08 0.01 0.03 0.12 0.03 0.01 0.02 0.04 0.08 0.13 0.14 0.14 0.20 0.14 0.18 0.26 0.23 0.18 0.19 0.19 0.14 0.09 0.05 0.18 0.15 0.09 0.15 0.13 0.19 0.36 0.32 0.26 0.38 0.40 0.41 0.61 0.62 0.76 0.79 1.01 0.77 0.37 0.31 0.29 0.33 0.28 0.23 0.43 0.51 0.42 0.50 0.58 0.68 0.71 0.75 0.90 1.14 1.37 1.38 1.49 1.45 1.59 1.88 2.07
0.05 0.03 0.02 0.00 0.01 0.00 0.01 0.01 0.00 0.00 0.00 0.02 0.05 0.05 0.00 0.04 0.01 0.06 0.09 0.03 0.07 0.04 0.10 0.02 0.03 0.01 0.02 0.22 0.07 0.06 0.10 0.13 0.12 0.13 0.21 0.30 0.25 0.20 0.18 0.19 0.17 0.15 0.07 0.19 0.17 0.11 0.13 0.18 0.26 0.38 0.39 0.27 0.37 0.36 0.38 0.41 0.53 0.67 0.69 0.71 0.46 0.36 0.14 0.23 0.11 0.00 0.05 0.20 0.38 0.45 0.66 0.64 0.68 0.62 0.68 0.80 0.99 1.16 1.25 1.10 1.56 1.57 1.94 1.79
0.03 0.02 0.00 0.00 0.00 0.02 0.02 0.01 0.02 0.00 0.00 0.00 0.06 0.02 0.00 0.08 0.05 0.07 0.06 0.00 0.01 0.00 0.01 0.01 0.06 0.09 0.06 0.03 0.02 0.05 0.09 0.09 0.10 0.14 0.21 0.19 0.22 0.19 0.23 0.20 0.11 0.16 0.15 0.09 0.10 0.06 0.19 0.20 0.30 0.39 0.31 0.34 0.45 0.40 0.44 0.37 0.26 0.50 0.64 0.67 0.59 0.58 0.32 0.35 0.00 0.00 0.05 0.27 0.29 0.43 0.82 0.61 0.62 0.65 0.63 0.68 0.85 0.80 1.20 1.17 1.40 1.04 1.20 1.44
0.01 0.02 0.02 0.01 0.02 0.02 0.06 0.04 0.02 0.08 0.00 0.00 0.05 0.04 0.02 0.07 0.10 0.03 0.01 0.08 0.01 0.02 0.00 0.04 0.05 0.04 0.01 0.02 0.02 0.06 0.07 0.11 0.16 0.19 0.20 0.05 0.04 0.22 0.24 0.20 0.19 0.13 0.13 0.23 0.16 0.19 0.23 0.24 0.15 0.30 0.01 0.08 0.37 0.37 0.47 0.29 0.04 0.16 0.14 0.14 0.58 0.61 0.59 0.35 0.14 0.05 0.07 0.24 0.17 0.57 0.53 0.61 0.75 0.66 0.67 0.63 0.63 1.12 1.07 1.46 1.32 1.37 1.52 1.88
0.06 0.06 0.04 0.02 0.04 0.07 0.12 0.06 0.05 0.03 0.01 0.00 0.01 0.04 0.02 0.02 0.03 0.01 0.01 0.02 0.00 0.01 0.03 0.00 0.01 0.02 0.06 0.04 0.01 0.03 0.08 0.19 0.20 0.22 0.09 0.06 0.05 0.17 0.19 0.16 0.18 0.16 0.18 0.21 0.20 0.24 0.16 0.00 0.04 0.27 0.00 0.01 0.34 0.29 0.38 0.18 0.09 0.04 0.15 0.22 0.56 0.58 0.61 0.40 0.19 0.04 0.15 0.26 0.34 0.62 0.70 0.67 0.73 0.56 0.63 0.53 0.58 1.07 1.33 1.31 1.21 1.70 1.58 1.00
0.06 0.03 0.03 0.03 0.03 0.06 0.14 0.05 0.03 0.03 0.00 0.01 0.03 0.08 0.06 0.06 0.06 0.02 0.01 0.01 0.03 0.00 0.01 0.00 0.00 0.02 0.06 0.05 0.13 0.08 0.08 0.06 0.05 0.12 0.12 0.11 0.04 0.10 0.10 0.17 0.18 0.14 0.13 0.14 0.20 0.26 0.29 0.01 0.27 0.31 0.19 0.30 0.24 0.13 0.10 0.06 0.07 0.35 0.29 0.26 0.20 0.16 0.50 0.17 0.19 0.00 0.16 0.21 0.19 0.42 0.61 0.59 0.53 0.57 0.61 0.83 0.70 1.05 1.30 1.32 1.68 1.22 1.36 1.02
0.01 0.01 0.01 0.14 0.03 0.02 0.03 0.05 0.09 0.04 0.05 0.03 0.05 0.04 0.03 0.05 0.05 0.03 0.01 0.00 0.01 0.00 0.00 0.00 0.00 0.01 0.04 0.09 0.07 0.05 0.13 0.05 0.04 0.09 0.08 0.08 0.04 0.07 0.09 0.12 0.13 0.18 0.12 0.17 0.19 0.21 0.30 0.32 0.35 0.30 0.34 0.43 0.32 0.32 0.04 0.08 0.08 0.17 0.33 0.27 0.37 0.48 0.38 0.35 0.32 0.08 0.29 0.15 0.00 0.00 0.34 0.24 0.48 0.60 0.76 0.80 1.01 1.09 1.18 1.41 1.01 1.04 1.07 1.54
0.01 0.01 0.02 0.09 0.03 0.03 0.01 0.02 0.02 0.02 0.10 0.08 0.02 0.00 0.01 0.05 0.00 0.01 0.00 0.00 0.00 0.00 0.00 0.00 0.01 0.00 0.02 0.03 0.03 0.09 0.19 0.05 0.11 0.12 0.05 0.06 0.06 0.08 0.09 0.06 0.12 0.11 0.15 0.15 0.08 0.09 0.26 0.26 0.26 0.47 0.30 0.47 0.29 0.04 0.07 0.15 0.14 0.03 0.16 0.62 0.64 0.58 0.71 0.78 0.70 0.48 0.38 0.25 0.04 0.39 0.19 0.36 0.66 0.63 0.82 0.88 0.85 1.01 1.04 0.97 0.72 0.81 1.23 0.99
0.00 0.02 0.04 0.10 0.05 0.02 0.05 0.06 0.02 0.06 0.16 0.07 0.01 0.03 0.02 0.02 0.00 0.00 0.00 0.00 0.00 0.00 0.00 0.01 0.03 0.02 0.01 0.01 0.05 0.13 0.11 0.03 0.01 0.02 0.06 0.08 0.07 0.06 0.04 0.07 0.14 0.09 0.11 0.12 0.08 0.09 0.18 0.14 0.16 0.13 0.33 0.07 0.01 0.09 0.15 0.26 0.25 0.08 0.19 0.48 0.52 0.56 0.59 0.78 0.97 0.88 0.59 0.36 0.32 0.36 0.50 0.55 0.49 0.58 0.73 0.48 0.68 0.60 0.84 0.76 0.99 0.94 1.09 1.27
0.00 0.03 0.07 0.04 0.13 0.13 0.08 0.05 0.09 0.05 0.06 0.02 0.04 0.03 0.01 0.00 0.00 0.01 0.01 0.00 0.00 0.00 0.00 0.01 0.02 0.01 0.00 0.01 0.02 0.05 0.08 0.07 0.07 0.08 0.04 0.02 0.21 0.07 0.05 0.05 0.12 0.10 0.07 0.10 0.08 0.07 0.13 0.19 0.11 0.10 0.10 0.10 0.05 0.08 0.08 0.46 0.28 0.17 0.08 0.24 0.34 0.51 0.57 0.53 0.66 0.65 0.63 0.42 0.27 0.32 0.50 0.51 0.63 0.64 0.70 0.73 0.59 0.36 0.64 1.06 1.78 1.17 0.81 1.44
0.01 0.03 0.02 0.07 0.05 0.01 0.12 0.08 0.10 0.18 0.03 0.03 0.05 0.02 0.03 0.00 0.00 0.01 0.01 0.00 0.00 0.00 0.00 0.00 0.00 0.00 0.00 0.03 0.08 0.05 0.06 0.04 0.04 0.04 0.02 0.17 0.29 0.09 0.22 0.10 0.09 0.06 0.08 0.22 0.09 0.09 0.15 0.16 0.00 0.00 0.00 0.00 0.01 0.05 0.05 0.35 0.21 0.04 0.08 0.32 0.54 0.72 0.54 0.42 0.50 0.68 0.49 0.38 0.11 0.24 0.48 0.55 0.63 0.58 0.72 0.79 0.56 0.54 0.53 0.88 0.72 0.72 0.79 0.32
0.05 0.05 0.07 0.05 0.06 0.06 0.07 0.05 0.07 0.09 0.08 0.05 0.06 0.04 0.05 0.02 0.01 0.01 0.01 0.00 0.00 0.00 0.00 0.00 0.00 0.00 0.00 0.02 0.04 0.04 0.04 0.03 0.05 0.08 0.02 0.01 0.32 0.12 0.17 0.11 0.07 0.08 0.08 0.13 0.13 0.10 0.06 0.00 0.00 0.00 0.00 0.00 0.00 0.03 0.03 0.04 0.16 0.12 0.19 0.21 0.21 0.60 0.32 0.21 0.34 0.39 0.40 0.39 0.25 0.46 0.55 0.54 0.54 0.72 0.69 0.76 0.46 0.54 0.47 0.47 0.86 0.42 0.53 0.59
0.10 0.06 0.07 0.05 0.06 0.02 0.05 0.09 0.08 0.03 0.05 0.06 0.05 0.03 0.01 0.03 0.01 0.01 0.00 0.00 0.00 0.00 0.00 0.00 0.00 0.00 0.00 0.00 0.01 0.00 0.00 0.04 0.03 0.03 0.02 0.22 0.07 0.10 0.09 0.12 0.05 0.00 0.07 0.10 0.10 0.11 0.06 0.00 0.04 0.12 0.07 0.00 0.00 0.00 0.04 0.04 0.13 0.09 0.10 0.17 0.35 0.63 0.22 0.29 0.25 0.26 0.39 0.29 0.34 0.46 0.52 0.39 0.29 0.23 0.42 0.46 0.57 0.41 0.40 0.50 0.85 0.74 0.65 1.01
0.19 0.11 0.06 0.04 0.01 0.02 0.05 0.08 0.05 0.05 0.05 0.03 0.04 0.07 0.03 0.01 0.00 0.01 0.00 0.00 0.00 0.00 0.00 0.00 0.00 0.00 0.00 0.00 0.00 0.00 0.00 0.06 0.06 0.02 0.02 0.02 0.08 0.06 0.03 0.02 0.00 0.00 0.03 0.09 0.06 0.03 0.03 0.00 0.02 0.00 0.00 0.00 0.00 0.00 0.00 0.00 0.05 0.11 0.22 0.19 0.31 0.42 0.45 0.19 0.22 0.51 0.38 0.33 0.41 0.58 0.35 0.06 0.18 0.33 0.37 0.38 0.20 0.28 0.34 0.54 1.52 0.84 0.82 0.83
