DATA/Ex_dossier_pluie/24h/PH_20111105130000.asc
NCOLS 95
NROWS 110
XLLCENTER 939500
YLLCENTER 1831500
CELLSIZE 1000
NODATA_VALUE -999
[rows 38 to 75 of 110, columns 0 to 83 of 95]
1.40 1.99 0.65 1.03 1.14 0.75 0.65 1.22 0.96 1.41 2.13 1.22 1.22 0.97 1.01 1.31 1.65 2.81 3.19 5.36 3.75 4.00 3.72 3.46 2.62 1.97 1.60 1.59 1.27 0.87 0.85 0.35 0.31 0.35 0.52 0.55 0.20 0.10 0.08 0.10 0.10 0.03 0.02 0.02 0.01 0.01 0.02 0.01 0.06 0.06 0.07 0.04 0.02 0.00 0.00 0.00 0.04 0.01 0.00 0.07 0.26 0.21 0.20 0.63 1.54 0.82 0.58 0.17 0.39 0.23 0.18 0.02 0.02 0.00 0.06 0.03 0.03 0.05 0.13 0.14 0.11 0.27 0.81 2.01
0.89 1.48 0.23 0.58 0.94 0.89 1.10 1.77 0.94 1.21 1.62 2.81 1.30 1.06 1.11 0.99 1.36 2.39 2.84 4.12 4.75 4.35 4.35 5.29 3.52 2.29 2.48 2.38 1.66 0.98 1.03 0.58 0.42 0.58 0.24 0.18 0.20 0.19 0.12 0.21 0.18 0.12 0.03 0.04 0.02 0.01 0.05 0.03 0.06 0.13 0.25 0.12 0.07 0.04 0.02 0.03 0.00 0.00 0.02 0.08 0.25 0.18 0.27 0.80 0.73 1.13 0.76 1.07 0.41 0.20 0.13 0.04 0.04 0.02 0.02 0.02 0.04 0.11 0.15 0.09 0.28 0.89 0.40 0.25
0.58 0.40 0.28 0.30 1.24 1.25 1.14 1.46 1.88 0.82 1.68 2.56 2.05 0.98 1.01 0.75 1.42 2.05 3.13 2.95 3.12 4.34 4.82 4.44 3.98 3.48 2.84 3.43 1.41 1.24 1.34 1.05 0.26 0.28 0.48 0.31 0.57 0.59 0.31 0.34 0.20 0.55 0.14 0.10 0.05 0.03 0.00 0.01 0.06 0.29 0.25 0.22 0.06 0.03 0.01 0.01 0.01 0.00 0.02 0.11 0.08 0.09 0.22 1.16 0.50 0.46 0.86 1.45 1.04 0.38 0.31 0.15 0.08 0.06 0.01 0.01 0.08 0.14 0.14 0.12 0.16 0.74 0.79 0.58
0.63 0.66 0.40 0.42 1.57 1.41 1.01 2.12 3.03 3.59 2.42 2.06 2.71 2.40 1.12 1.06 1.06 1.79 2.26 2.18 3.53 3.76 5.42 5.15 5.02 4.76 4.54 3.83 1.82 1.24 0.97 0.66 0.32 0.25 0.26 0.30 1.10 1.02 1.02 0.59 0.29 0.19 0.23 0.09 0.04 0.07 0.02 0.19 0.26 0.54 0.65 0.40 0.14 0.02 0.00 0.02 0.01 0.01 0.02 0.02 0.05 0.21 0.26 0.73 0.62 0.63 0.41 1.93 0.90 0.26 0.19 0.12 0.11 0.13 0.07 0.03 0.06 0.11 0.12 0.08 0.32 0.95 0.92 0.43
0.19 0.47 0.28 0.12 0.73 2.65 2.74 2.81 2.74 1.49 1.62 2.14 3.63 2.86 1.82 1.09 1.08 1.34 1.58 1.73 2.90 2.46 3.83 3.06 5.15 6.07 6.41 4.65 1.95 1.73 1.24 1.31 0.69 0.32 0.33 0.37 1.53 1.72 1.71 0.68 0.26 0.19 0.24 0.14 0.08 0.25 0.35 1.24 0.66 0.57 0.91 0.48 0.26 0.05 0.01 0.01 0.00 0.00 0.01 0.03 0.04 0.14 0.10 0.22 0.17 0.27 0.31 0.87 0.59 0.16 0.44 0.25 0.24 0.21 0.10 0.02 0.04 0.08 0.06 0.10 0.39 0.77 0.69 0.53
0.12 0.62 0.49 0.11 0.21 0.48 1.18 3.27 1.71 1.17 1.85 2.25 2.64 2.25 1.98 1.80 1.28 1.26 1.45 2.15 2.90 2.26 4.58 4.09 3.07 4.71 6.94 5.88 3.11 2.48 2.39 1.39 1.07 0.74 1.13 0.91 1.33 1.69 2.11 0.96 0.23 0.25 0.35 0.45 0.15 0.42 0.86 0.69 1.56 1.00 0.95 0.62 0.34 0.05 0.06 0.03 0.02 0.00 0.03 0.04 0.03 0.07 0.21 0.05 0.26 0.38 0.74 0.38 0.36 0.20 0.59 0.35 0.35 0.14 0.05 0.04 0.03 0.03 0.07 0.13 0.46 0.30 0.55 0.83
0.09 0.31 0.13 0.45 0.31 0.43 1.10 1.54 0.99 0.54 0.87 2.17 2.73 4.14 2.76 2.39 1.41 1.48 1.90 3.78 1.99 2.44 3.12 2.93 3.27 5.14 6.38 5.69 3.93 3.93 1.97 1.98 1.28 1.57 1.42 1.27 1.56 1.67 1.85 1.08 0.35 0.31 0.60 0.45 0.21 0.41 0.91 0.66 1.47 1.23 0.94 0.53 0.38 0.19 0.35 0.16 0.05 0.07 0.06 0.07 0.03 0.05 0.15 0.08 0.45 0.47 0.27 0.33 0.77 0.67 0.66 0.71 0.31 0.23 0.23 0.12 0.08 0.02 0.06 0.32 0.35 0.14 0.44 0.64
0.02 0.22 0.21 0.35 0.38 0.15 0.73 1.04 1.15 1.16 0.80 1.62 1.83 1.00 1.25 2.23 1.84 2.07 1.73 1.72 1.46 1.92 2.71 2.36 2.94 4.70 5.39 5.82 4.33 4.74 3.84 2.43 1.53 1.80 2.07 1.53 1.20 0.92 1.36 1.70 0.94 0.72 0.88 0.42 0.31 0.22 0.62 0.33 0.30 1.23 0.65 0.27 0.36 0.55 0.65 0.34 0.20 0.21 0.18 0.11 0.04 0.04 0.08 0.15 0.27 0.67 0.34 0.40 0.78 0.96 1.27 0.31 0.12 0.14 0.23 0.28 0.17 0.03 0.03 0.10 0.20 0.13 0.16 0.42
0.01 0.03 0.21 0.27 0.34 0.35 0.34 1.01 1.38 1.26 0.92 1.43 2.19 1.52 1.73 1.66 1.76 2.43 1.76 1.04 1.25 2.20 2.06 2.49 4.67 4.43 4.51 4.72 5.06 6.84 4.63 3.46 1.96 1.78 2.20 1.69 1.01 1.02 0.70 1.47 1.96 2.20 1.49 0.60 0.31 0.27 0.33 0.25 0.07 0.32 0.41 0.34 0.97 0.97 1.58 0.19 0.25 0.35 0.32 0.12 0.06 0.07 0.09 0.12 0.22 0.33 0.43 0.53 0.61 0.88 0.33 0.30 0.37 0.09 0.11 0.39 0.02 0.02 0.07 0.08 0.06 0.13 0.16 0.36
0.01 0.02 0.28 0.15 0.29 0.16 0.15 0.59 2.14 2.08 3.24 2.57 1.21 1.19 1.87 1.82 1.59 2.20 1.12 0.85 1.17 1.83 2.14 2.74 3.74 4.00 4.04 3.95 4.75 6.81 7.48 4.56 2.81 2.31 2.06 1.87 0.93 0.70 0.79 2.20 2.58 3.42 2.44 0.76 0.37 0.46 0.15 0.06 0.05 0.16 0.39 0.76 1.12 1.57 0.76 0.55 0.22 0.35 0.35 0.07 0.15 0.19 0.09 0.06 0.04 0.07 0.35 0.50 0.59 0.56 0.39 0.35 0.81 0.39 0.11 0.25 0.10 0.06 0.05 0.04 0.08 0.10 0.14 0.34
0.03 0.05 0.22 0.37 0.16 0.23 0.08 0.27 0.45 1.71 2.49 1.65 0.81 0.87 1.57 2.19 2.30 2.62 1.08 0.94 1.20 1.72 2.08 2.53 2.88 3.86 4.23 2.77 4.62 6.55 7.75 5.23 3.17 2.95 2.44 1.93 1.10 1.09 1.54 2.93 3.19 2.55 1.69 0.56 0.50 0.72 0.24 0.06 0.02 0.32 0.14 0.69 1.47 1.47 0.70 0.49 0.37 0.40 0.35 0.16 0.24 0.16 0.09 0.05 0.04 0.17 0.28 0.65 0.79 0.56 0.45 0.37 0.39 0.37 0.17 0.38 0.15 0.07 0.06 0.03 0.11 0.21 0.17 0.30
0.00 0.04 0.18 0.17 0.04 0.16 0.21 0.23 0.37 0.56 1.79 1.34 0.89 1.07 1.63 1.63 2.30 1.71 1.29 1.22 1.71 2.60 2.65 2.49 1.44 2.68 2.89 3.17 5.84 7.67 6.63 5.31 4.23 4.69 3.74 1.49 0.87 1.08 2.87 2.79 2.35 1.73 1.05 0.58 0.64 1.15 0.42 0.09 0.17 0.04 0.19 0.49 0.70 0.59 0.36 0.55 1.01 0.78 0.42 0.35 0.38 0.10 0.07 0.06 0.10 0.31 0.34 0.58 0.93 0.80 0.57 0.39 0.46 0.60 0.18 0.23 0.19 0.06 0.05 0.08 0.10 0.17 0.11 0.12
0.01 0.04 0.15 0.08 0.09 0.26 0.26 0.19 0.50 0.74 2.09 1.91 1.51 2.21 2.76 0.78 2.60 1.66 2.50 2.54 2.80 2.36 2.49 1.48 1.29 2.36 3.73 5.24 5.65 7.59 6.12 4.26 4.47 5.98 3.98 1.84 1.15 1.65 1.85 1.71 1.83 1.01 1.27 1.11 0.92 1.22 0.59 0.12 0.28 0.28 0.34 0.04 0.04 0.08 0.18 0.82 1.82 1.66 0.50 0.43 0.39 0.21 0.12 0.12 0.17 0.29 0.43 0.63 0.61 0.49 0.65 0.64 0.41 0.36 0.19 0.14 0.13 0.06 0.04 0.06 0.12 0.16 0.07 0.06
0.04 0.03 0.07 0.05 0.05 0.32 0.48 0.29 0.40 1.14 1.67 1.51 1.74 1.55 2.44 2.44 2.84 1.79 3.03 2.50 3.45 1.97 1.07 1.09 1.15 1.89 3.08 4.29 5.75 5.82 4.82 4.37 5.17 6.14 4.58 2.81 2.03 1.63 1.14 0.99 1.25 0.64 1.51 2.18 1.38 1.24 0.82 0.30 0.00 0.15 0.03 0.04 0.01 0.07 0.44 1.33 1.94 1.12 0.14 0.20 0.33 0.26 0.16 0.19 0.27 0.27 0.13 0.36 0.38 0.24 0.47 0.86 0.49 0.42 0.13 0.11 0.12 0.12 0.09 0.04 0.06 0.04 0.05 0.10
0.03 0.07 0.07 0.02 0.10 0.47 0.38 0.30 0.81 1.05 1.21 0.85 1.53 0.67 1.05 1.96 0.65 1.42 2.08 1.88 2.72 1.18 0.80 0.74 0.76 1.47 2.56 4.78 4.76 3.77 2.54 3.98 5.21 5.39 4.26 3.12 2.79 1.66 0.92 0.68 0.80 0.50 1.61 2.07 1.53 1.07 0.86 0.00 0.00 0.01 0.03 0.01 0.05 0.35 0.74 2.01 1.77 0.39 0.12 0.08 0.29 0.24 0.13 0.27 0.29 0.29 0.11 0.09 0.18 0.27 0.21 0.41 0.33 0.36 0.15 0.13 0.17 0.16 0.13 0.11 0.02 0.02 0.01 0.14
0.04 0.11 0.09 0.12 0.18 0.44 0.17 0.15 0.64 0.76 0.78 0.47 0.94 0.66 0.60 0.95 0.82 1.57 3.01 2.51 1.59 0.69 1.07 0.72 0.97 1.52 2.43 3.26 3.53 3.68 2.99 3.42 5.32 5.10 3.32 2.93 2.58 1.59 0.91 0.44 0.46 0.80 1.32 1.17 1.20 1.27 0.41 0.30 0.08 0.12 0.05 0.03 0.39 0.66 1.13 1.47 0.64 0.31 0.36 0.21 0.34 0.13 0.10 0.16 0.16 0.14 0.03 0.06 0.34 0.86 0.40 0.23 0.15 0.38 0.11 0.16 0.18 0.10 0.07 0.06 0.03 0.04 0.06 0.28
0.03 0.18 0.33 0.30 0.19 0.12 0.31 0.26 0.18 0.21 1.05 0.84 1.02 0.78 0.86 0.99 1.15 2.03 4.03 2.81 3.86 1.26 1.38 1.51 1.36 1.63 1.81 1.72 1.81 2.36 1.88 3.37 4.68 4.65 2.92 2.43 2.35 1.89 0.86 0.80 1.38 1.01 0.80 1.14 0.61 0.24 0.19 0.42 0.66 0.20 0.05 0.07 0.47 0.61 0.85 1.02 1.16 0.34 0.53 0.53 0.30 0.13 0.15 0.34 0.13 0.05 0.04 0.09 0.34 0.87 0.16 0.12 0.23 0.25 0.18 0.16 0.30 0.02 0.03 0.07 0.04 0.10 0.22 0.27
0.03 0.25 0.28 0.18 0.20 0.25 0.46 0.39 0.45 0.53 0.67 0.57 0.74 0.84 0.93 1.69 1.34 2.38 2.69 2.12 1.81 2.90 3.00 2.32 2.04 1.26 0.95 0.72 0.95 2.59 2.86 3.34 4.07 3.01 2.94 2.43 2.34 1.51 0.58 0.63 0.65 1.57 0.53 0.13 0.19 0.37 0.28 0.50 1.06 0.19 0.14 0.18 0.48 0.54 0.22 0.31 0.25 0.97 0.98 0.79 0.25 0.03 0.08 0.12 0.12 0.10 0.05 0.10 0.17 0.73 0.45 0.07 0.16 0.34 0.36 0.06 0.10 0.03 0.03 0.07 0.05 0.01 0.08 0.07
0.05 0.12 0.09 0.10 0.06 0.15 0.47 0.45 0.39 0.58 0.72 0.67 0.44 1.10 1.40 1.55 0.97 1.03 2.21 1.93 1.80 2.12 1.94 2.21 1.89 1.33 0.91 0.62 0.43 2.01 3.05 4.04 2.98 2.10 2.62 2.17 1.81 0.96 0.59 0.50 0.72 0.87 0.19 0.02 0.02 0.34 0.68 0.78 0.57 0.12 0.08 0.18 0.59 0.57 0.19 0.24 0.25 1.10 1.10 0.59 0.13 0.03 0.05 0.11 0.17 0.16 0.11 0.10 0.12 0.16 0.29 0.22 0.20 0.22 0.07 0.02 0.14 0.05 0.03 0.06 0.04 0.02 0.18 0.12
0.18 0.15 0.16 0.16 0.18 0.25 0.55 0.86 0.95 1.61 0.73 0.22 0.45 1.07 1.05 0.90 0.43 1.26 1.80 1.36 1.40 2.92 2.16 1.75 1.09 0.90 0.42 0.33 0.46 1.04 2.05 3.12 1.04 1.19 1.78 2.46 1.90 1.02 0.51 0.45 0.30 0.12 0.03 0.02 0.14 0.94 0.67 0.69 0.15 0.06 0.11 0.21 0.43 0.44 0.22 0.23 0.48 0.75 1.12 0.57 0.11 0.05 0.07 0.09 0.12 0.15 0.29 0.11 0.08 0.05 0.62 0.57 0.46 0.09 0.07 0.03 0.19 0.11 0.01 0.05 0.11 0.07 0.18 0.16
0.24 0.20 0.14 0.05 0.05 0.36 0.76 0.62 0.66 0.40 0.23 0.19 0.57 1.52 1.01 0.35 0.34 0.46 0.37 0.73 1.64 4.00 2.48 1.13 0.97 0.86 0.47 0.43 0.40 0.81 1.50 0.56 0.57 1.75 1.65 2.55 1.95 1.60 0.38 0.16 0.06 0.05 0.03 0.05 0.27 0.72 0.54 0.15 0.13 0.08 0.16 0.32 0.80 -999 0.28 0.32 0.40 0.53 1.08 0.14 0.06 0.09 0.12 0.07 0.09 0.18 0.17 0.06 0.02 0.04 0.38 0.28 0.01 0.15 0.01 0.04 0.13 0.08 0.01 0.00 0.06 0.10 0.19 0.11
0.19 0.22 0.23 0.08 0.07 0.11 1.24 1.04 1.14 0.31 0.20 0.15 0.28 1.00 0.47 0.25 0.23 0.68 1.02 1.50 1.74 1.43 1.88 1.26 0.91 0.87 0.69 0.39 0.59 0.67 0.62 0.52 0.65 1.66 2.05 2.61 1.50 0.56 0.27 0.16 0.03 0.01 0.01 0.20 0.30 0.16 0.12 0.31 0.62 0.21 0.16 0.37 0.73 0.37 -999 0.60 0.36 0.20 0.27 0.08 0.06 0.09 0.11 0.04 0.04 0.05 0.10 0.07 0.07 0.09 0.01 0.05 0.02 0.38 0.00 0.01 0.09 0.07 0.03 0.00 0.03 0.08 0.17 0.22
0.48 0.18 0.25 0.07 0.11 0.10 0.63 0.31 0.16 0.10 0.37 0.21 0.27 0.60 0.76 0.25 0.26 0.74 1.57 1.08 0.37 0.86 1.59 1.69 1.80 2.28 1.03 0.39 0.54 0.51 0.17 0.24 0.22 0.69 3.23 0.82 0.54 0.29 0.35 0.18 0.03 0.01 0.03 0.21 0.37 0.09 0.12 0.72 1.14 0.30 0.19 0.39 0.80 0.21 0.11 -999 0.28 0.60 0.15 0.07 0.09 0.11 0.05 0.01 0.03 0.03 0.05 0.05 0.10 0.10 0.04 0.11 0.03 0.04 0.08 0.03 0.08 0.04 0.02 0.02 0.08 0.08 0.04 0.10
0.38 0.29 0.25 0.07 0.18 0.23 0.15 0.29 0.10 0.14 0.29 0.26 0.41 0.89 1.29 0.12 0.26 1.07 1.73 2.07 0.79 1.16 1.50 1.44 1.84 0.82 0.45 0.52 0.61 0.74 0.20 0.20 0.09 0.11 1.09 0.26 0.15 0.22 0.24 0.13 0.02 0.00 0.01 0.10 0.15 0.08 0.09 0.65 1.85 0.35 0.19 0.32 0.72 0.14 0.20 -999 -999 0.23 0.14 0.06 0.15 0.15 0.08 0.02 0.03 0.02 0.03 0.04 0.08 0.05 0.02 0.04 0.09 0.32 0.19 0.06 0.02 0.04 0.02 0.02 0.03 0.09 0.05 0.07
0.36 0.24 0.20 0.09 0.09 0.19 0.21 0.06 0.05 0.11 0.42 0.45 0.65 2.59 1.06 0.14 0.74 1.69 0.85 0.27 0.48 0.70 0.34 0.87 1.09 0.61 0.22 0.36 0.69 0.38 0.13 0.24 0.23 0.10 0.63 0.25 0.36 0.36 0.11 0.09 0.00 0.00 0.00 0.02 0.05 0.02 0.03 0.30 1.02 0.29 0.26 0.30 0.61 0.10 0.30 0.98 -999 -999 0.06 0.10 0.20 0.13 0.06 0.07 0.02 0.00 0.00 0.02 0.02 0.04 0.01 0.01 0.13 0.21 0.06 0.07 0.03 0.00 0.01 0.02 0.01 0.01 0.03 0.13
0.20 0.27 0.20 0.04 0.04 0.03 0.06 0.02 0.00 0.03 0.40 0.89 0.95 2.19 0.30 0.21 0.80 0.84 0.12 0.31 0.33 0.10 0.21 0.92 1.12 0.35 0.12 0.23 0.39 0.34 0.32 0.54 0.47 0.25 0.25 0.29 0.35 0.26 0.11 0.01 0.06 0.00 0.00 0.01 0.01 0.00 0.02 0.11 0.56 0.23 0.56 0.38 0.44 0.24 0.33 0.67 0.46 -999 -999 0.08 0.51 0.10 0.13 0.06 0.02 0.03 0.02 0.03 0.02 0.02 0.01 0.05 0.23 0.07 0.04 0.16 0.13 0.01 0.02 0.12 0.00 0.01 0.04 0.07
0.96 0.96 0.10 0.07 0.10 0.11 0.07 0.05 0.01 0.01 0.08 0.78 0.67 1.98 0.08 0.16 0.39 0.39 0.12 0.17 0.31 0.22 0.20 0.71 1.10 0.10 0.19 0.27 0.19 0.19 0.56 1.24 0.11 0.07 0.19 0.57 1.11 0.22 0.20 0.02 0.05 0.04 0.00 0.00 0.00 0.00 0.04 0.05 0.38 0.18 0.55 0.81 0.49 0.17 0.79 0.70 0.36 0.00 -999 -999 0.32 0.68 0.08 0.03 0.02 0.03 0.03 0.04 0.02 0.00 0.00 0.00 0.08 0.03 0.01 0.04 0.37 0.00 0.01 0.08 0.00 0.05 0.03 0.08
2.10 0.18 0.17 0.19 0.20 0.21 0.18 0.14 0.06 0.06 0.15 0.17 0.12 1.06 0.20 0.11 0.08 0.14 0.15 0.06 0.12 0.23 0.31 0.33 0.17 0.37 0.45 0.10 0.41 0.14 0.15 0.34 0.11 0.06 0.13 0.37 0.41 0.14 0.03 0.03 0.07 0.10 0.08 0.01 0.00 0.01 0.05 0.09 0.40 0.13 0.26 1.03 0.32 0.21 0.85 0.54 0.11 0.44 -999 -999 -999 0.05 0.04 0.08 0.04 0.03 0.03 0.03 0.05 0.03 0.03 0.04 0.02 0.07 0.01 0.05 0.03 0.01 0.00 0.01 0.00 0.03 0.00 0.02
0.42 0.20 0.22 0.27 0.30 0.34 0.17 0.08 0.01 0.04 0.03 0.09 0.16 0.03 0.06 0.06 0.15 0.25 0.19 0.08 0.33 0.37 0.30 0.32 0.37 0.13 0.11 0.11 0.17 0.08 0.34 0.40 0.09 0.08 0.28 0.24 0.27 0.03 0.03 0.07 0.20 0.14 0.05 0.01 0.00 0.01 0.04 0.16 0.10 0.04 0.09 0.82 0.34 0.24 0.61 0.30 0.07 0.68 1.31 -999 -999 -999 0.15 0.32 0.12 0.08 0.03 0.05 0.06 0.07 0.18 0.09 0.05 0.03 0.04 0.04 0.03 0.02 0.01 0.00 0.00 0.01 0.01 0.00
0.19 0.21 0.40 0.36 0.39 0.21 0.09 0.05 0.09 0.06 0.05 0.07 0.02 0.08 0.04 0.09 0.13 0.29 0.15 0.12 0.12 0.27 0.27 0.32 0.28 0.18 0.14 0.24 0.15 0.16 0.15 0.22 0.08 0.08 0.23 0.33 0.13 0.13 0.14 0.22 0.21 0.08 0.02 0.01 0.02 0.02 0.04 0.09 0.05 0.06 0.04 0.55 0.35 0.24 0.66 0.36 0.17 0.81 1.10 0.00 -999 -999 -999 0.21 0.06 0.06 0.00 0.00 0.15 0.22 0.17 0.14 0.02 0.07 0.07 0.04 0.04 0.00 0.04 0.02 0.03 0.01 0.00 0.00
0.31 0.32 0.46 0.26 0.11 0.10 0.13 0.06 0.07 0.07 0.09 0.04 0.03 0.05 0.03 0.04 0.01 0.10 0.12 0.09 0.13 0.11 0.27 0.05 0.15 0.09 0.03 0.09 0.13 0.12 0.20 0.18 0.06 0.15 0.41 0.22 0.25 0.54 0.64 0.68 0.14 0.04 0.01 0.06 0.04 0.04 0.03 0.05 0.08 0.07 0.05 0.19 0.20 0.28 0.70 0.33 0.27 0.85 0.73 0.42 -999 -999 -999 -999 0.04 0.02 0.11 0.03 0.05 0.02 0.01 0.19 0.12 0.12 0.04 0.03 0.01 0.01 0.06 0.04 0.00 0.00 0.00 0.03
0.29 0.19 0.21 0.31 0.20 0.11 0.05 0.05 0.16 0.21 0.24 0.09 0.01 0.04 0.01 0.04 0.08 0.04 0.04 0.08 0.14 0.08 0.10 0.07 0.06 0.07 0.05 0.07 0.15 0.21 0.20 0.09 0.13 0.20 0.22 0.19 0.22 0.48 1.15 0.64 0.09 0.01 0.02 0.09 0.11 0.14 0.06 0.03 0.07 0.11 0.07 0.21 0.25 0.13 0.72 0.30 0.34 0.84 0.32 0.44 1.84 -999 -999 -999 -999 0.44 0.08 0.07 0.06 0.04 0.03 0.01 0.01 0.03 0.02 0.02 0.03 0.03 0.00 0.00 0.00 0.00 0.01 0.01
0.18 0.20 0.19 0.14 0.13 0.17 0.10 0.08 0.11 0.22 0.18 0.09 0.05 0.03 0.05 0.07 0.08 0.04 0.05 0.06 0.04 0.06 0.02 0.03 0.02 0.06 0.09 0.27 0.13 0.08 0.05 0.06 0.12 0.18 0.34 0.11 0.10 0.24 0.97 0.39 0.06 0.08 0.11 0.20 0.32 0.44 0.13 0.03 0.11 0.15 0.08 0.15 0.10 0.03 0.30 0.37 0.29 0.65 0.15 0.24 1.92 0.00 -999 -999 -999 -999 0.08 0.04 0.02 0.03 0.05 0.07 0.01 0.05 0.05 0.03 0.01 0.01 0.01 0.00 0.00 0.01 0.00 0.00
0.40 0.34 0.21 0.15 0.10 0.10 0.11 0.11 0.08 0.18 0.18 0.09 0.09 0.02 0.02 0.05 0.02 0.01 0.03 0.00 0.01 0.06 0.15 0.16 0.16 0.11 0.29 0.44 0.15 0.09 0.11 0.13 0.20 0.10 0.20 0.05 0.03 0.38 0.34 0.23 0.12 0.11 0.25 0.38 0.42 0.48 0.38 0.02 0.16 0.17 0.07 0.08 0.02 0.02 0.29 0.38 0.42 0.51 0.28 0.38 1.51 3.53 -999 -999 -999 -999 -999 0.02 0.00 0.04 0.05 0.04 0.10 0.07 0.04 0.00 0.02 0.03 0.00 0.00 0.01 0.00 0.00 0.00
1.23 0.67 0.29 0.10 0.11 0.12 0.12 0.11 0.17 0.26 0.16 0.04 0.01 0.02 0.01 0.07 0.01 0.00 0.02 0.01 0.00 0.07 0.15 0.19 0.18 0.26 0.39 0.28 0.22 0.10 0.10 0.08 0.20 0.10 0.08 0.03 0.03 0.15 0.20 0.09 0.20 0.16 0.27 0.34 0.36 0.45 0.43 0.03 0.09 0.13 0.05 0.06 0.02 0.06 0.24 0.39 0.99 0.83 0.39 0.87 1.82 0.82 0.62 -999 -999 -999 -999 -999 0.07 0.01 0.08 0.17 0.02 0.17 0.08 0.04 0.00 0.03 0.01 0.04 0.03 0.03 0.00 0.01
1.42 0.53 0.19 0.08 0.12 0.09 0.19 0.18 0.33 0.04 0.02 0.02 0.06 0.06 0.06 0.09 0.07 0.00 0.00 0.02 0.01 0.03 0.02 0.05 0.04 0.06 0.10 0.16 0.10 0.14 0.13 0.06 0.09 0.09 0.04 0.09 0.03 0.09 0.25 0.14 0.37 0.40 0.39 0.32 0.33 0.20 0.16 0.11 0.08 0.07 0.03 0.04 0.03 0.24 0.16 0.22 0.19 0.11 0.26 0.86 1.33 0.33 0.43 0.00 -999 -999 -999 -999 -999 0.17 0.04 0.18 0.02 0.04 0.12 0.10 0.02 0.03 0.00 0.00 0.02 0.00 0.00 0.01
0.58 0.24 0.21 0.33 0.25 0.14 0.16 0.24 0.08 0.04 0.07 0.09 0.07 0.10 0.13 0.03 0.07 0.01 0.02 0.01 0.02 0.02 0.02 0.05 0.03 0.01 0.08 0.14 0.14 0.16 0.11 0.15 0.13 0.08 0.06 0.01 0.01 0.07 0.30 0.15 0.47 0.42 0.17 0.27 0.27 0.19 0.14 0.18 0.11 0.03 0.01 0.03 0.02 0.17 0.13 0.04 0.26 0.42 0.34 0.67 0.25 0.10 0.28 0.70 -999 -999 -999 -999 -999 -999 0.01 0.02 0.03 0.12 0.04 0.01 0.05 0.00 0.05 0.04 0.01 0.00 0.00 0.01
0.74 0.84 0.31 0.29 0.34 0.12 0.10 0.12 0.19 0.15 0.07 0.08 0.05 0.10 0.02 0.04 0.04 0.02 0.03 0.07 0.03 0.02 0.03 0.03 0.03 0.05 0.07 0.14 0.16 0.16 0.14 0.21 0.17 0.08 0.06 0.05 0.07 0.07 0.14 0.08 0.20 0.29 0.09 0.23 0.32 0.33 0.29 0.40 0.16 0.08 0.05 0.02 0.01 0.09 0.04 0.01 0.22 0.73 0.67 0.48 0.10 0.25 0.74 0.45 0.78 -999 -999 -999 -999 -999 -999 0.13 0.19 0.16 0.16 0.03 0.02 0.01 0.14 0.06 0.01 0.00 0.00 0.00
