DATA/Ex_dossier_pluie/24h/PH_20111105210000.asc
NCOLS 95
NROWS 110
XLLCENTER 939500
YLLCENTER 1831500
CELLSIZE 1000
NODATA_VALUE -999
[rows 37 to 73 of 110, columns 0 to 82 of 95]
1.21 1.39 1.43 1.45 1.48 1.47 3.36 4.42 3.66 1.43 14.74 23.84 26.60 17.25 2.03 2.08 2.06 2.10 2.04 5.62 4.02 6.73 8.18 10.18 16.78 17.08 14.20 9.06 2.49 2.35 2.25 2.13 4.34 4.06 2.62 2.57 3.23 5.89 1.03 1.77 3.54 3.29 4.80 3.24 2.90 3.40 3.57 4.04 4.83 3.48 2.57 1.99 1.93 1.68 1.57 1.41 0.12 1.17 2.44 3.40 3.76 4.93 4.92 4.19 2.85 2.70 3.04 3.06 2.92 3.59 2.47 2.48 2.36 0.87 1.51 2.95 5.84 5.99 7.41 7.03 5.41 9.27 11.55
1.24 1.30 1.38 1.47 1.60 1.62 1.79 3.72 1.54 1.54 5.57 6.23 14.12 4.52 1.90 1.96 1.99 17.47 18.75 23.62 14.14 7.91 7.77 9.68 9.61 11.88 3.22 2.13 2.35 2.35 2.29 2.21 2.18 6.86 2.52 2.51 4.52 14.64 5.33 0.82 0.98 2.35 3.71 3.43 2.97 3.30 3.56 4.01 3.49 1.20 1.13 3.51 2.63 2.09 1.86 0.61 0.45 1.16 2.59 2.93 3.36 3.94 5.23 4.39 2.50 2.14 2.94 3.44 3.60 3.52 3.29 1.88 2.85 4.45 9.76 4.74 5.04 5.14 4.58 5.40 7.79 3.69 2.91
1.27 1.35 1.39 1.45 1.49 1.53 1.55 1.66 1.56 1.69 1.75 1.67 3.91 1.64 1.73 1.84 1.77 15.46 15.16 17.69 16.61 17.19 11.04 7.58 8.25 9.09 9.39 2.55 2.22 2.52 2.61 2.42 1.19 4.66 2.47 3.25 10.64 14.49 7.24 1.63 1.10 2.14 2.97 4.24 3.50 3.75 3.59 3.88 3.67 2.47 1.55 4.12 0.55 0.00 0.00 0.44 0.00 0.76 3.05 3.14 3.63 3.96 4.32 4.37 3.10 4.55 2.68 3.13 3.20 3.32 3.03 5.46 9.97 8.84 8.54 8.47 6.28 8.76 3.90 2.87 3.51 5.08 4.50
1.36 1.42 1.40 1.55 1.61 1.47 1.71 1.81 1.58 1.61 1.72 1.75 1.75 1.78 1.73 1.67 1.73 6.44 11.12 11.34 12.13 13.01 6.80 8.45 11.64 8.09 7.08 3.54 2.22 2.29 2.65 3.19 13.84 7.81 7.70 13.14 10.56 8.90 6.53 3.30 0.29 0.74 3.20 4.00 3.90 4.00 3.77 4.01 4.05 4.29 3.67 3.26 1.91 0.02 0.41 1.96 1.79 2.30 2.93 3.65 4.11 4.80 4.77 5.18 3.30 3.10 3.24 2.72 2.83 3.06 2.77 3.47 10.39 10.42 8.66 5.86 4.37 3.74 3.29 2.39 4.52 5.64 5.55
1.41 1.53 1.50 1.60 1.51 1.58 1.81 2.21 1.89 1.57 1.73 1.66 1.76 1.69 1.68 1.79 2.83 1.91 6.03 8.74 10.61 10.89 2.20 1.92 9.71 18.25 7.95 5.14 2.16 2.48 3.46 5.12 5.94 12.94 10.70 9.10 12.06 11.41 9.16 3.10 1.18 0.69 2.12 3.19 3.82 4.03 3.90 4.13 4.54 4.51 3.35 2.37 5.00 2.83 2.69 2.54 2.89 2.97 3.05 3.46 4.75 5.39 6.94 7.99 6.15 3.95 4.23 3.76 8.89 9.37 3.15 2.76 5.68 9.99 6.45 3.85 6.86 5.94 6.89 10.84 6.16 8.44 12.95
1.42 1.52 1.57 1.58 1.59 1.58 1.56 1.46 2.32 2.29 2.51 2.49 1.82 1.77 1.95 1.93 1.72 2.03 3.92 6.81 6.67 7.32 2.05 1.89 9.68 17.02 6.42 2.23 4.47 2.55 1.26 3.03 4.24 4.79 8.50 10.72 9.16 9.99 8.48 3.62 7.94 2.12 2.43 2.82 4.09 4.40 4.07 4.13 4.31 4.78 3.12 2.19 4.94 3.70 2.96 3.03 3.07 3.27 3.26 3.97 4.85 5.69 7.05 7.72 5.49 4.26 4.05 9.89 16.81 16.68 3.28 3.80 3.39 4.93 5.51 8.84 9.23 8.33 8.94 10.38 9.27 8.97 6.42
1.46 1.51 1.57 1.58 1.64 1.64 1.52 1.58 1.58 1.59 1.75 2.28 1.76 1.86 2.11 1.99 2.13 2.92 3.06 3.16 3.37 2.74 3.05 5.98 7.30 9.73 5.94 4.15 12.53 8.43 2.92 2.72 2.88 4.37 5.44 6.74 10.71 8.21 8.36 5.15 4.98 6.94 3.49 3.11 4.77 4.77 4.38 4.43 4.28 4.96 4.21 5.22 4.43 3.87 3.39 3.27 3.43 3.94 4.33 5.06 5.04 6.35 5.21 3.60 3.78 2.92 2.70 19.59 17.42 18.85 3.95 4.23 4.00 10.93 9.40 8.79 9.61 11.37 10.56 9.17 7.20 6.83 7.03
1.43 1.50 1.47 1.62 1.69 1.56 1.58 1.69 4.01 3.08 1.84 2.00 1.83 1.67 2.22 2.44 2.43 3.86 3.99 3.35 3.13 1.72 1.78 2.47 4.91 5.62 5.97 6.21 7.40 8.76 4.94 3.51 4.51 4.07 4.93 5.51 5.56 8.11 7.42 7.00 6.64 6.40 6.33 3.37 4.37 4.47 4.46 4.72 4.73 5.12 5.42 4.38 3.67 3.83 4.15 3.64 3.60 5.03 5.48 5.32 8.46 8.29 7.11 7.42 5.22 3.02 3.07 13.06 13.43 17.29 17.61 4.71 4.03 5.78 9.90 13.07 10.90 11.65 8.95 9.74 9.40 6.05 9.02
1.39 1.35 1.42 1.45 1.55 1.54 1.58 1.69 1.79 1.98 3.26 1.92 1.99 2.61 2.34 2.97 3.05 6.34 6.55 5.32 4.72 2.71 2.35 3.58 3.99 4.62 5.32 5.02 4.50 4.55 5.93 6.89 6.74 9.41 6.81 5.66 4.99 5.08 4.72 6.45 6.25 5.90 6.18 4.87 3.69 4.04 4.00 4.29 4.58 4.91 5.60 4.33 3.81 4.23 5.65 4.60 4.76 5.30 5.88 7.11 7.22 12.84 10.43 9.96 3.26 1.31 3.19 13.18 14.08 14.24 12.24 4.75 2.89 4.60 14.33 14.15 14.57 12.96 10.86 11.47 4.56 2.19 8.84
1.42 1.39 1.45 1.48 1.50 1.53 1.62 1.62 1.84 2.20 2.17 2.01 2.35 3.33 4.59 4.54 4.48 7.70 7.97 7.87 7.55 6.34 5.16 4.92 4.73 4.82 5.06 5.62 5.01 5.04 4.58 4.73 5.79 6.80 7.87 8.25 6.79 5.64 5.46 5.35 6.51 5.69 5.82 6.83 4.84 4.17 4.08 4.32 4.82 4.74 4.62 3.93 4.11 4.50 5.15 5.37 5.43 5.98 5.72 5.86 6.14 8.92 11.59 9.42 8.23 3.85 6.90 15.35 15.98 12.63 7.79 3.44 3.71 7.58 12.53 14.11 14.65 15.12 13.20 10.00 4.41 5.51 6.67
1.32 1.35 1.43 1.42 1.50 1.61 1.71 1.70 1.74 1.94 1.93 1.87 1.94 2.55 3.71 3.03 3.88 8.69 8.40 7.08 7.05 6.96 6.45 6.82 6.12 5.04 4.29 4.58 4.87 5.26 5.13 5.40 5.44 5.95 5.60 6.41 7.54 8.06 6.96 5.73 5.55 5.61 5.48 5.39 6.50 4.45 4.41 4.48 4.53 4.60 4.53 4.21 4.03 4.34 5.29 5.87 6.48 6.98 6.20 5.69 5.83 7.22 10.36 11.74 6.29 5.80 8.17 9.49 13.33 10.30 7.10 3.58 5.46 9.89 10.62 10.70 9.59 8.29 10.04 6.01 6.22 6.78 9.60
1.30 1.35 1.37 1.36 1.48 1.46 1.64 1.55 1.75 1.77 1.77 2.46 3.08 4.19 6.14 7.59 9.28 9.70 9.28 7.18 6.76 6.61 6.09 5.73 5.33 5.07 4.81 4.56 4.68 4.63 4.69 5.11 5.17 5.60 5.85 7.14 7.28 8.14 7.26 7.56 6.23 5.49 5.04 5.57 5.50 5.67 4.28 4.32 4.63 4.79 4.36 4.52 5.04 5.13 5.55 6.36 6.36 7.09 7.08 6.50 6.63 8.07 9.50 12.32 9.30 7.06 7.58 7.19 9.31 8.87 9.82 8.61 10.02 8.35 9.68 10.48 8.23 6.58 7.09 8.44 5.47 6.59 11.89
1.30 1.35 1.28 1.41 1.48 1.57 1.60 1.72 1.71 1.75 1.77 1.80 1.80 2.28 1.85 3.22 5.19 8.05 10.78 10.16 9.62 7.46 8.39 7.23 4.25 3.82 4.20 2.64 4.41 4.86 5.34 5.01 4.86 4.76 4.91 6.12 7.07 7.84 7.59 7.28 6.35 6.55 5.69 5.06 5.32 5.52 5.21 3.86 4.10 4.71 4.47 4.71 5.50 5.94 6.23 6.47 6.00 6.12 6.48 5.97 5.51 7.59 9.83 8.20 8.81 10.44 8.16 7.17 7.77 9.83 9.71 10.72 8.27 7.07 6.66 6.89 6.33 5.12 4.80 6.30 6.63 6.15 7.89
1.31 1.31 1.30 1.39 1.44 1.53 1.61 1.72 1.68 1.70 1.75 1.84 1.90 2.06 1.85 1.91 3.24 6.05 9.03 9.45 9.46 8.75 8.22 3.86 3.72 3.84 5.35 6.08 6.65 6.28 5.33 5.21 4.82 4.38 4.42 4.27 4.89 5.22 5.21 5.55 5.98 6.56 6.51 5.93 5.55 5.07 5.45 4.45 3.99 3.90 4.39 4.80 4.97 5.64 5.58 4.94 5.37 5.64 6.02 7.98 8.37 7.42 9.22 10.25 9.03 9.41 9.88 7.83 8.13 9.74 9.02 8.80 8.59 6.10 4.67 5.12 5.00 6.43 5.02 4.28 6.02 6.77 6.01
1.23 1.28 1.34 1.38 1.48 1.45 1.61 1.64 1.68 1.68 1.70 1.99 2.24 2.07 2.16 1.92 3.71 5.01 6.17 6.32 6.16 6.03 3.66 6.22 6.66 5.93 5.70 4.53 5.17 5.62 5.34 4.82 4.31 4.36 4.24 4.19 3.99 4.08 3.77 3.59 4.06 4.89 5.92 6.43 6.15 5.53 5.14 4.45 0.44 4.15 4.78 5.16 5.22 5.35 5.59 5.64 5.95 6.89 7.42 8.66 9.86 10.66 8.81 10.01 14.65 12.66 11.12 10.62 9.80 10.09 11.33 9.24 7.90 6.45 5.01 4.91 5.30 5.87 4.69 3.21 4.08 4.75 3.69
1.34 1.28 1.28 1.46 1.45 1.51 1.67 1.71 1.69 1.75 2.74 2.69 2.61 1.81 1.89 1.50 3.80 5.19 5.49 7.32 7.03 4.91 3.78 7.63 6.46 6.47 6.48 5.00 5.28 6.23 5.54 5.13 4.99 4.47 4.17 4.23 3.95 3.89 3.40 3.03 3.24 3.58 4.06 4.41 4.39 4.07 4.21 0.00 0.00 2.61 6.48 6.84 6.71 6.43 6.07 5.89 7.02 7.95 7.85 9.96 10.89 11.16 10.82 10.72 13.45 15.05 13.32 14.78 13.62 9.66 12.80 11.68 8.95 7.17 5.64 4.79 5.16 3.53 4.23 3.71 4.82 3.79 3.12
1.38 1.40 1.44 1.44 1.47 1.54 1.58 1.60 1.74 1.86 1.77 2.19 2.45 2.16 1.65 2.16 1.82 2.59 4.53 5.95 5.01 5.26 5.68 7.16 7.53 6.90 7.36 6.18 5.95 6.41 6.19 6.22 6.38 5.91 4.82 4.25 4.47 4.00 3.60 3.20 3.11 3.46 3.71 3.58 3.09 3.07 3.42 3.97 0.00 5.18 6.40 7.19 7.33 6.91 5.82 5.12 5.33 6.44 7.63 8.12 8.40 8.43 9.02 11.88 13.06 13.88 15.58 14.11 13.87 10.97 9.46 10.53 10.42 7.96 5.73 4.02 4.03 3.51 2.88 3.07 4.38 2.08 2.09
1.42 1.49 1.51 1.48 1.40 1.68 1.44 1.56 1.57 1.74 2.01 2.30 2.49 2.48 2.16 2.18 3.49 5.56 7.49 6.62 5.08 7.00 7.29 6.35 7.49 6.59 6.72 7.09 6.68 7.10 7.87 7.14 6.08 6.78 6.14 5.53 5.39 5.63 4.46 3.96 3.76 3.61 3.59 3.56 3.23 3.24 3.48 3.98 4.84 5.72 6.24 6.24 5.69 5.03 4.74 5.12 6.08 6.94 7.37 7.41 7.17 6.25 6.76 8.15 10.48 11.64 16.35 16.37 15.82 12.79 9.03 8.41 8.51 6.74 5.34 4.00 2.25 3.07 2.41 2.03 1.89 1.38 1.50
1.58 1.61 1.59 1.60 1.60 1.53 1.56 1.50 1.50 1.69 2.17 2.62 1.84 2.00 1.82 4.16 6.64 6.28 6.98 8.19 9.26 8.27 8.95 8.28 8.19 9.95 10.29 10.04 8.76 9.38 7.51 7.32 7.64 7.90 7.08 6.29 5.67 5.38 5.32 5.12 4.83 4.28 4.26 4.46 4.05 3.67 3.64 3.89 4.63 5.52 5.31 5.60 4.86 4.49 4.44 5.25 6.20 7.45 6.41 6.63 5.94 5.40 6.32 8.64 11.16 12.26 13.09 19.56 15.61 11.40 11.25 9.31 7.89 6.07 3.49 3.79 3.28 2.35 2.90 2.25 2.08 1.84 1.23
1.53 1.60 1.54 1.50 1.59 1.65 1.66 1.71 1.53 2.00 2.39 2.47 3.71 1.97 2.12 1.65 1.75 3.48 6.85 8.84 8.97 8.71 9.44 9.90 8.91 8.90 10.25 10.96 12.47 12.83 9.14 8.47 9.01 9.57 9.65 8.08 6.54 6.30 5.99 6.36 6.65 6.14 5.52 4.99 4.80 4.86 4.39 3.98 3.98 4.33 5.09 4.91 4.24 4.27 5.05 5.16 5.30 5.59 5.32 4.32 4.57 4.50 5.61 7.13 9.66 12.65 13.14 12.92 14.06 10.52 9.28 9.40 8.71 7.08 5.53 4.70 2.55 3.82 2.31 1.93 1.48 1.26 1.16
1.51 1.59 1.62 1.67 2.49 2.32 1.79 1.79 2.04 1.64 2.76 3.14 5.10 5.32 4.64 6.39 4.49 8.67 11.32 11.28 8.29 7.60 7.45 9.26 9.19 11.11 9.69 10.86 10.65 12.51 11.54 10.39 10.06 9.77 9.12 9.55 8.42 7.06 6.92 7.08 8.44 7.46 6.75 5.49 4.59 4.71 4.82 4.86 4.88 5.50 5.69 5.53 5.32 4.28 4.12 5.17 5.61 5.14 4.73 5.06 4.84 4.52 5.42 6.20 7.86 10.71 11.73 10.48 9.59 8.60 8.60 11.62 10.68 9.17 6.91 5.60 3.00 1.81 4.03 2.23 1.92 2.08 1.17
1.46 2.18 2.95 3.07 1.62 1.82 1.76 2.08 2.24 1.91 1.38 4.62 5.43 5.09 4.75 4.28 4.61 6.84 7.55 6.71 4.14 5.49 7.24 7.50 4.16 7.75 8.80 9.48 10.27 9.76 10.43 12.30 11.85 10.58 12.85 11.66 10.13 10.04 11.83 10.33 10.02 8.84 6.16 5.49 5.64 4.86 4.74 5.18 5.70 6.01 6.74 5.78 5.71 -999 3.63 3.39 4.04 5.13 4.55 4.31 4.47 4.65 6.11 6.38 6.51 7.36 7.19 5.73 6.02 7.18 9.17 9.89 9.08 5.93 4.58 4.33 3.48 2.98 3.40 2.66 2.14 2.74 1.34
1.42 1.43 1.51 1.55 1.52 1.55 1.65 2.03 2.06 2.32 2.29 2.83 1.97 2.24 3.00 4.36 2.23 3.52 6.91 3.24 2.20 2.32 2.85 9.47 6.56 9.83 9.63 9.46 9.68 9.54 11.05 13.48 11.60 10.29 8.15 9.21 12.26 12.66 12.13 13.49 10.10 8.43 6.97 5.73 5.85 5.36 4.83 5.18 6.13 5.88 6.51 5.52 4.38 3.67 -999 4.14 4.71 5.23 4.24 4.09 3.65 3.61 4.07 5.37 5.77 5.51 5.37 5.19 4.94 4.79 6.28 5.49 6.50 5.76 4.67 3.47 3.52 4.00 4.49 2.43 2.35 2.01 1.75
1.38 1.45 1.48 1.46 1.46 1.43 1.52 1.89 1.69 1.71 2.02 2.72 2.00 2.50 6.36 10.32 9.58 10.71 11.89 5.74 1.98 2.61 5.45 9.69 7.85 9.67 8.56 10.94 7.39 6.23 11.23 14.52 13.13 9.12 8.62 10.11 6.87 13.69 10.85 12.38 10.91 8.53 7.60 6.31 6.07 5.36 4.99 6.05 6.70 6.29 6.15 5.28 4.24 3.97 3.86 -999 6.14 5.30 5.15 4.14 3.42 2.76 2.93 3.90 5.01 4.51 3.83 3.99 4.25 4.47 3.76 3.19 4.07 3.28 2.41 2.18 2.39 3.17 4.20 3.16 2.01 1.28 1.81
1.37 1.36 1.40 1.35 1.33 1.39 1.47 2.19 1.44 1.53 1.56 5.22 7.41 7.83 7.36 7.22 9.02 9.98 10.90 13.49 6.41 7.44 5.59 6.68 7.48 6.19 4.17 4.86 9.23 9.16 10.57 10.51 7.40 5.49 2.87 2.18 4.55 9.60 9.39 10.03 9.87 8.01 6.72 6.62 6.55 6.25 6.07 6.33 6.57 5.69 4.45 4.25 3.96 3.89 3.17 -999 -999 5.32 4.36 3.96 3.20 3.10 3.63 4.44 5.08 4.97 3.82 3.07 1.90 1.96 3.09 3.07 3.07 2.89 2.18 2.14 2.06 2.21 2.97 2.24 1.42 1.15 1.17
1.26 1.36 1.32 2.35 2.11 1.32 1.39 2.08 3.02 1.67 1.73 4.41 8.19 11.89 12.86 9.49 10.13 10.76 9.95 3.96 3.50 3.27 2.17 3.20 4.68 7.12 7.80 8.51 9.43 9.80 10.00 10.80 7.42 4.39 3.43 3.13 5.50 5.07 7.12 9.02 10.15 8.30 6.52 6.21 5.88 6.61 6.47 6.46 5.98 5.08 4.38 3.90 3.79 3.40 3.43 3.14 -999 -999 4.02 3.27 3.09 3.28 3.69 4.76 5.44 4.32 3.65 3.11 1.90 1.90 2.11 2.95 3.03 2.94 2.30 2.01 1.74 1.37 1.49 1.73 1.52 1.33 1.11
1.31 1.34 1.27 1.22 1.77 1.30 1.37 3.35 2.02 8.76 9.06 8.84 8.99 6.83 4.80 6.11 11.28 7.85 3.27 1.77 4.29 6.60 9.00 9.76 7.87 8.26 10.11 10.45 9.56 11.08 10.20 9.60 11.58 13.11 12.79 11.30 11.50 9.36 7.60 7.90 7.98 8.65 7.13 6.32 5.26 5.40 5.71 5.67 4.76 3.99 3.66 3.36 4.37 4.03 3.55 3.56 3.29 -999 -999 2.76 2.77 3.01 3.23 3.82 4.10 3.59 3.27 3.10 2.19 2.72 3.25 3.08 2.26 1.71 1.75 1.80 1.65 1.76 1.40 2.64 2.34 1.45 1.47
1.42 1.37 1.32 1.29 1.41 1.45 1.85 3.24 4.01 7.97 7.95 5.97 6.26 5.36 8.33 7.21 15.94 10.75 9.23 10.26 9.70 9.79 11.62 13.91 13.79 8.81 9.95 12.76 7.75 13.82 8.70 9.15 10.05 12.36 14.39 12.18 12.85 9.69 8.06 7.16 6.53 6.95 6.37 5.61 4.75 4.46 4.71 4.57 4.08 3.57 3.36 3.16 3.68 4.08 3.93 3.35 2.84 0.06 -999 -999 2.84 2.88 2.41 2.84 3.18 3.53 3.21 3.31 2.46 2.52 2.46 2.64 2.12 1.94 1.62 1.35 1.51 1.99 1.96 2.38 2.19 2.09 2.20
1.40 1.50 1.56 1.43 2.16 3.89 3.66 3.81 6.36 9.30 7.09 9.35 8.44 10.69 12.86 13.32 15.26 15.69 12.69 14.67 15.79 12.02 15.04 18.31 16.19 14.06 10.73 10.02 10.63 10.31 8.73 7.43 8.87 10.53 11.42 14.05 11.10 9.83 8.07 7.21 8.70 6.70 6.56 5.61 4.65 3.96 3.79 4.33 4.16 3.73 3.30 3.45 3.24 3.28 2.97 2.88 2.51 2.12 -999 -999 -999 3.16 2.58 2.55 2.73 2.77 3.22 2.46 2.47 2.71 2.57 2.15 2.08 1.90 1.72 1.72 1.82 2.11 1.71 1.82 1.77 2.11 1.75
1.65 1.64 2.65 2.63 2.85 3.99 2.75 5.49 6.02 6.89 8.35 7.65 9.04 7.27 6.95 10.78 12.48 16.38 14.49 12.20 7.69 13.70 17.78 19.08 13.86 14.05 14.38 12.05 10.15 11.61 14.29 10.32 10.23 9.35 9.91 8.58 10.06 9.52 6.83 6.18 7.65 7.72 7.42 6.73 5.20 4.07 3.25 3.49 3.04 2.87 2.86 3.05 3.14 3.14 2.65 2.69 2.61 2.05 1.97 -999 -999 -999 2.62 2.55 2.46 2.98 2.48 2.48 2.47 2.29 2.18 2.09 2.23 1.73 2.19 1.88 1.93 2.18 1.95 1.66 1.44 1.62 1.62
2.09 1.60 1.76 2.64 2.58 3.43 3.35 5.22 4.85 3.88 6.56 3.66 8.57 10.17 10.83 11.72 12.66 14.66 15.19 12.25 14.18 14.37 14.03 19.88 13.35 12.51 11.54 11.38 10.67 13.32 14.61 13.67 9.34 8.84 9.21 7.98 8.65 9.18 7.70 6.41 5.96 6.69 6.50 6.75 5.08 3.94 2.98 3.05 3.04 2.88 2.55 2.75 2.99 2.53 2.49 2.32 2.88 3.03 2.23 0.13 -999 -999 -999 2.20 2.48 1.95 2.81 3.43 3.39 2.58 2.43 2.09 2.44 2.25 2.31 2.49 2.61 3.41 2.22 1.84 1.58 1.52 1.63
1.69 1.64 1.70 2.76 3.38 1.56 2.58 2.48 3.60 4.32 6.92 5.96 7.03 8.24 8.47 9.88 7.37 7.00 13.04 14.10 15.48 12.93 11.69 15.03 20.81 12.15 12.81 10.51 12.58 14.17 15.55 11.57 8.85 9.41 8.97 8.78 8.56 9.69 8.50 5.82 5.01 6.70 5.69 6.44 5.09 3.47 2.86 2.78 2.83 2.51 2.54 2.75 2.56 2.65 2.61 2.48 2.51 2.60 2.53 2.42 -999 -999 -999 -999 2.44 2.05 2.26 2.48 3.20 4.08 1.99 2.14 2.46 2.35 2.45 2.76 2.40 2.37 2.55 2.10 1.77 1.88 1.91
1.52 1.65 1.72 1.79 1.80 2.33 2.70 3.65 5.37 7.12 6.75 6.35 7.50 7.83 8.15 8.15 9.34 10.23 13.05 15.21 13.20 11.39 11.57 14.46 11.31 14.05 11.88 11.85 10.83 11.07 16.09 13.92 10.14 10.31 9.12 8.43 9.61 10.15 8.75 6.61 4.44 5.34 4.28 5.09 4.78 3.45 2.55 2.33 2.30 2.50 2.59 2.66 2.56 2.35 2.53 2.71 2.44 2.52 2.67 2.48 2.04 -999 -999 -999 -999 2.47 2.54 2.86 2.68 2.93 2.48 2.43 2.34 2.40 2.83 2.26 2.14 2.06 2.32 2.42 2.32 2.05 2.02
1.53 1.49 1.45 1.84 1.51 1.97 2.29 2.93 1.68 2.01 2.98 4.91 6.63 7.40 10.24 10.52 11.03 10.86 13.82 14.23 9.92 10.22 12.37 14.35 14.42 16.57 14.71 12.69 11.43 11.05 13.95 11.89 10.44 10.48 8.18 8.51 8.85 10.09 6.56 5.60 4.47 4.16 3.76 4.04 4.04 2.92 2.47 2.22 2.00 2.10 2.63 2.92 2.76 2.25 2.17 2.52 2.52 2.52 2.69 2.85 2.21 0.11 -999 -999 -999 -999 2.42 2.50 2.15 2.29 2.48 2.41 3.02 2.65 2.32 2.16 2.02 2.25 2.47 3.05 3.28 3.07 2.95
1.33 1.40 2.17 1.90 2.02 1.48 1.70 2.25 3.89 1.78 2.33 7.84 8.59 10.00 10.12 7.91 8.42 8.97 10.60 8.78 10.10 10.33 10.28 11.33 15.01 15.64 12.57 10.33 8.67 9.49 11.65 10.51 9.36 7.74 8.16 9.25 8.02 8.58 6.87 4.87 5.12 4.08 4.14 3.51 3.12 2.82 2.60 2.34 2.16 2.07 2.52 2.44 2.38 2.26 2.24 2.35 2.34 2.42 2.50 2.68 2.42 2.53 -999 -999 -999 -999 -999 2.46 2.67 2.30 2.78 2.81 2.53 2.19 2.31 2.49 2.25 2.54 2.69 2.88 3.54 4.13 3.16
1.57 1.59 1.50 1.91 1.66 2.50 2.70 4.43 2.65 2.31 4.86 10.10 8.39 9.13 6.64 6.03 6.56 5.91 5.58 7.87 11.50 10.38 9.70 10.78 15.13 13.80 11.32 8.99 9.88 9.10 10.41 8.07 8.51 10.00 9.25 7.53 9.06 8.36 7.36 5.80 4.99 5.10 4.28 3.28 2.84 2.70 2.17 2.01 1.89 1.86 1.83 2.16 1.99 1.96 2.00 2.09 2.38 2.46 2.49 2.46 2.55 2.45 2.54 -999 -999 -999 -999 -999 2.41 2.21 2.00 2.48 2.50 2.59 2.82 3.56 3.14 2.90 3.76 2.79 3.25 3.09 3.07
1.25 1.25 1.71 2.06 2.61 3.68 2.69 2.56 4.13 7.34 11.19 9.08 5.87 6.34 5.31 5.14 4.44 3.09 5.56 7.08 11.20 12.22 10.01 9.29 13.60 13.53 11.17 12.14 11.96 8.77 8.30 8.49 6.90 9.91 8.97 7.50 7.59 7.01 6.83 5.86 5.21 4.86 4.72 3.65 3.09 2.62 2.08 1.90 1.97 2.01 1.69 2.03 2.04 2.14 2.29 1.97 2.21 2.24 2.78 2.88 2.46 2.29 2.50 0.11 -999 -999 -999 -999 -999 2.79 2.11 1.94 2.35 2.82 2.70 2.92 3.57 2.55 2.45 2.99 3.22 2.74 3.30
