DATA/Ex_dossier_pluie/24h/PH_20111105070000.asc
NCOLS 95
NROWS 110
XLLCENTER 939500
YLLCENTER 1831500
CELLSIZE 1000
NODATA_VALUE -999
[rows 37 to 73 of 110, columns 0 to 82 of 95]
2.65 3.89 4.58 4.06 5.35 6.16 3.48 3.54 1.56 1.12 2.85 1.84 1.39 2.36 0.93 1.00 1.24 1.37 1.55 2.49 2.19 2.16 2.18 2.68 2.49 3.47 2.62 3.81 5.24 2.24 5.53 6.50 3.82 2.52 1.31 0.71 0.81 1.08 1.39 3.77 2.55 1.66 1.45 1.62 1.77 1.54 1.30 1.08 1.30 1.00 0.61 0.01 0.00 0.00 0.01 0.00 0.25 0.72 0.84 0.77 0.84 0.60 0.74 1.08 0.90 1.44 1.44 1.91 2.23 3.06 0.97 3.28 1.35 0.97 1.06 3.43 4.84 2.34 4.17 4.94 2.23 0.74 0.41
11.10 2.29 2.90 4.57 4.19 4.00 4.11 4.13 1.98 1.15 1.13 2.54 3.32 1.36 0.78 1.15 1.41 2.66 3.27 5.51 3.28 2.25 2.33 2.98 3.41 4.26 2.50 4.87 4.38 4.65 2.96 4.56 4.67 2.63 1.56 1.40 1.01 1.56 2.92 2.65 2.56 1.95 1.46 1.88 1.58 1.50 1.39 1.14 0.81 0.68 0.54 1.28 0.16 0.03 0.00 0.00 0.00 1.58 0.96 0.89 1.22 0.88 1.08 0.89 1.17 1.55 2.12 2.05 1.86 1.78 2.99 1.31 0.52 0.45 1.09 2.20 3.24 1.75 3.14 2.40 1.63 0.80 0.60
8.04 6.50 1.52 2.84 3.05 4.50 3.71 4.40 1.63 1.31 1.17 2.30 1.35 0.84 0.94 0.97 1.12 2.56 4.51 6.17 4.00 3.83 2.72 2.93 3.57 3.92 3.95 5.07 5.07 6.71 5.54 4.86 4.56 3.40 3.50 2.19 1.78 1.69 1.77 2.44 2.53 1.72 1.39 1.87 1.50 1.55 1.59 1.27 0.74 0.72 1.19 1.24 0.81 0.26 0.04 0.01 0.79 1.29 1.20 0.90 1.44 0.97 1.38 1.24 0.68 0.83 1.42 2.31 1.19 1.22 2.01 0.47 0.59 1.11 1.81 1.34 1.49 1.66 1.37 0.73 1.29 1.38 1.48
3.74 2.24 1.78 1.51 5.05 7.70 5.14 4.50 3.20 1.58 1.50 2.44 2.23 0.88 0.95 1.35 1.01 3.00 5.16 3.99 3.04 3.17 3.75 3.40 3.13 2.94 3.79 5.47 5.27 6.18 8.59 7.81 6.33 5.53 3.58 2.60 2.33 1.77 1.53 1.03 1.52 2.34 1.52 1.97 1.67 1.75 1.88 1.20 1.06 1.07 1.48 1.17 0.60 0.56 0.91 1.25 1.48 1.34 1.02 0.85 0.93 0.86 1.36 0.75 0.50 0.55 1.12 3.01 1.07 1.18 1.73 5.19 1.77 1.88 3.16 3.31 2.40 1.36 1.14 2.68 3.38 3.44 4.71
9.83 5.21 1.78 1.90 2.07 3.91 4.09 5.82 6.34 5.60 4.40 1.96 2.21 2.72 1.54 1.43 2.27 5.24 5.09 3.39 3.79 3.88 3.96 3.72 3.09 2.83 3.26 3.57 5.58 7.09 7.72 7.18 6.68 5.25 4.93 3.17 2.66 1.70 1.50 1.31 1.50 2.28 2.30 1.79 1.99 1.90 1.65 1.31 1.17 1.23 1.56 1.50 1.32 1.16 1.03 1.11 1.10 1.06 0.77 0.73 0.82 1.35 1.39 1.27 0.46 0.83 1.38 0.51 1.45 1.64 2.35 2.16 1.65 2.73 4.86 3.12 2.91 2.69 2.35 6.01 3.96 5.53 2.57
11.35 5.51 2.11 2.16 2.39 9.76 12.53 8.67 6.34 5.25 4.51 3.47 0.87 3.02 3.12 2.33 3.69 4.40 4.18 3.43 3.52 3.59 2.34 4.28 3.35 2.52 2.76 3.53 5.41 6.51 7.84 8.80 8.27 6.23 5.01 4.19 2.96 2.12 1.56 1.88 2.09 2.37 1.63 1.62 2.07 2.18 1.56 1.60 1.30 1.06 1.43 1.48 1.57 1.14 0.99 1.03 1.13 0.90 0.87 0.74 1.34 1.62 1.38 1.63 0.79 0.33 0.88 0.46 0.53 0.83 3.05 1.95 1.92 1.57 3.00 2.26 0.92 3.16 2.43 1.44 3.15 4.56 5.73
7.83 7.40 5.48 2.39 2.79 2.63 6.56 14.24 9.96 8.69 6.04 4.61 3.22 2.59 2.85 2.75 2.95 3.45 4.49 3.93 3.50 4.15 4.68 4.28 3.40 2.97 3.86 3.70 4.52 6.01 7.26 7.22 7.51 7.64 6.64 5.64 3.98 2.91 2.06 2.31 2.27 1.63 1.55 1.59 2.22 2.35 1.73 1.64 1.34 1.20 1.54 1.20 1.49 1.12 1.00 1.11 1.05 1.22 1.10 1.31 1.73 1.40 1.34 1.70 0.20 0.46 0.42 0.48 0.67 0.95 2.80 2.03 1.19 3.96 1.92 0.82 0.50 1.02 1.59 3.62 5.91 6.34 3.70
7.54 9.36 7.28 4.93 2.44 1.92 4.08 9.53 9.75 5.31 4.16 6.42 4.21 3.24 5.26 4.44 3.82 3.35 4.48 3.87 3.99 5.21 6.87 5.42 3.56 3.18 3.67 3.82 3.92 5.63 6.75 5.99 6.23 7.15 7.86 7.02 5.10 3.96 2.98 2.07 2.22 1.59 1.52 2.18 2.28 2.38 1.98 1.62 1.44 1.19 1.40 1.11 1.12 1.09 1.14 1.46 1.47 1.52 1.37 1.39 1.36 1.15 1.69 1.67 1.41 0.59 0.55 0.64 0.54 1.57 2.38 1.14 0.77 1.71 1.08 1.26 1.88 3.33 4.33 7.16 2.03 1.52 4.24
2.09 15.31 13.45 14.07 4.53 2.09 3.28 5.86 7.79 5.77 4.62 5.32 3.80 4.09 4.48 5.23 4.56 4.79 5.54 5.21 3.56 3.90 4.70 3.52 4.46 4.91 4.16 3.68 4.29 4.94 4.68 4.94 6.29 7.86 6.97 6.43 5.26 5.05 4.08 2.81 2.11 1.86 1.73 2.03 2.51 2.53 2.46 1.88 1.50 1.14 1.24 1.01 0.88 1.12 1.36 1.65 1.79 1.75 1.35 1.17 1.38 0.88 1.46 2.00 1.79 0.76 0.53 1.18 0.87 1.03 2.46 1.05 1.18 1.51 1.26 1.85 1.28 2.77 5.83 6.75 3.06 1.33 2.64
2.26 18.21 12.52 11.07 6.63 1.90 6.11 4.87 13.12 10.76 7.81 6.38 5.17 5.07 4.26 4.36 4.76 4.90 5.87 5.34 4.18 4.56 4.57 3.74 4.34 5.68 4.82 3.81 4.27 3.95 3.23 4.04 5.28 6.40 6.58 6.25 7.16 6.56 4.16 2.96 2.36 2.03 2.06 2.04 2.31 3.04 2.64 2.07 1.91 1.29 1.26 1.04 1.12 1.36 2.11 1.69 1.87 1.61 1.16 1.03 1.01 1.11 1.81 1.76 1.29 1.81 0.81 1.18 0.97 1.33 1.09 1.48 2.58 1.67 1.85 1.19 0.93 1.03 1.50 2.10 2.34 2.64 2.15
2.51 4.05 7.07 2.74 2.34 2.99 2.44 18.47 13.84 13.13 9.07 7.02 6.07 5.24 5.70 5.21 5.02 4.15 4.97 5.11 5.13 5.65 5.55 4.95 5.26 5.31 5.15 3.23 3.38 3.43 3.58 4.04 4.44 5.66 7.11 7.12 7.68 7.79 5.71 3.89 2.52 2.30 2.25 2.13 1.91 3.13 2.72 1.87 1.70 1.45 1.13 1.17 1.35 1.90 2.31 1.80 1.57 1.60 1.02 0.84 0.81 1.39 2.08 1.71 1.25 1.69 1.30 1.24 0.99 1.43 1.12 1.58 2.38 1.50 1.91 2.24 1.64 1.24 1.65 2.32 3.03 3.78 3.24
2.91 11.07 12.30 5.77 2.69 2.82 3.05 2.57 7.32 9.24 9.80 8.63 7.79 6.90 5.81 4.08 3.90 4.25 5.16 5.16 5.50 7.57 6.82 5.57 7.00 6.72 7.03 3.62 3.69 4.13 3.53 3.42 4.73 6.92 8.48 7.59 8.24 6.88 6.36 5.08 3.15 2.73 2.58 1.96 1.57 1.98 2.57 1.93 1.63 1.53 1.22 1.26 1.22 1.69 2.16 1.68 1.49 1.46 1.16 0.90 1.30 1.73 2.12 1.39 1.18 0.95 0.95 1.16 0.97 0.91 1.05 1.49 2.00 1.60 2.41 2.51 2.16 2.89 3.30 2.26 3.35 3.97 3.74
14.15 13.41 14.31 5.65 2.31 3.33 3.21 2.64 6.12 11.46 11.32 15.20 11.38 9.60 8.92 6.86 4.08 5.07 4.86 5.24 4.56 5.66 4.68 6.20 8.66 8.27 7.13 6.48 4.03 4.66 3.74 3.84 5.34 5.98 6.13 7.10 5.94 6.72 5.79 5.18 4.17 3.05 2.33 1.69 1.45 1.91 2.05 2.20 1.99 1.79 1.36 1.43 1.29 1.47 1.50 1.67 1.81 1.97 1.77 1.31 1.38 1.40 1.34 0.84 1.38 1.03 1.00 1.15 1.10 0.71 0.79 1.80 2.06 1.86 2.24 1.67 1.66 3.75 4.59 2.07 1.51 1.82 2.60
16.14 18.63 13.41 3.35 2.68 5.91 8.90 9.74 10.22 10.83 11.00 14.58 14.66 8.42 4.64 3.84 8.80 5.53 5.20 5.64 4.93 6.30 5.35 5.09 7.65 7.12 7.12 7.89 6.82 5.72 4.95 4.90 5.51 5.23 4.44 5.34 4.27 4.61 6.19 7.01 5.92 3.18 2.87 2.36 2.02 2.17 2.40 2.90 2.49 1.82 1.49 1.71 1.49 1.31 1.51 1.79 2.58 2.83 1.93 1.31 1.19 1.04 1.40 0.94 1.30 1.18 1.09 1.29 1.21 1.00 0.97 1.35 1.40 1.29 1.16 0.87 1.05 2.06 2.34 1.36 1.04 1.29 2.05
12.70 16.44 13.25 2.66 2.93 8.37 10.38 11.28 6.48 10.98 7.44 8.32 9.89 2.71 6.32 6.27 12.81 5.95 5.01 6.14 7.05 7.69 7.21 8.46 8.59 7.74 6.85 6.54 5.91 5.96 5.07 5.42 6.13 5.30 4.28 3.58 3.70 4.03 6.92 9.75 8.84 4.68 3.75 3.63 3.49 2.57 2.36 3.02 0.00 1.90 1.45 1.96 1.71 1.42 1.99 2.31 3.95 4.21 2.16 1.29 1.01 0.86 0.99 1.05 1.34 1.18 1.05 1.33 1.23 0.98 0.93 1.03 0.89 0.97 1.02 0.91 1.20 2.22 1.94 0.99 1.18 1.20 1.97
9.80 7.51 8.79 4.46 4.82 6.30 7.36 3.18 6.26 7.10 11.93 8.85 3.12 3.74 4.29 9.82 6.65 6.70 5.50 7.29 7.17 8.62 6.19 5.83 6.70 6.58 7.08 8.73 5.79 5.70 4.98 4.28 4.28 4.05 3.11 3.35 3.44 4.88 6.67 9.50 11.93 5.97 4.65 4.48 3.69 3.08 2.33 1.15 0.00 0.81 1.85 2.00 1.76 1.81 2.10 2.10 3.25 3.38 1.76 1.17 0.74 0.61 1.02 1.77 1.55 1.19 1.30 1.48 1.18 0.85 0.82 0.89 0.75 0.87 1.07 0.96 1.40 1.51 0.98 1.02 1.09 1.38 1.99
17.71 19.80 15.43 14.75 11.81 12.13 10.39 7.37 2.81 2.81 7.33 7.57 3.74 2.84 2.56 3.30 2.81 6.09 5.90 9.05 8.78 10.46 10.65 8.15 8.45 6.15 5.76 7.35 7.27 5.93 6.75 5.90 4.55 4.45 3.42 4.27 7.31 6.54 6.36 6.68 10.00 7.98 5.62 4.11 3.23 3.08 2.65 3.18 0.01 2.33 1.98 1.96 1.86 1.88 2.16 2.07 2.56 2.64 1.75 1.22 0.99 0.73 0.96 1.20 1.58 0.86 1.37 1.44 1.18 0.94 1.32 1.39 1.07 1.24 1.41 1.41 1.03 1.49 1.21 1.38 2.23 2.24 1.57
20.23 20.40 15.10 13.66 16.25 10.28 3.84 2.88 3.17 3.97 7.21 11.15 9.36 7.47 6.75 3.74 3.42 10.75 7.72 7.82 7.40 9.40 9.25 9.49 8.10 6.93 9.34 7.81 6.58 6.75 8.28 7.65 5.55 4.81 5.09 5.40 8.52 7.18 5.24 4.93 6.07 7.06 7.26 4.88 3.41 3.25 3.42 2.91 2.86 2.65 2.12 2.17 2.17 2.43 2.29 2.41 2.53 2.50 1.94 1.38 0.84 0.65 0.91 0.99 1.00 0.70 0.91 0.98 1.18 1.06 1.04 0.97 0.69 0.64 0.89 0.80 0.89 1.18 0.98 0.94 2.23 1.77 1.31
14.73 19.08 20.58 15.84 17.48 9.26 3.40 3.41 3.52 14.93 8.35 9.66 6.45 4.37 3.33 5.34 6.37 6.38 5.21 7.25 7.54 6.57 7.80 7.89 9.22 10.05 8.38 8.57 5.84 5.21 6.79 7.93 5.86 5.30 6.13 6.61 6.69 4.54 3.92 4.22 5.11 6.67 9.86 6.78 4.83 4.29 3.99 3.38 2.97 3.22 2.26 2.47 2.52 2.74 2.59 2.40 2.59 2.54 2.54 1.89 0.75 0.60 0.77 0.65 0.61 0.76 0.94 0.93 1.12 1.41 1.21 1.15 0.84 0.55 0.64 0.52 0.66 0.75 0.94 0.93 1.83 0.87 1.19
11.44 14.47 13.02 16.58 11.75 6.02 13.13 8.85 8.64 9.54 5.28 4.19 3.44 2.74 3.10 2.68 3.61 5.37 6.71 12.58 9.08 8.83 6.39 8.35 10.99 9.09 7.73 9.07 8.64 6.71 7.05 7.73 5.74 5.63 5.90 6.73 5.13 4.13 3.75 3.83 5.17 7.69 10.88 7.94 5.93 5.98 4.39 3.73 2.92 3.53 2.39 1.90 2.74 3.55 3.32 2.74 2.84 2.33 2.72 2.18 0.92 0.65 0.63 0.58 0.44 0.72 0.72 0.73 1.10 1.33 1.21 1.37 0.77 0.50 0.69 0.65 0.44 0.33 0.56 0.99 1.40 0.89 1.20
19.10 20.87 16.38 15.33 14.32 10.30 2.71 3.94 5.38 6.26 4.36 8.82 5.64 3.49 2.88 2.08 2.34 5.53 5.05 6.56 6.96 8.00 8.50 10.18 11.47 10.01 7.84 7.27 10.26 9.62 7.12 5.55 5.10 6.98 6.47 4.78 4.50 3.77 4.00 4.99 6.72 9.97 11.90 8.26 7.97 7.15 5.80 4.28 3.27 3.65 3.23 2.06 2.30 3.86 3.31 2.82 2.99 2.65 3.32 2.15 1.08 0.85 0.71 0.58 0.52 0.95 0.77 0.87 1.15 2.07 1.15 1.04 0.50 0.40 0.54 0.63 0.71 0.63 0.68 0.73 0.75 0.64 0.59
12.99 18.30 16.19 8.37 6.51 6.81 4.19 4.68 7.80 3.90 2.64 5.32 5.15 5.01 5.73 3.78 3.58 4.30 4.11 4.57 5.98 7.48 9.55 10.80 15.24 11.04 8.28 9.22 7.72 8.75 10.25 6.02 5.17 7.18 7.37 4.94 3.81 4.42 6.18 8.35 10.60 9.37 10.62 8.83 8.54 7.51 6.89 4.32 3.71 3.77 4.23 2.53 2.57 -999 3.11 3.41 3.58 3.08 3.10 2.35 1.20 1.00 0.74 0.65 0.76 0.95 0.77 0.94 1.28 2.06 1.95 1.25 0.95 0.46 0.42 0.42 0.71 0.82 0.72 0.83 0.75 1.01 1.08
18.53 20.40 23.53 12.74 4.51 4.85 10.03 11.88 12.16 4.48 2.36 5.26 5.11 5.63 6.91 4.55 3.20 2.84 2.51 3.40 6.19 6.92 6.80 11.59 15.39 13.26 9.97 11.42 9.92 10.01 9.69 7.11 6.41 7.97 6.91 4.97 5.04 5.61 9.13 8.22 11.53 7.01 7.79 7.65 7.32 7.23 6.66 4.90 3.77 4.21 4.90 3.19 2.97 3.61 -999 4.93 4.00 3.76 2.97 2.24 1.39 1.22 0.89 0.65 0.81 1.05 0.78 0.97 1.17 1.23 1.13 0.94 0.90 0.75 0.76 0.67 0.83 0.64 0.71 0.68 0.75 0.72 0.83
19.47 22.97 23.18 22.23 5.88 4.58 4.73 10.63 12.55 7.82 5.71 4.67 3.71 2.45 5.14 4.86 4.28 3.91 4.31 5.16 7.93 8.23 11.51 9.82 11.91 11.89 17.33 13.60 12.90 8.89 8.57 6.97 6.55 6.79 5.49 4.48 5.99 7.71 8.01 6.28 6.73 6.56 6.48 6.58 6.19 6.67 6.08 4.09 4.07 4.34 5.07 3.76 3.77 4.39 5.60 -999 4.14 4.06 3.41 2.32 1.78 1.70 0.90 0.72 0.84 1.10 0.85 0.94 1.10 1.33 1.25 1.12 1.00 0.68 0.69 0.60 0.69 0.64 0.64 0.65 0.64 0.75 0.67
19.67 20.37 21.84 13.78 5.63 7.11 4.90 5.42 4.84 4.76 3.02 6.11 6.96 5.48 5.79 6.33 5.29 4.87 3.86 3.04 6.23 6.86 12.07 11.22 9.19 10.40 17.44 15.69 16.78 11.65 10.50 7.95 7.29 4.08 4.51 5.86 6.52 8.85 6.73 6.23 4.65 5.12 5.88 6.38 6.24 5.99 5.49 4.06 4.29 4.77 4.90 4.14 3.97 4.88 6.42 -999 -999 3.78 3.57 3.00 2.39 1.99 0.86 0.80 0.87 1.09 1.27 1.24 1.38 1.51 1.68 1.55 0.87 0.96 0.50 0.49 0.60 0.51 0.47 0.43 0.59 0.59 0.57
14.35 16.28 20.03 17.41 13.51 13.29 11.99 7.59 5.38 5.95 5.28 10.14 7.84 6.14 5.99 6.20 8.86 5.61 4.05 4.54 3.46 4.81 7.66 5.90 7.74 6.69 11.02 16.62 18.82 13.65 9.54 7.14 8.72 5.39 4.17 7.25 7.74 7.91 5.80 4.96 4.40 5.00 6.16 5.47 5.97 6.60 6.73 5.21 5.09 4.83 4.18 4.15 3.99 4.55 6.33 6.68 -999 -999 4.05 3.37 2.92 2.02 1.03 0.96 0.99 1.20 1.67 1.61 1.35 1.29 2.07 1.80 1.32 1.31 0.58 0.59 0.66 0.43 0.30 0.48 0.62 0.50 0.51
10.69 14.37 24.16 24.70 19.01 14.47 17.58 12.78 14.84 14.78 12.45 10.18 9.43 3.49 3.76 3.63 5.30 6.04 8.53 7.04 5.69 8.90 8.75 7.94 5.95 6.11 8.76 13.63 14.47 15.18 9.17 7.13 9.76 8.39 5.54 7.00 7.24 9.48 8.52 5.86 5.69 5.16 6.00 5.91 6.35 7.32 8.14 5.55 5.40 4.79 4.05 4.42 4.51 5.04 5.55 5.85 5.55 -999 -999 3.55 2.80 1.75 1.26 1.35 0.98 1.28 1.94 2.20 1.49 1.36 1.79 1.08 1.20 1.11 0.79 0.90 0.61 0.68 0.62 0.55 0.47 0.43 0.57
13.26 14.91 19.42 28.55 23.77 20.80 16.11 15.21 11.44 14.10 13.31 12.78 10.21 4.64 3.52 3.48 8.92 9.62 8.22 8.48 6.65 9.04 8.45 8.11 7.36 10.64 10.86 14.83 16.21 11.62 10.04 8.24 9.71 7.96 6.82 6.38 5.04 5.66 6.73 6.39 8.44 5.68 5.46 6.52 7.13 7.43 8.14 6.54 5.15 4.39 4.37 5.01 4.95 4.92 4.52 5.23 6.03 1.52 -999 -999 2.69 1.67 1.89 1.64 1.37 1.10 2.31 1.90 1.41 2.26 1.17 1.37 1.09 0.88 0.48 0.53 0.93 0.69 0.70 0.63 0.66 0.75 0.73
14.09 16.31 19.60 21.93 22.66 23.91 14.96 16.97 15.45 11.08 10.89 9.30 9.68 6.37 5.57 6.84 5.66 5.95 5.14 5.07 5.98 5.43 3.97 6.60 6.15 8.44 12.85 14.18 13.06 13.45 14.66 10.47 6.77 6.75 7.97 8.05 5.24 5.08 5.75 7.28 10.03 7.94 6.08 5.57 7.42 7.54 7.68 6.75 6.13 4.74 3.75 5.03 5.21 4.04 3.83 5.27 6.24 9.82 -999 -999 -999 2.23 2.37 1.87 1.45 1.28 2.81 1.54 1.90 2.01 1.97 2.67 1.29 0.91 0.61 0.61 0.93 0.80 0.74 0.76 0.72 0.72 0.74
12.36 12.55 14.57 15.73 20.66 20.08 14.23 11.83 10.71 10.01 9.86 8.40 9.39 8.26 6.28 6.88 6.96 8.44 6.65 6.11 6.47 6.20 5.00 8.28 8.51 9.81 14.96 12.83 15.16 17.23 18.46 11.31 7.17 7.77 10.47 8.43 5.33 4.60 6.62 7.16 10.44 8.07 7.22 5.00 6.59 7.19 6.57 6.45 5.88 4.32 3.32 4.46 4.64 4.38 4.35 5.02 6.84 8.86 8.07 -999 -999 -999 1.81 1.75 1.66 1.80 2.45 2.09 2.10 1.77 1.95 1.75 1.74 1.50 0.96 0.92 0.75 0.80 0.72 0.80 0.52 0.60 0.60
10.84 12.40 12.95 16.19 15.83 17.79 14.13 13.01 13.35 12.31 12.15 10.93 11.62 12.74 12.21 12.57 8.66 8.74 6.65 8.10 3.84 6.48 9.27 6.19 10.01 11.98 11.26 9.08 13.63 16.05 20.12 15.20 9.68 11.22 11.46 6.25 6.84 7.49 8.29 8.64 9.86 7.14 8.44 5.69 6.51 5.62 4.81 5.04 5.55 3.69 3.31 3.90 4.88 4.42 4.89 6.43 6.80 7.73 7.73 2.69 -999 -999 -999 1.52 1.37 2.01 3.55 2.75 2.99 1.91 1.89 1.92 1.54 1.28 1.37 1.13 0.73 0.86 0.84 0.79 0.63 0.45 0.37
6.05 8.54 16.75 16.69 15.10 13.55 11.01 12.52 12.02 12.81 14.41 15.39 12.08 10.86 5.08 15.14 12.28 6.76 6.25 4.06 6.08 7.61 7.91 8.51 11.53 13.72 16.66 10.71 12.90 20.20 21.58 18.55 13.11 12.32 8.98 6.56 6.84 8.47 9.37 10.97 8.23 6.49 7.40 6.52 6.33 5.33 4.47 5.07 6.33 4.65 3.91 3.34 3.14 3.71 3.55 5.09 5.66 8.92 7.49 7.49 -999 -999 -999 -999 1.77 2.36 2.58 1.53 2.86 2.02 2.41 2.38 1.77 1.32 1.49 1.21 1.01 1.14 1.03 0.78 0.43 0.62 0.61
12.35 13.95 15.03 13.96 18.18 17.08 19.07 13.89 11.30 8.89 10.65 10.29 9.56 10.17 7.34 8.11 11.07 8.48 5.84 4.75 5.20 4.24 7.61 11.14 18.89 14.98 12.32 13.97 13.41 18.59 16.06 20.61 16.58 12.46 8.47 6.65 7.79 10.59 8.59 8.81 6.27 7.01 8.07 6.51 5.60 5.72 4.98 5.92 7.32 5.35 4.64 2.68 2.47 4.15 3.76 4.70 5.51 7.70 7.88 8.90 9.17 -999 -999 -999 -999 2.08 2.96 2.08 3.18 2.74 2.60 2.85 2.35 1.86 1.66 1.36 1.45 1.56 1.24 1.18 0.68 0.64 0.81
10.47 8.48 12.08 16.82 21.25 15.70 14.40 9.61 8.13 5.89 6.42 7.01 11.57 15.25 8.31 12.52 12.90 9.98 7.00 5.09 5.61 5.56 9.18 12.71 15.51 12.60 10.01 15.75 12.42 14.06 16.91 16.53 13.74 13.22 9.83 8.15 6.87 10.09 9.28 7.75 6.29 7.98 11.52 7.79 5.91 6.70 6.78 7.00 6.91 5.65 4.46 2.34 2.59 4.89 4.89 5.61 6.46 7.59 8.90 10.02 7.97 0.00 -999 -999 -999 -999 1.95 1.69 2.58 2.62 2.65 2.93 2.62 2.36 1.54 1.45 1.61 1.83 1.90 1.87 1.04 1.00 0.73
9.93 10.45 13.90 16.90 13.62 6.59 9.39 11.25 16.39 4.25 3.83 9.27 16.36 12.06 11.90 10.45 12.30 6.21 10.75 8.51 7.78 9.52 10.27 11.30 9.12 13.31 14.40 15.96 13.25 13.75 13.54 12.77 13.47 14.05 8.40 11.46 11.34 10.73 9.73 7.17 7.34 8.18 11.47 8.27 5.43 7.18 7.53 7.59 6.37 5.91 4.84 2.60 2.11 5.26 5.36 5.67 5.99 7.87 9.80 10.59 7.79 6.27 -999 -999 -999 -999 -999 1.72 2.77 2.26 3.20 3.42 2.76 2.49 2.09 2.52 2.84 1.84 2.11 3.12 1.73 1.63 0.81
9.08 8.98 11.51 13.04 12.89 11.38 11.76 9.94 14.04 11.90 9.98 11.25 10.81 11.56 14.30 8.47 7.73 7.50 7.14 10.83 12.01 10.53 12.67 7.35 9.47 10.54 10.97 9.81 16.91 11.46 12.41 11.23 11.76 9.00 7.57 13.51 13.19 10.81 8.05 7.73 8.35 8.91 10.05 7.95 5.94 7.17 7.29 6.97 5.97 6.48 4.85 2.56 2.37 4.04 5.03 5.04 5.79 7.89 10.52 10.55 8.79 7.38 5.87 -999 -999 -999 -999 -999 2.37 2.65 2.23 2.85 2.90 2.58 2.91 2.71 2.60 2.57 2.75 2.98 1.95 1.29 0.72
7.59 12.79 10.68 18.75 15.98 8.73 14.04 13.53 11.19 12.60 8.39 12.72 14.14 13.79 11.46 11.72 8.35 11.72 11.29 12.59 13.33 11.94 9.22 13.10 11.74 9.98 8.06 12.55 16.00 9.48 8.52 9.81 10.65 9.04 9.79 13.68 14.83 10.56 5.71 5.79 8.85 8.63 10.89 8.25 7.06 7.79 7.46 6.35 5.62 5.20 4.36 2.69 1.80 3.57 4.10 5.10 6.21 6.97 9.11 9.81 10.78 7.36 6.10 0.00 -999 -999 -999 -999 -999 2.36 2.56 2.41 3.00 3.20 3.10 3.14 3.12 2.79 4.08 4.76 2.67 2.10 1.62
