DATA/Ex_dossier_pluie/24h/PH_20111105080000.asc
NCOLS 95
NROWS 110
XLLCENTER 939500
YLLCENTER 1831500
CELLSIZE 1000
NODATA_VALUE -999
[rows 0 to 35 of 110, columns 0 to 80 of 95]
0.74 0.90 0.70 0.90 0.65 0.54 0.73 0.41 0.45 0.60 0.56 0.43 0.52 0.46 0.58 0.56 0.80 0.51 0.42 0.31 0.64 0.70 0.77 0.49 0.60 0.74 0.75 0.52 0.36 0.52 0.55 0.53 0.44 0.70 0.63 0.83 0.78 0.73 0.69 0.68 0.51 0.48 0.43 0.43 0.47 0.38 0.29 0.38 0.34 0.28 0.43 0.47 0.52 0.47 0.54 0.49 0.59 0.61 0.53 0.52 0.49 0.40 0.39 0.61 0.49 0.42 0.35 0.34 0.31 0.35 0.29 0.42 0.35 0.59 0.64 0.73 0.74 0.73 0.79 0.89 0.74
0.62 0.88 0.84 0.80 0.87 0.72 0.57 0.85 0.47 0.60 0.62 0.38 0.42 0.57 0.60 0.58 0.42 0.62 0.56 0.55 0.62 0.94 0.80 0.57 0.57 0.71 0.68 0.70 0.47 0.66 0.58 0.54 0.55 0.78 0.70 0.75 0.77 0.78 0.74 0.77 0.42 0.61 0.56 0.52 0.38 0.39 0.48 0.52 0.38 0.38 0.44 0.44 0.46 0.32 0.38 0.45 0.51 0.55 0.60 0.55 0.54 0.49 0.38 0.34 0.34 0.33 0.32 0.30 0.33 0.37 0.32 0.32 0.37 0.47 0.59 0.65 0.68 0.71 0.76 0.76 0.63
0.73 0.71 0.95 0.93 0.76 0.63 0.58 0.41 0.63 0.45 0.60 0.53 0.61 0.55 0.58 0.49 0.31 0.58 0.79 0.68 0.64 0.93 0.83 0.84 0.85 0.53 0.77 0.77 0.66 0.67 0.51 0.59 0.77 0.86 0.80 0.76 0.74 0.87 0.85 0.72 0.59 0.61 0.66 0.57 0.40 0.33 0.40 0.51 0.62 0.24 0.43 0.42 0.42 0.32 0.35 0.44 0.44 0.65 0.63 0.45 0.41 0.51 0.42 0.29 0.22 0.31 0.32 0.21 0.30 0.34 0.31 0.26 0.23 0.37 0.47 0.64 0.68 0.67 0.74 0.67 0.56
0.61 0.74 0.68 0.88 0.83 0.77 0.83 0.87 0.73 0.73 0.65 0.62 0.60 0.63 0.76 0.63 0.52 0.69 0.78 0.72 0.69 0.79 0.85 0.89 0.86 0.58 0.71 0.69 0.82 0.69 0.54 0.53 0.64 0.63 0.98 0.79 0.71 0.83 0.72 0.73 0.82 0.74 0.71 0.59 0.43 0.33 0.32 0.42 0.54 0.35 0.39 0.33 0.39 0.31 0.27 0.34 0.46 0.65 0.65 0.52 0.51 0.49 0.45 0.31 0.27 0.24 0.24 0.28 0.30 0.35 0.29 0.23 0.22 0.33 0.39 0.61 0.74 0.89 0.77 0.58 0.54
0.97 0.77 0.89 0.74 0.92 0.97 0.97 1.00 0.86 0.91 0.75 0.88 0.85 0.69 0.62 0.71 0.87 0.83 0.79 0.96 0.59 0.47 0.73 0.83 0.97 0.62 0.70 0.82 0.82 0.70 0.69 0.83 0.75 0.69 0.93 0.73 0.89 0.81 0.76 0.72 0.80 0.70 0.48 0.51 0.46 0.32 0.31 0.29 0.31 0.34 0.28 0.33 0.34 0.33 0.25 0.39 0.43 0.50 0.53 0.52 0.56 0.58 0.49 0.28 0.30 0.30 0.26 0.27 0.32 0.31 0.27 0.29 0.24 0.25 0.23 0.50 0.63 0.80 0.74 0.55 0.53
1.02 0.94 0.83 0.93 1.07 1.07 1.07 1.07 0.96 1.02 1.05 0.96 0.83 0.72 0.49 0.91 0.83 0.98 1.10 0.67 0.91 0.43 0.78 0.90 0.85 0.86 0.67 0.93 0.90 0.77 0.64 0.65 0.94 0.66 0.92 0.91 0.88 0.99 0.88 0.73 0.64 0.63 0.41 0.57 0.41 0.34 0.32 0.35 0.33 0.27 0.14 0.17 0.23 0.24 0.25 0.39 0.45 0.48 0.50 0.56 0.60 0.57 0.43 0.30 0.25 0.25 0.32 0.34 0.35 0.28 0.23 0.24 0.20 0.18 0.33 0.34 0.49 0.52 0.54 0.52 0.56
0.70 0.83 1.14 1.13 1.04 1.08 1.11 1.03 1.10 0.89 1.04 0.97 1.10 0.87 0.96 0.69 0.96 0.72 0.99 0.69 0.94 0.97 0.95 0.96 0.92 1.00 0.78 0.96 0.95 0.81 0.79 0.67 0.75 0.87 0.97 0.95 1.13 1.13 1.00 0.91 0.78 0.66 0.62 0.32 0.47 0.39 0.36 0.39 0.23 0.26 0.21 0.24 0.29 0.21 0.22 0.35 0.43 0.49 0.47 0.51 0.58 0.48 0.40 0.26 0.19 0.29 0.34 0.38 0.34 0.29 0.26 0.22 0.17 0.15 0.15 0.33 0.34 0.46 0.42 0.51 0.51
1.00 1.03 0.95 0.97 1.00 1.08 0.98 1.00 0.96 1.06 0.99 1.15 1.14 1.08 1.14 1.14 1.18 1.28 0.75 0.75 0.72 0.76 0.99 0.93 1.14 1.08 0.89 0.91 0.86 0.60 0.80 0.82 0.89 1.02 1.02 1.22 1.07 1.07 1.14 1.09 0.84 0.66 0.63 0.53 0.54 0.55 0.45 0.45 0.28 0.27 0.30 0.17 0.32 0.23 0.24 0.34 0.49 0.47 0.53 0.52 0.58 0.50 0.36 0.35 0.29 0.24 0.31 0.33 0.35 0.26 0.23 0.17 0.17 0.15 0.10 0.22 0.30 0.43 0.50 0.61 0.65
0.75 1.16 0.91 1.19 1.06 0.79 1.05 1.16 1.20 0.99 1.06 1.10 1.13 0.97 1.20 1.22 1.18 0.97 0.96 0.84 0.75 1.10 0.71 1.11 1.38 1.14 1.00 0.89 0.65 0.74 0.91 0.80 0.83 1.01 1.04 1.21 1.14 1.07 1.22 1.10 0.92 0.67 0.69 0.76 0.63 0.70 0.54 0.45 0.29 0.32 0.28 0.29 0.35 0.26 0.24 0.44 0.45 0.49 0.55 0.61 0.61 0.56 0.40 0.46 0.40 0.33 0.32 0.34 0.22 0.18 0.18 0.19 0.16 0.16 0.13 0.15 0.29 0.30 0.39 0.61 0.84
1.22 1.03 1.04 1.27 1.27 1.00 1.15 1.02 1.14 1.33 1.17 1.16 1.35 1.07 0.91 0.75 1.14 0.80 0.79 0.98 1.20 1.09 1.20 1.22 1.32 1.15 1.08 0.81 0.57 1.13 0.99 0.77 0.83 0.94 1.06 1.22 1.29 1.20 1.22 1.16 0.93 0.96 0.91 0.89 0.86 0.72 0.56 0.41 0.34 0.36 0.35 0.33 0.32 0.30 0.33 0.43 0.48 0.51 0.60 0.61 0.55 0.53 0.42 0.45 0.44 0.40 0.39 0.34 0.26 0.19 0.15 0.11 0.14 0.16 0.09 0.13 0.20 0.38 0.23 0.38 0.57
1.04 1.30 1.27 1.36 1.28 1.26 1.30 1.13 1.14 1.16 1.35 1.27 1.34 1.31 1.01 0.89 0.86 1.10 1.08 1.40 1.36 1.35 1.20 1.13 1.31 1.32 1.18 1.73 0.91 0.57 0.85 0.74 1.19 2.39 1.11 1.24 1.30 1.16 1.16 1.22 0.96 1.11 1.08 1.03 0.76 0.73 0.56 0.44 0.42 0.36 0.36 0.29 0.21 0.30 0.35 0.48 0.53 0.57 0.67 0.61 0.51 0.41 0.39 0.46 0.41 0.36 0.39 0.37 0.31 0.26 0.21 0.21 0.16 0.16 0.09 0.05 0.08 0.17 0.33 0.28 0.38
1.38 1.32 1.08 1.30 1.37 1.49 1.23 1.29 1.23 1.24 1.32 1.40 1.40 1.45 1.30 1.14 1.10 1.14 1.29 1.22 1.26 1.26 1.21 1.16 1.05 1.31 1.42 1.82 0.95 1.04 0.76 1.08 0.92 1.00 1.73 1.38 1.42 1.11 1.16 1.41 1.17 1.13 1.06 1.02 0.85 0.68 0.57 0.48 0.41 0.41 0.38 0.38 0.26 0.30 0.38 0.51 0.54 0.60 0.57 0.53 0.46 0.32 0.43 0.45 0.43 0.37 0.37 0.41 0.37 0.32 0.30 0.19 0.23 0.13 0.07 0.04 0.04 0.11 0.27 0.29 0.41
1.51 1.08 1.34 1.37 1.48 1.50 1.50 1.44 1.31 1.28 1.40 1.46 1.54 1.35 1.37 1.25 1.12 1.12 1.43 1.28 1.14 1.30 1.27 1.14 1.14 1.26 1.51 1.57 1.68 1.00 0.90 1.03 1.13 1.03 1.14 1.39 1.45 1.37 1.43 1.68 1.31 1.34 1.25 1.03 0.63 0.74 0.55 0.50 0.36 0.39 0.31 0.41 0.36 0.38 0.47 0.50 0.55 0.55 0.55 0.50 0.39 0.31 0.39 0.46 0.44 0.46 0.42 0.36 0.37 0.42 0.23 0.15 0.17 0.21 0.12 0.04 0.01 0.09 0.10 0.29 0.40
1.41 1.45 1.49 1.54 1.42 1.70 1.60 1.65 1.33 0.82 0.60 1.33 1.54 1.16 1.04 1.19 1.04 1.16 1.30 1.49 1.29 1.34 0.96 1.11 1.23 1.19 1.51 1.57 2.09 1.39 1.03 1.65 1.09 1.35 1.44 1.58 1.49 1.48 1.66 1.51 1.42 1.71 1.24 0.87 0.69 0.81 0.65 0.49 0.36 0.37 0.42 0.50 0.43 0.42 0.50 0.65 0.53 0.59 0.57 0.46 0.36 0.34 0.46 0.44 0.52 0.52 0.45 0.40 0.35 0.35 0.33 0.24 0.20 0.19 0.07 0.04 0.07 0.12 0.11 0.28 0.35
1.21 1.42 1.50 1.42 1.53 1.79 1.69 1.32 1.44 1.27 1.22 1.42 1.33 1.25 1.42 1.17 1.23 1.23 1.44 1.23 1.43 1.23 1.20 0.97 1.30 1.21 1.36 1.32 1.56 1.88 0.89 2.17 1.33 1.91 1.48 1.65 1.70 1.48 1.49 1.72 1.54 1.71 1.31 1.05 0.92 0.96 0.74 0.63 0.49 0.43 0.38 0.49 0.41 0.45 0.48 0.50 0.49 0.55 0.51 0.46 0.35 0.33 0.47 0.46 0.49 0.51 0.53 0.44 0.39 0.36 0.30 0.25 0.15 0.17 0.11 0.07 0.08 0.11 0.19 0.33 0.31
1.46 1.17 1.46 1.55 1.24 1.35 1.69 1.66 1.54 1.36 1.17 1.43 1.16 1.81 1.26 1.36 1.31 1.89 1.68 1.18 1.34 1.38 1.42 1.17 1.40 1.22 0.84 1.08 1.43 1.99 1.21 1.19 1.14 1.22 1.03 1.13 1.30 1.41 1.28 1.26 1.22 1.73 1.57 1.14 1.10 0.92 0.83 0.70 0.53 0.53 0.46 0.56 0.49 0.38 0.42 0.61 0.49 0.66 0.54 0.46 0.32 0.46 0.42 0.50 0.48 0.47 0.53 0.44 0.42 0.30 0.37 0.25 0.21 0.03 0.04 0.11 0.08 0.08 0.14 0.32 0.25
1.58 1.40 1.22 1.24 1.26 1.34 1.32 1.15 1.49 1.53 1.61 1.69 1.79 0.96 1.16 1.16 1.35 1.29 1.36 0.97 1.21 1.44 1.39 1.44 1.49 1.42 1.29 1.37 1.36 1.40 1.80 1.66 2.38 1.15 1.03 1.06 1.11 1.12 1.21 1.14 1.08 1.16 1.03 1.33 0.95 0.90 0.89 0.72 0.55 0.63 0.61 0.68 0.59 0.47 0.41 0.59 0.58 0.61 0.65 0.48 0.33 0.46 0.42 0.45 0.50 0.45 0.50 0.49 0.35 0.36 0.36 0.25 0.16 0.14 0.09 0.08 0.11 0.11 0.17 0.26 0.35
1.28 1.55 1.38 1.66 1.36 1.18 1.29 1.11 1.11 1.20 1.47 1.78 1.87 1.32 1.20 1.72 1.41 1.38 1.49 1.28 1.26 1.41 1.58 1.60 1.68 1.19 1.47 1.34 1.36 1.48 1.87 1.56 1.41 1.88 1.60 1.17 0.99 1.02 1.12 1.21 1.19 1.24 1.13 1.48 1.20 0.86 0.89 0.64 0.58 0.62 0.63 0.65 0.53 0.51 0.53 0.57 0.58 0.61 0.66 0.40 0.49 0.51 0.46 0.47 0.52 0.52 0.52 0.52 0.39 0.45 0.29 0.27 0.27 0.20 0.15 0.09 0.16 0.18 0.18 0.21 0.29
1.62 1.58 1.76 1.38 1.35 1.24 1.16 0.94 1.14 1.30 1.89 2.05 1.71 1.30 0.92 1.41 1.57 1.33 1.32 1.15 1.11 1.42 1.50 1.54 1.49 1.31 1.46 1.34 1.34 1.39 1.79 1.56 1.12 1.23 1.24 1.35 1.19 1.08 1.21 1.36 1.38 1.47 1.31 1.71 1.19 1.11 0.97 0.79 0.64 0.65 0.65 0.70 0.60 0.60 0.62 0.64 0.71 0.61 0.44 0.40 0.59 0.51 0.51 0.54 0.54 0.48 0.56 0.55 0.53 0.44 0.33 0.32 0.32 0.25 0.22 0.18 0.16 0.17 0.15 0.15 0.23
1.66 1.57 1.82 1.87 1.53 1.45 1.24 0.73 1.27 1.42 1.78 1.59 1.92 1.72 1.54 1.42 1.00 1.12 1.48 1.41 1.30 1.47 1.74 1.72 1.61 1.40 1.32 1.37 0.99 1.41 1.37 2.06 1.19 0.98 1.35 1.23 1.62 1.23 0.94 1.28 1.51 1.47 1.55 1.43 1.60 1.23 1.01 0.87 0.74 0.76 0.74 0.66 0.63 0.79 0.80 0.70 0.75 0.32 0.33 0.27 0.62 0.59 0.52 0.53 0.59 0.54 0.57 0.63 0.62 0.42 0.33 0.23 0.28 0.24 0.24 0.31 0.23 0.20 0.13 0.12 0.13
1.88 1.88 1.96 1.90 1.91 1.76 1.37 1.01 0.83 1.95 1.65 1.93 2.23 1.24 2.45 1.85 1.19 1.91 1.79 1.49 1.56 1.41 1.40 1.55 1.59 1.45 1.28 1.14 1.33 1.39 1.58 1.59 1.56 1.49 2.43 2.09 1.70 1.22 0.85 1.42 1.55 1.67 1.68 1.63 1.72 1.51 1.13 1.05 0.96 0.75 0.61 0.74 0.67 0.92 0.80 0.68 0.83 0.42 1.03 0.38 0.61 0.63 0.63 0.60 0.61 0.56 0.55 0.68 0.59 0.44 0.32 0.24 0.31 0.24 0.25 0.23 0.19 0.17 0.12 0.14 0.12
1.68 1.99 1.79 1.99 1.94 1.97 1.99 1.00 2.22 1.85 1.90 2.12 2.03 2.19 2.39 2.76 2.15 1.55 1.56 2.03 1.21 1.02 1.07 1.63 2.11 1.52 1.44 1.29 1.44 1.55 1.71 1.52 1.77 1.15 2.12 1.41 1.29 1.68 0.46 1.56 2.31 2.15 1.65 1.66 1.50 1.55 1.43 1.28 1.13 0.79 0.70 0.65 0.76 0.84 0.84 0.82 0.73 0.57 0.17 0.37 0.68 0.56 0.60 0.58 0.55 0.58 0.59 0.64 0.46 0.50 0.40 0.35 0.38 0.29 0.27 0.29 0.21 0.15 0.16 0.15 0.14
1.91 1.81 1.71 1.79 1.96 2.09 2.19 2.08 1.55 2.39 2.41 1.56 0.72 4.83 5.54 2.78 3.24 2.04 2.14 1.97 1.72 2.28 1.07 1.26 1.12 1.56 1.60 1.71 1.31 1.58 1.78 1.64 1.31 1.11 1.80 1.62 1.47 1.72 1.03 1.31 2.52 1.76 1.77 1.62 1.52 1.51 1.30 1.34 1.09 0.97 1.12 0.95 0.91 0.84 0.89 0.81 0.78 0.77 0.03 0.03 0.81 0.71 0.70 0.50 0.61 0.65 0.67 0.58 0.47 0.58 0.50 0.48 0.46 0.40 0.34 0.23 0.19 0.22 0.20 0.22 0.18
2.06 1.98 1.69 1.70 2.03 2.29 2.10 1.98 2.22 2.04 1.72 3.91 1.69 1.93 5.23 6.99 2.03 1.83 1.60 1.69 1.38 1.51 2.13 0.76 1.09 1.69 1.72 1.35 1.61 1.71 1.82 1.07 1.44 1.53 1.67 1.58 1.88 1.49 1.24 1.19 3.96 3.18 1.51 1.64 1.96 1.81 1.19 1.54 1.17 1.08 0.97 0.88 0.90 0.85 0.76 0.62 0.56 0.83 0.23 0.77 0.38 0.82 0.80 0.61 0.69 0.73 0.69 0.55 0.50 0.62 0.70 0.62 0.53 0.46 0.54 0.26 0.20 0.21 0.25 0.23 0.17
2.12 1.95 2.17 1.68 1.95 1.90 2.33 2.15 2.05 2.61 2.18 2.20 5.35 2.26 2.42 4.74 7.77 1.91 3.26 2.30 1.39 1.84 4.99 3.52 0.91 1.04 1.65 1.42 1.12 1.25 1.92 1.76 1.48 1.56 1.48 1.67 1.67 2.15 1.68 1.69 2.49 3.41 5.00 1.97 1.71 2.29 1.55 1.51 1.46 1.20 1.11 0.82 0.93 0.77 0.67 0.59 0.72 0.77 0.84 0.32 0.87 0.62 0.41 0.76 0.78 0.91 0.74 0.59 0.60 0.77 0.80 0.87 0.80 0.78 0.52 0.42 0.27 0.25 0.32 0.24 0.21
2.15 2.01 2.09 2.04 2.13 2.23 2.20 2.21 2.51 2.14 1.82 2.19 2.18 3.87 2.45 1.62 3.29 8.61 4.30 3.11 2.19 3.94 4.94 5.36 2.61 2.04 1.41 1.76 1.44 1.51 1.79 1.78 1.61 1.40 1.74 1.90 1.68 1.80 2.21 2.36 2.11 1.80 4.36 2.18 1.36 1.18 0.88 1.83 1.57 1.56 1.42 1.20 1.03 0.74 0.52 0.67 0.75 0.54 0.52 0.47 0.94 0.43 0.28 0.90 0.66 0.63 0.99 0.48 0.93 0.92 0.99 1.08 1.19 0.95 0.68 0.58 0.48 0.36 0.29 0.27 0.26
2.17 1.96 2.36 2.08 2.09 2.27 2.30 2.59 2.61 2.49 1.98 2.58 2.35 1.35 3.55 1.71 2.06 3.23 7.70 4.85 2.41 3.32 3.29 3.88 4.18 1.83 1.85 2.04 1.88 1.83 1.69 1.59 1.79 1.78 1.46 1.22 1.23 2.06 1.97 2.52 2.23 2.22 3.73 2.00 1.30 0.55 0.88 1.82 2.01 1.75 1.57 1.31 1.15 0.82 0.50 0.28 0.38 0.42 0.55 0.71 1.00 1.00 1.03 0.98 0.72 0.72 0.40 1.01 0.90 1.32 1.18 1.21 1.29 1.67 1.28 0.70 0.56 0.37 0.31 0.22 0.27
2.19 2.25 1.77 2.08 2.12 2.06 2.20 2.41 2.76 2.80 2.28 2.06 2.53 1.22 1.01 2.10 2.90 1.87 2.46 6.32 6.21 3.49 3.70 5.20 2.07 2.26 2.63 2.86 2.09 1.17 1.37 1.76 1.91 2.04 2.17 2.62 1.23 2.58 2.50 2.64 2.67 2.74 5.59 3.78 2.39 1.34 1.20 2.33 2.18 1.88 1.44 1.15 1.12 0.95 0.78 0.62 0.31 0.47 0.51 0.45 0.92 1.05 1.35 1.39 1.17 1.57 1.41 1.44 1.45 1.25 1.21 1.22 1.42 1.81 1.84 1.18 0.23 0.19 0.34 0.20 0.31
1.75 1.71 2.12 1.89 2.14 2.38 2.25 2.27 2.49 2.75 2.91 2.43 2.30 2.13 2.74 1.26 1.19 3.49 1.49 1.66 4.44 5.75 4.15 3.99 3.24 2.82 4.65 3.12 2.56 2.33 1.56 2.03 1.71 1.87 2.10 3.04 2.54 2.68 2.99 3.10 2.98 6.68 5.92 4.73 3.04 2.47 2.08 1.54 1.45 2.28 0.80 0.75 1.17 0.69 0.82 0.27 0.21 0.34 0.62 0.30 0.97 0.93 1.23 1.20 1.30 1.38 1.55 2.00 2.21 2.17 1.50 1.31 0.94 1.28 1.37 1.77 1.87 1.46 0.74 0.54 0.40
1.51 1.64 1.86 1.89 2.05 2.18 2.37 2.49 2.72 2.54 2.91 1.99 2.40 1.87 2.25 3.51 2.05 0.57 2.65 2.37 1.58 4.49 5.59 4.67 4.42 5.37 6.30 6.56 3.78 2.45 3.67 1.35 1.06 5.24 3.78 5.13 3.52 3.56 2.79 3.72 3.74 4.95 6.44 4.35 2.56 2.19 2.04 2.43 2.72 2.64 1.64 0.48 1.23 0.58 0.43 0.44 0.56 0.38 0.47 0.56 0.40 0.38 0.65 0.60 1.07 0.78 1.48 1.42 1.45 1.32 1.18 0.90 0.94 0.73 0.93 0.90 1.30 1.75 1.54 0.80 0.64
1.36 1.74 1.78 1.51 1.56 1.68 2.21 2.33 2.49 2.30 2.26 2.46 2.22 2.78 2.90 2.99 2.96 5.45 2.33 2.42 5.71 2.06 5.11 6.62 4.71 3.95 6.37 7.67 6.58 3.72 2.61 5.44 3.06 6.42 5.42 5.69 4.00 4.29 2.98 3.92 3.75 4.31 5.81 4.93 3.75 2.62 2.56 2.37 5.96 0.98 0.93 1.05 1.01 1.22 0.61 0.65 0.59 0.69 0.51 0.46 0.78 0.97 1.19 0.77 1.10 1.06 1.29 1.36 1.52 1.18 1.05 0.98 0.77 0.57 0.63 0.66 1.37 1.24 1.09 0.68 0.19
1.39 1.03 1.28 1.62 1.71 1.10 0.95 1.58 1.76 2.52 3.05 2.18 2.28 3.14 2.96 2.26 2.24 2.38 4.66 3.51 3.28 6.38 2.70 4.66 6.31 5.87 3.67 4.57 5.58 5.62 4.79 3.16 3.08 3.65 5.88 6.26 5.89 4.71 3.29 1.90 3.05 5.09 5.68 5.19 4.25 1.99 3.87 2.74 5.40 1.43 1.53 0.30 0.77 0.29 0.60 0.20 0.49 0.68 0.60 0.60 0.65 0.89 1.08 1.57 1.22 1.38 1.45 1.27 1.53 1.58 1.25 1.01 0.90 0.93 0.97 1.41 0.94 1.04 0.96 0.39 0.30
2.61 3.16 2.84 2.21 2.04 2.87 2.80 1.86 0.89 2.93 2.91 1.29 2.05 2.42 2.89 1.64 2.90 2.49 2.27 4.85 4.65 3.30 4.58 2.98 4.15 6.83 6.13 4.42 5.64 6.44 6.80 4.17 3.35 3.88 4.20 5.68 7.77 6.85 3.72 2.24 3.69 3.98 6.43 6.62 4.50 2.76 2.26 2.64 2.91 1.04 0.78 0.41 0.51 0.31 0.25 0.40 0.33 0.44 0.58 0.70 0.82 1.01 1.34 1.38 1.54 1.56 1.30 1.27 1.34 1.48 1.28 0.83 1.06 0.88 0.63 0.96 0.80 0.49 0.96 0.62 0.38
12.12 9.18 6.73 7.14 8.36 5.06 4.29 4.31 2.95 2.68 2.28 1.77 1.21 1.09 1.21 2.76 2.67 2.95 2.89 4.44 3.99 4.83 4.79 3.59 3.95 5.38 6.89 5.81 6.23 6.40 2.64 5.71 4.07 3.73 4.33 6.17 5.91 7.45 5.69 4.14 3.31 3.09 7.23 6.80 6.48 2.71 2.25 2.44 2.98 1.11 1.17 0.59 0.47 0.36 0.29 0.29 0.45 0.70 0.35 0.85 1.06 1.39 1.60 1.33 1.27 1.44 1.40 1.66 1.80 1.87 1.23 1.42 1.33 1.13 0.89 1.21 0.57 0.68 0.76 0.60 0.78
12.37 14.44 12.20 9.85 9.92 8.85 11.71 8.50 5.31 6.92 6.45 4.20 3.29 2.66 2.97 3.78 2.85 3.39 3.20 4.59 7.47 6.64 7.13 6.42 5.85 6.03 5.47 6.33 5.98 7.63 2.69 2.49 6.93 4.32 3.50 6.21 4.49 7.31 8.23 3.74 2.59 3.31 4.30 5.25 5.95 4.18 2.98 2.54 3.23 1.89 2.39 0.01 0.55 0.47 0.65 0.26 0.42 0.24 0.59 0.51 1.52 1.57 1.66 1.41 1.36 1.62 2.02 2.08 2.09 2.11 2.48 1.38 1.71 1.48 0.96 1.05 1.03 0.98 0.52 0.97 0.41
5.19 6.03 7.65 12.35 12.61 11.64 9.11 9.89 11.15 11.54 10.52 8.12 6.75 4.53 2.86 2.93 3.34 3.05 2.73 3.10 4.61 9.76 8.68 9.00 10.21 9.12 4.89 3.61 2.39 2.95 2.54 2.86 3.55 8.13 5.24 3.45 3.35 6.21 8.51 3.41 4.11 3.66 4.33 6.50 5.90 4.63 3.67 2.81 2.79 1.38 2.58 1.12 0.13 0.67 0.62 0.25 0.23 0.33 0.32 0.70 2.09 1.20 1.34 1.90 1.84 1.86 2.37 3.13 2.79 2.06 2.51 1.41 2.12 1.85 1.26 0.68 1.98 0.98 0.40 0.11 0.20
