DATA/Ex_dossier_pluie/24h/PH_20111105100000.asc
NCOLS 95
NROWS 110
XLLCENTER 939500
YLLCENTER 1831500
CELLSIZE 1000
NODATA_VALUE -999
[rows 0 to 37 of 110, columns 0 to 83 of 95]
1.12 1.32 1.69 1.67 1.54 1.72 1.62 1.73 1.72 1.94 1.86 2.00 2.05 1.96 1.95 1.56 1.71 1.60 1.44 2.09 2.95 3.02 2.53 2.36 1.82 2.91 2.76 2.57 2.45 2.36 2.72 2.86 2.43 2.35 2.36 2.20 2.09 2.14 2.09 1.91 1.79 1.45 1.47 1.25 1.04 0.82 0.74 0.81 0.71 0.83 0.89 0.75 0.77 0.68 0.65 0.70 0.76 0.73 0.84 0.67 0.51 0.39 0.31 0.28 0.15 0.12 0.11 0.10 0.09 0.04 0.03 0.08 0.15 0.10 0.05 0.11 0.12 0.16 0.18 0.25 0.17 0.03 0.02 0.02
0.86 0.93 1.25 1.83 1.75 1.75 1.76 1.81 1.81 1.72 1.88 2.04 1.88 1.86 1.91 1.28 1.04 1.71 1.91 1.84 2.28 2.80 2.20 0.85 1.31 2.50 2.78 2.34 2.33 2.44 2.70 2.63 2.44 2.38 2.32 2.12 2.15 2.14 2.13 1.94 1.64 1.22 1.27 1.29 1.13 0.92 0.81 0.83 0.73 0.79 0.95 0.89 0.78 0.68 0.71 0.63 0.72 0.78 0.85 0.77 0.44 0.55 0.39 0.24 0.13 0.15 0.15 0.13 0.13 0.06 0.03 0.13 0.13 0.11 0.11 0.09 0.18 0.11 0.21 0.29 0.14 0.03 0.03 0.02
1.10 1.15 1.12 1.34 2.01 1.76 1.82 1.99 2.02 1.77 1.83 1.79 2.10 2.07 1.73 1.48 1.63 1.67 1.52 1.91 2.38 2.72 3.04 2.38 1.40 1.98 2.47 2.55 2.43 2.52 2.34 2.61 2.80 2.58 2.35 2.13 2.06 2.06 2.04 2.15 1.86 1.36 1.12 1.44 1.26 1.07 0.90 0.85 0.72 0.66 0.84 0.75 0.74 0.68 0.58 0.59 0.74 0.86 0.56 0.76 0.63 0.59 0.39 0.37 0.18 0.15 0.14 0.13 0.11 0.09 0.10 0.04 0.13 0.11 0.13 0.14 0.13 0.10 0.14 0.15 0.11 0.05 0.03 0.01
0.92 1.14 1.23 0.94 1.45 1.87 1.75 1.83 2.05 1.92 1.92 1.87 1.97 1.91 1.67 1.65 1.87 1.71 1.89 2.13 1.85 2.79 2.77 2.53 1.40 1.64 2.62 2.61 2.51 2.21 2.51 2.59 2.89 2.57 2.28 2.15 2.16 2.03 2.08 2.00 1.87 1.13 1.10 1.54 1.24 1.20 0.92 0.85 0.73 0.69 0.83 0.81 0.73 0.63 0.55 0.58 0.79 1.04 0.62 0.69 0.76 0.65 0.43 0.35 0.27 0.21 0.21 0.16 0.13 0.14 0.15 0.12 0.09 0.16 0.07 0.11 0.10 0.19 0.14 0.06 0.07 0.06 0.07 0.04
0.70 1.17 1.25 0.98 0.97 1.18 1.80 1.77 1.94 1.97 1.70 1.86 1.82 1.94 1.79 1.51 1.63 1.74 1.70 1.77 1.85 2.03 2.39 2.31 2.24 1.56 2.20 2.61 2.51 2.18 2.14 2.65 2.93 2.62 2.11 2.09 2.16 2.12 2.07 1.98 1.96 1.16 1.43 1.50 1.24 1.21 0.97 0.91 0.73 0.75 0.88 0.88 0.79 0.60 0.57 0.65 0.87 1.00 0.99 0.89 0.93 0.69 0.42 0.23 0.26 0.23 0.21 0.19 0.22 0.14 0.23 0.23 0.14 0.16 0.12 0.14 0.12 0.20 0.10 0.09 0.10 0.06 0.06 0.05
0.89 0.74 1.23 1.07 1.14 1.18 1.22 1.77 1.60 1.84 1.70 1.67 1.77 1.52 1.69 1.63 1.82 2.41 1.45 1.60 1.82 1.66 1.84 2.11 2.30 1.86 2.33 2.20 2.54 2.26 2.06 2.46 2.48 2.57 2.10 1.95 2.10 2.06 2.09 1.97 1.98 1.56 0.99 1.52 1.30 1.16 0.99 0.95 0.73 0.70 0.80 0.77 0.76 0.74 0.68 0.66 0.75 0.76 0.94 0.88 0.95 0.74 0.55 0.26 0.26 0.23 0.24 0.30 0.31 0.23 0.27 0.25 0.26 0.19 0.16 0.22 0.23 0.12 0.06 0.03 0.10 0.11 0.15 0.10
0.84 0.49 0.77 1.23 1.07 1.14 1.20 1.26 1.83 1.65 1.64 1.79 1.79 1.60 1.50 1.81 1.75 1.88 1.97 2.17 1.67 1.42 1.69 2.34 2.57 2.33 1.90 2.03 2.28 2.27 1.91 2.02 2.28 2.28 2.37 2.04 2.15 1.98 2.31 2.12 1.92 1.64 0.46 1.03 1.27 1.18 1.00 0.98 0.78 0.71 0.69 0.67 0.71 0.65 0.66 0.70 0.80 0.86 0.87 0.89 0.94 0.72 0.57 0.32 0.30 0.31 0.28 0.36 0.41 0.38 0.32 0.25 0.23 0.16 0.15 0.15 0.17 0.12 0.04 0.07 0.11 0.14 0.18 0.15
0.46 0.93 0.83 1.07 1.37 1.12 1.07 1.25 1.45 1.78 1.66 1.78 1.78 1.61 1.40 1.73 1.70 1.68 1.58 1.38 2.08 1.53 1.32 1.87 2.43 2.32 1.65 1.96 2.24 2.57 2.17 1.72 2.26 2.24 2.27 2.10 2.20 2.05 2.03 1.89 1.72 1.64 1.05 1.12 1.24 1.09 1.07 1.09 0.79 0.68 0.61 0.58 0.54 0.58 0.61 0.65 0.82 0.64 0.76 0.93 0.88 0.70 0.55 0.42 0.37 0.41 0.43 0.47 0.50 0.55 0.35 0.25 0.24 0.20 0.21 0.16 0.13 0.09 0.11 0.08 0.16 0.16 0.13 0.12
0.73 0.70 0.84 0.87 0.95 1.16 1.04 0.86 1.09 1.29 1.84 1.72 1.67 1.55 1.66 1.66 1.57 1.44 1.63 1.35 1.62 1.83 1.92 1.94 2.26 2.24 1.82 1.44 2.58 2.00 2.00 2.11 2.25 2.26 2.30 2.07 1.99 2.04 1.73 2.52 1.69 1.79 1.42 1.07 1.24 1.18 1.15 1.05 0.78 0.66 0.66 0.64 0.65 0.54 0.59 0.69 0.64 0.58 0.86 1.00 1.01 0.82 0.56 0.54 0.44 0.41 0.46 0.46 0.65 0.50 0.35 0.29 0.33 0.30 0.25 0.21 0.09 0.06 0.12 0.18 0.15 0.15 0.12 0.11
0.59 0.90 1.05 1.12 1.03 0.88 0.85 0.91 1.20 1.01 1.37 1.45 1.61 1.51 1.46 1.64 1.66 1.36 1.44 1.62 2.42 1.75 1.34 1.50 1.53 1.86 1.84 1.30 2.43 2.15 2.04 2.20 2.23 2.06 2.32 2.31 2.04 2.20 1.80 2.27 1.86 1.82 1.43 0.86 1.30 1.18 1.23 1.11 0.86 0.75 0.64 0.65 0.63 0.57 0.66 0.73 0.81 0.64 0.71 1.03 0.97 0.78 0.67 0.58 0.43 0.39 0.57 0.60 0.60 0.57 0.40 0.50 0.42 0.32 0.25 0.17 0.17 0.09 0.10 0.19 0.17 0.13 0.12 0.11
0.96 0.61 0.87 0.95 0.82 0.96 0.97 1.08 1.24 1.02 1.13 1.10 1.48 1.53 1.55 1.57 1.37 1.33 1.61 1.55 2.11 2.04 1.48 1.40 1.56 1.31 1.74 1.72 1.85 2.14 2.38 2.27 1.76 1.16 2.13 2.12 2.09 2.13 1.78 2.03 1.80 1.78 1.50 1.15 1.23 1.22 1.16 1.10 0.99 0.86 0.78 0.67 0.70 0.67 0.75 0.80 0.81 0.67 0.77 0.98 0.94 0.78 0.74 0.73 0.57 0.43 0.49 0.70 0.71 0.57 0.57 0.47 0.53 0.29 0.28 0.12 0.18 0.28 0.23 0.21 0.14 0.17 0.15 0.20
0.88 0.82 0.77 0.47 0.64 0.60 0.68 0.71 0.71 1.09 0.76 1.02 1.26 1.42 1.42 1.55 1.40 1.04 1.58 1.35 1.46 1.73 1.46 1.49 1.04 1.28 1.78 1.73 1.56 1.63 2.19 1.76 1.80 2.07 1.76 3.03 1.90 2.08 2.05 1.90 1.65 1.79 1.60 1.07 1.26 1.16 1.01 1.08 0.94 0.88 0.88 0.78 0.66 0.68 0.70 0.77 0.71 0.70 0.84 0.98 0.94 0.72 0.67 0.65 0.58 0.61 0.71 0.82 0.72 0.72 0.71 0.65 0.54 0.29 0.24 0.14 0.14 0.23 0.23 0.18 0.16 0.15 0.17 0.21
1.01 0.60 0.68 0.60 0.75 0.68 0.48 0.94 0.69 0.62 1.39 1.45 1.92 1.22 1.35 1.30 1.26 1.21 1.23 1.05 1.24 1.38 1.35 1.62 1.37 1.52 1.46 1.65 1.35 1.60 1.06 1.45 1.78 1.98 2.02 1.80 1.97 1.81 2.11 1.74 1.72 1.71 1.54 0.94 1.33 1.21 1.12 1.07 0.97 1.07 0.92 0.79 0.62 0.58 0.68 0.80 0.74 0.72 0.84 0.98 0.91 0.68 0.78 0.81 0.63 0.64 0.80 0.93 0.72 0.77 0.80 0.79 0.52 0.40 0.28 0.24 0.14 0.28 0.25 0.14 0.14 0.16 0.21 0.16
0.83 0.78 0.65 0.25 0.43 0.77 0.75 0.26 0.63 0.60 1.15 1.66 1.55 1.21 0.91 1.18 1.22 1.31 1.21 1.20 0.86 1.26 1.07 1.51 1.30 1.38 1.15 1.44 1.22 1.17 1.16 0.95 1.74 1.83 2.36 1.78 1.99 1.80 1.97 1.71 1.97 2.53 1.63 1.03 1.40 1.21 1.17 1.24 1.17 1.09 0.92 0.78 0.64 0.60 0.69 0.76 0.63 0.74 0.88 0.86 0.87 0.75 0.92 0.85 0.76 0.78 0.76 0.72 0.79 0.88 0.85 0.71 0.60 0.38 0.39 0.35 0.25 0.25 0.16 0.10 0.13 0.18 0.22 0.19
0.70 0.69 0.61 0.48 0.35 0.48 0.45 0.11 0.59 0.83 0.76 1.02 1.26 0.79 0.78 0.90 1.18 1.24 1.35 1.12 0.91 1.33 1.13 1.07 1.14 0.91 0.76 1.02 1.19 1.08 1.28 0.94 0.98 1.34 1.57 1.87 2.10 1.81 1.93 1.90 1.99 1.75 1.71 1.15 1.02 1.16 1.18 1.31 1.18 1.09 0.91 0.84 0.70 0.59 0.59 0.73 0.75 0.64 0.78 0.72 0.79 0.80 0.90 0.85 0.82 0.83 0.73 0.61 0.60 0.93 0.87 0.89 0.66 0.48 0.45 0.46 0.30 0.17 0.14 0.13 0.14 0.23 0.22 0.16
0.42 0.60 0.48 0.60 0.35 0.50 0.88 0.88 0.51 0.50 0.61 0.96 1.14 0.47 0.71 0.48 0.64 1.28 1.37 1.27 1.09 1.53 1.15 1.05 0.90 0.88 0.94 0.91 1.10 1.20 1.19 1.87 0.96 1.35 1.43 1.61 1.74 1.58 1.86 2.07 1.85 1.74 1.82 1.04 1.12 1.16 1.14 1.21 1.15 1.04 0.99 0.83 0.79 0.61 0.45 0.59 0.71 0.80 0.75 0.78 0.71 0.86 0.94 0.91 0.92 0.81 0.70 0.67 0.76 0.99 1.02 0.85 0.59 0.58 0.64 0.45 0.35 0.27 0.30 0.22 0.25 0.28 0.23 0.17
0.46 0.53 0.51 0.33 0.44 0.69 0.66 0.55 0.36 0.20 0.55 1.48 3.23 0.43 0.57 0.75 0.62 0.78 1.10 1.30 1.06 0.97 0.69 0.97 0.86 0.80 0.64 0.79 0.94 1.07 1.22 1.73 0.80 1.08 1.29 1.65 1.56 1.74 1.89 1.94 1.82 1.88 1.86 1.33 0.69 1.22 1.17 1.14 1.04 1.02 0.99 0.88 0.85 0.72 0.64 0.64 0.79 0.89 0.82 0.75 0.71 0.98 0.99 0.88 0.86 0.79 0.73 0.78 0.86 1.18 1.21 0.87 0.75 0.75 0.70 0.48 0.27 0.21 0.31 0.26 0.19 0.25 0.20 0.17
0.45 0.29 0.42 0.46 0.30 0.47 0.63 0.46 0.47 0.70 1.07 2.75 1.01 0.56 0.63 0.60 1.05 1.14 1.07 1.13 1.01 0.98 0.86 0.80 0.95 0.93 0.58 0.94 0.72 0.94 0.90 1.04 1.35 0.50 1.16 1.39 1.66 1.86 1.79 1.86 1.80 1.75 1.76 1.27 1.15 1.18 1.28 1.22 1.12 1.27 1.32 1.09 1.06 0.83 0.75 0.49 0.67 0.87 0.74 0.63 0.65 0.96 0.99 1.00 1.03 0.88 0.78 0.90 1.01 1.09 0.90 1.09 1.03 0.94 0.87 0.58 0.42 0.30 0.28 0.20 0.17 0.12 0.16 0.15
0.51 0.48 0.43 0.39 0.39 0.43 0.40 0.21 0.57 0.81 1.30 1.20 0.91 0.63 0.44 0.79 1.12 0.94 0.88 0.87 0.95 1.00 0.68 0.90 0.82 1.02 1.10 0.73 0.81 0.74 0.85 0.89 1.52 1.08 0.93 0.44 1.49 1.79 1.74 1.77 1.86 1.72 1.71 1.55 1.08 1.14 1.26 1.25 1.15 1.47 1.39 1.23 1.02 0.95 0.71 0.61 0.64 0.84 0.56 0.59 0.63 0.92 1.10 1.16 1.19 0.92 0.81 0.89 1.13 0.78 0.70 0.84 1.19 0.99 0.97 0.75 0.61 0.38 0.34 0.17 0.09 0.10 0.15 0.17
0.22 0.23 0.23 0.30 0.25 0.42 0.43 0.12 0.24 0.51 0.54 0.81 0.86 0.85 0.72 0.87 0.74 0.66 0.86 0.81 0.91 0.87 0.69 0.45 0.81 0.98 0.96 0.92 0.51 0.82 0.78 0.84 1.17 1.54 1.72 1.04 1.00 0.61 1.06 1.73 1.61 0.95 1.70 1.71 1.33 1.03 1.21 1.19 1.15 1.51 1.39 1.23 0.89 0.83 0.85 0.85 0.74 0.59 5.30 0.36 0.76 0.75 0.96 1.12 1.31 1.02 1.04 1.06 0.98 0.80 0.95 1.03 1.06 1.14 1.03 0.92 0.82 0.51 0.31 0.21 0.15 0.17 0.18 0.14
0.34 0.30 0.29 0.26 0.20 0.22 0.30 0.24 0.29 0.54 0.49 0.78 0.85 0.56 1.36 0.76 0.83 0.74 0.90 0.94 0.80 0.27 0.53 0.55 0.56 0.84 0.90 0.88 0.37 0.78 0.82 0.93 1.05 1.86 1.75 1.87 1.30 0.86 0.87 2.26 1.90 1.83 1.72 1.59 1.46 1.32 1.11 1.07 1.12 1.18 1.34 1.51 0.97 0.95 1.01 0.81 0.92 0.29 0.86 0.32 0.97 0.85 0.96 1.02 1.33 1.12 1.28 1.28 1.14 1.07 1.16 1.27 1.09 1.24 1.17 1.25 0.70 0.56 0.30 0.17 0.26 0.24 0.26 0.21
0.36 0.39 0.32 0.16 0.18 0.23 0.36 0.43 0.50 0.54 0.52 0.61 0.72 0.86 0.61 1.57 0.39 0.48 0.69 0.88 0.91 0.41 0.26 1.09 3.95 0.75 0.68 0.81 0.68 0.76 0.85 0.78 0.84 1.19 1.07 1.80 0.98 1.23 0.49 1.72 2.03 1.73 2.32 1.65 1.56 1.54 1.22 1.23 1.07 1.25 1.10 1.07 1.09 1.18 1.12 0.87 0.93 1.05 0.47 0.22 1.00 0.91 0.96 1.06 1.31 1.46 1.27 1.36 1.33 1.24 1.23 1.38 1.10 1.29 1.44 1.47 0.71 0.54 0.30 0.23 0.45 0.34 0.21 0.25
0.49 0.20 0.28 0.20 0.18 0.18 0.29 0.22 0.25 0.37 0.58 0.60 0.72 0.70 0.82 0.81 1.42 0.95 1.02 1.01 0.84 0.83 0.29 0.62 0.84 0.59 0.73 0.71 0.76 0.90 0.58 0.66 0.71 0.78 1.42 0.86 1.84 1.64 0.74 0.89 1.95 2.71 1.82 1.62 1.74 1.62 1.32 1.28 1.26 1.39 1.22 1.10 1.31 1.43 1.30 1.06 1.03 1.11 0.27 0.61 0.90 0.92 0.93 1.07 1.29 1.67 1.43 1.53 1.43 1.45 1.22 1.08 1.08 1.51 1.61 1.48 1.28 0.72 0.42 0.25 0.17 0.18 0.19 0.21
0.39 0.19 0.17 0.13 0.14 0.16 0.09 0.34 0.20 0.89 0.56 0.66 0.54 0.50 0.65 0.82 0.97 0.78 1.06 0.83 0.84 0.33 0.32 0.30 1.07 0.49 0.57 0.63 0.68 0.76 0.56 0.63 0.56 0.72 0.91 1.23 1.31 1.38 1.51 0.66 1.60 2.94 1.79 1.86 2.00 1.83 1.31 1.29 1.13 1.11 1.07 1.33 1.33 1.00 1.30 1.22 1.25 1.23 0.57 0.43 0.57 0.95 1.10 0.98 1.26 1.49 1.54 1.79 1.73 1.42 1.26 1.05 1.05 1.32 1.87 1.55 1.16 0.85 0.68 0.45 0.26 0.21 0.16 0.23
0.42 0.17 0.23 0.19 0.27 0.19 0.22 0.07 0.31 0.48 0.34 0.27 0.93 0.57 0.63 0.93 0.98 1.01 0.73 0.55 0.59 0.29 0.26 0.25 0.21 0.37 0.68 0.53 0.53 0.49 0.65 0.55 0.52 0.69 0.76 0.73 0.92 0.99 1.07 1.41 1.31 2.60 2.23 2.64 1.70 1.93 0.80 1.31 1.07 1.12 1.10 1.34 1.04 0.55 1.03 1.19 1.13 0.69 0.72 0.65 0.44 1.03 1.20 1.06 1.20 1.41 1.91 1.98 1.82 1.74 1.57 1.32 1.17 0.80 1.56 1.43 1.12 1.04 0.88 0.60 0.38 0.23 0.27 0.28
0.47 0.40 0.19 0.21 0.17 0.29 0.22 0.23 0.07 0.18 0.14 0.22 0.53 0.53 0.66 0.72 0.84 0.75 0.60 0.83 0.28 0.25 0.30 0.15 0.28 0.35 0.36 0.44 0.44 0.41 0.54 0.67 0.72 0.73 0.67 0.72 0.71 0.90 1.24 1.53 1.86 2.59 3.94 2.88 1.56 0.30 0.55 1.25 1.02 1.14 1.18 1.28 0.85 0.48 0.39 0.55 0.92 0.61 0.61 0.33 0.54 0.60 0.74 1.31 1.20 0.70 1.80 2.48 2.03 2.13 1.94 1.45 1.39 1.57 1.80 1.22 1.09 1.23 0.97 0.56 0.37 0.25 0.31 0.32
0.53 0.31 0.19 0.21 0.19 0.26 0.13 0.33 0.31 0.06 0.13 0.15 0.19 0.53 0.43 2.04 0.68 0.66 0.61 0.70 0.52 0.28 0.31 0.19 0.56 0.64 0.84 0.28 0.47 0.43 0.40 0.73 0.81 0.53 0.80 0.71 0.69 1.10 1.35 1.75 1.65 2.20 3.52 5.66 1.78 0.35 0.77 1.38 1.61 1.60 1.57 1.33 1.39 1.00 0.78 0.33 0.37 0.61 0.63 0.41 0.82 1.00 1.04 1.25 1.31 0.88 1.32 2.24 2.71 2.55 2.34 1.61 1.62 1.10 1.52 1.47 1.52 1.60 0.97 0.59 0.29 0.36 0.42 0.13
0.25 0.54 0.38 0.39 0.27 0.27 0.18 0.21 0.18 0.10 0.13 0.20 0.25 0.53 0.46 0.51 0.45 0.44 0.69 0.68 0.53 0.15 0.14 0.26 0.52 0.59 0.48 0.21 0.42 0.66 0.50 0.65 0.62 0.42 0.59 0.26 0.72 1.06 1.02 2.52 3.15 2.54 5.06 4.46 2.56 0.76 1.59 1.96 1.58 1.30 1.69 1.38 1.62 1.35 1.18 0.29 0.47 0.68 0.31 0.57 0.99 1.03 1.02 1.01 1.20 1.11 1.59 1.82 2.73 2.37 2.13 1.70 1.53 0.96 1.09 1.71 2.00 1.98 0.88 0.55 0.70 0.56 0.41 0.34
0.22 0.30 0.21 0.23 0.41 0.18 0.32 0.51 0.36 0.11 0.10 0.19 0.74 0.47 0.59 0.43 0.50 0.74 0.58 0.77 0.59 0.72 0.22 0.26 0.46 0.46 0.25 0.29 0.34 0.40 0.40 0.48 0.38 0.44 0.22 0.28 0.42 2.22 1.35 3.23 3.92 3.48 3.37 7.38 2.73 2.74 2.64 1.19 0.75 1.33 0.74 0.84 0.98 1.26 1.38 0.73 0.72 0.34 0.45 0.58 1.04 0.88 0.93 1.03 1.60 1.54 1.48 1.64 1.85 1.93 1.75 1.70 1.33 1.14 0.96 1.65 2.36 1.95 1.10 0.89 1.14 0.70 0.23 0.36
0.47 0.41 0.49 0.17 0.19 0.22 0.30 0.41 0.30 0.09 0.25 0.27 2.02 0.51 0.88 0.64 0.72 0.65 0.46 0.50 0.60 0.44 0.16 0.20 0.37 0.15 0.15 0.42 0.55 0.29 0.30 0.15 0.16 0.10 0.21 0.47 0.61 1.82 2.81 2.35 3.61 4.51 2.96 5.66 5.29 2.54 2.77 1.78 2.07 1.85 1.01 0.53 1.01 1.20 0.96 1.27 1.04 0.44 1.06 0.53 0.25 0.42 0.35 0.43 1.75 1.91 1.89 1.88 1.36 1.47 1.67 1.60 1.49 1.24 1.25 1.63 1.75 0.60 0.95 1.42 0.73 0.50 0.19 0.22
0.57 0.60 0.31 0.40 0.25 0.22 0.14 0.24 0.33 0.22 0.36 0.44 0.40 0.40 0.45 0.63 0.59 0.31 0.36 0.47 0.36 0.15 0.20 0.19 0.11 0.11 0.21 0.45 0.58 0.26 0.28 0.31 0.15 0.17 0.21 0.59 0.76 1.51 1.87 1.57 3.05 4.07 4.54 4.15 9.55 2.29 2.50 2.76 2.76 2.86 2.79 1.60 0.97 1.97 1.25 1.08 0.91 0.69 1.57 0.52 0.44 0.66 0.77 0.80 0.67 2.17 2.36 2.75 0.97 1.06 1.55 1.31 1.50 0.84 1.56 1.20 0.95 1.14 1.69 2.60 1.06 0.38 0.27 0.35
0.66 0.48 0.64 0.40 0.31 0.15 0.30 0.15 0.29 0.18 0.35 0.86 0.33 0.32 0.32 0.51 0.71 0.68 0.48 0.36 0.15 0.08 0.29 0.15 0.19 0.14 0.11 0.32 0.42 0.13 0.19 0.18 0.34 0.43 0.29 0.75 0.81 0.86 1.57 1.70 2.75 3.36 3.72 3.86 6.95 4.57 3.31 3.51 3.00 2.16 3.06 2.33 1.93 1.46 1.50 1.08 0.74 0.88 1.15 0.83 1.01 1.22 0.99 1.36 1.63 1.68 2.15 2.69 1.53 1.53 1.06 1.34 0.72 1.13 0.59 0.59 1.11 3.32 2.32 1.61 0.73 0.35 0.35 0.30
0.66 0.53 0.39 0.44 0.33 0.46 0.39 0.39 0.32 0.31 0.13 0.18 0.45 0.36 0.42 0.40 0.30 0.53 0.76 0.29 0.14 0.33 0.24 0.33 0.22 0.23 0.16 0.20 0.23 0.11 0.37 0.39 0.22 0.47 0.40 0.58 0.43 0.77 0.87 1.63 3.55 4.61 3.40 3.54 4.65 4.79 4.39 6.94 2.12 1.87 1.53 0.74 0.60 1.33 1.69 0.87 1.11 1.08 0.44 1.28 1.34 1.27 1.12 1.35 2.01 1.63 1.87 2.93 2.81 1.91 1.62 1.39 1.23 1.07 0.67 0.95 2.66 1.73 1.27 1.16 0.37 0.50 0.51 0.39
0.60 0.48 0.38 0.40 0.38 0.38 0.38 0.34 0.34 0.37 0.18 0.20 0.30 0.21 0.34 0.28 0.34 0.67 0.59 0.51 0.20 0.24 0.22 0.30 0.26 0.21 0.20 0.24 0.20 0.23 0.58 0.90 0.45 0.23 0.29 0.58 0.39 1.25 1.95 2.62 2.88 3.85 2.93 3.06 3.64 4.23 4.94 4.87 3.17 2.01 3.74 0.96 0.67 1.19 1.42 1.32 0.97 1.24 0.61 1.63 2.24 1.68 1.12 1.10 1.45 2.46 2.37 3.39 2.39 1.98 1.57 1.60 1.28 1.28 1.22 0.94 1.38 1.91 2.02 1.01 0.57 0.79 0.43 0.17
0.75 0.49 0.51 0.62 0.48 0.41 0.35 0.21 0.45 0.42 0.23 0.42 0.28 0.11 0.22 0.23 0.22 0.27 0.44 0.48 0.16 0.13 0.19 0.22 0.22 0.16 0.17 0.45 0.27 0.48 0.58 0.79 0.49 0.15 0.22 0.67 0.59 0.77 1.70 2.39 6.09 3.47 2.80 3.79 3.92 4.26 4.95 6.34 4.53 4.16 2.68 0.29 0.39 1.32 1.09 1.27 1.56 1.35 1.11 1.81 1.88 1.70 1.14 0.91 1.20 2.63 1.30 3.01 2.23 2.29 1.23 1.06 1.06 1.06 1.84 1.95 0.79 1.71 1.55 0.96 0.72 1.26 0.60 0.29
1.14 0.64 0.42 0.41 0.75 0.44 0.45 0.43 0.37 0.39 0.19 0.27 0.30 0.18 0.23 0.33 0.31 0.32 0.30 0.40 0.14 0.20 0.16 0.20 0.36 0.22 0.19 0.46 0.48 0.39 0.36 0.46 0.51 0.41 0.19 0.72 1.03 0.70 1.91 1.88 2.57 4.65 2.55 3.50 3.94 4.01 5.04 6.30 3.01 2.92 3.00 0.12 0.28 2.17 1.21 0.65 1.30 0.91 2.01 2.66 1.72 0.99 1.35 2.02 1.92 1.05 1.79 2.35 2.99 2.02 1.88 1.63 1.20 1.29 1.15 2.81 1.60 0.75 1.20 0.37 1.14 1.28 0.78 0.26
0.50 0.40 0.38 0.47 0.61 0.63 0.50 0.64 0.55 0.32 0.17 0.23 0.16 0.31 0.22 0.28 0.29 0.46 0.36 0.35 0.25 0.24 0.29 0.31 0.45 0.30 0.24 0.51 0.48 0.31 0.31 0.42 0.43 0.26 0.70 1.19 0.84 0.97 2.40 1.83 1.61 2.77 3.06 3.58 4.11 4.09 4.56 5.57 5.25 5.61 5.70 1.75 1.57 0.90 0.97 0.95 1.38 1.57 1.79 2.45 1.46 1.15 2.88 2.66 1.63 1.34 2.71 2.48 2.56 2.59 2.03 2.40 1.55 1.24 1.84 0.99 1.31 0.93 0.52 1.13 1.44 1.01 0.69 0.31
0.63 0.54 0.39 0.43 0.78 0.57 0.52 0.65 0.55 0.56 0.41 0.17 0.11 0.28 0.19 0.23 0.37 0.32 0.36 0.23 0.25 0.25 0.32 0.25 0.17 0.26 0.38 0.37 0.31 0.31 0.42 0.49 0.36 0.53 1.26 1.22 1.02 0.68 1.11 1.46 1.36 1.75 3.15 3.49 4.48 3.96 4.04 4.62 4.92 4.11 4.86 2.15 2.69 1.15 0.42 0.64 0.83 1.95 1.88 1.71 2.00 1.81 2.66 2.72 2.30 2.05 2.48 2.95 2.68 2.38 2.94 2.22 0.97 0.64 0.67 1.13 1.03 0.87 1.17 1.69 1.06 0.47 0.74 0.25
