DATA/Ex_dossier_pluie/24h/PH_20111105100000.asc
NCOLS 95
NROWS 110
XLLCENTER 939500
YLLCENTER 1831500
CELLSIZE 1000
NODATA_VALUE -999
[rows 38 to 75 of 110, columns 0 to 83 of 95]
1.27 0.60 0.40 0.67 0.74 0.48 0.36 0.37 0.58 0.59 0.46 0.32 0.17 0.28 0.21 0.40 0.43 0.24 0.36 0.35 0.29 0.28 0.26 0.22 0.17 0.22 0.32 0.32 0.36 0.34 0.41 0.45 0.55 0.78 1.30 0.98 0.69 0.54 0.79 0.82 1.40 1.38 3.32 4.62 4.24 4.29 3.86 3.91 6.51 4.63 3.78 9.26 6.74 0.73 0.27 1.20 1.54 2.10 1.84 2.33 2.04 2.70 3.18 2.73 2.57 1.84 3.51 3.77 1.99 3.91 3.42 1.92 0.72 0.98 0.63 1.10 1.71 1.97 1.43 1.34 1.15 0.47 0.70 0.66
1.72 0.91 0.69 0.59 0.99 1.09 1.01 0.89 0.69 0.49 0.40 0.49 0.33 0.39 0.32 0.39 0.39 0.14 0.21 0.41 0.50 0.30 0.31 0.20 0.21 0.19 0.37 0.34 0.46 0.28 0.28 0.38 0.69 0.66 0.86 0.43 0.62 0.78 0.79 1.00 1.76 1.49 2.55 4.31 3.91 3.82 3.59 3.93 6.65 7.57 6.90 7.75 5.49 2.22 1.56 1.66 2.03 1.41 2.26 2.53 2.81 3.96 2.92 3.20 1.61 2.34 2.63 2.04 1.87 2.07 2.46 1.66 1.31 1.01 0.76 1.56 1.82 2.03 0.96 0.50 0.38 0.44 0.89 0.68
0.77 0.81 0.74 0.63 0.83 1.19 0.89 0.95 0.73 0.51 0.49 0.41 0.49 0.43 0.33 0.39 0.26 0.18 0.19 0.37 0.52 0.37 0.37 0.33 0.22 0.18 0.23 0.31 0.25 0.24 0.32 0.60 0.45 0.49 0.60 0.71 0.45 0.88 1.10 1.05 2.25 3.19 2.06 3.09 3.29 3.92 3.58 4.59 5.74 6.93 6.04 5.68 8.59 2.85 3.18 3.69 2.22 1.40 1.44 2.91 2.07 2.50 4.07 1.47 2.13 3.41 3.01 0.52 0.71 1.91 3.04 2.04 1.32 1.35 0.77 1.02 1.23 0.40 0.55 0.27 0.70 0.56 0.95 0.73
0.95 1.09 0.75 0.75 0.66 0.61 0.92 0.98 0.76 0.59 0.66 0.41 0.33 0.43 0.41 0.21 0.17 0.19 0.26 0.59 0.56 0.25 0.37 0.47 0.20 0.24 0.26 0.38 0.19 0.25 0.40 0.54 0.58 0.65 0.83 0.53 0.42 0.97 1.44 1.18 1.15 1.78 3.31 2.02 2.57 3.72 4.59 5.49 6.03 5.43 5.17 6.45 6.76 5.63 4.74 5.92 2.36 1.60 1.22 1.71 1.64 3.01 2.81 1.18 3.35 4.95 1.80 0.56 1.17 2.67 1.57 1.54 2.03 0.78 0.41 0.63 0.29 0.29 0.70 0.61 0.59 0.31 0.83 0.57
2.13 1.21 0.80 0.62 0.58 0.53 0.82 0.87 1.09 1.20 0.81 0.51 0.43 0.62 0.39 0.31 0.22 0.26 0.17 0.40 0.39 0.28 0.44 0.30 0.33 0.26 0.28 0.25 0.23 0.40 0.56 0.54 0.81 0.78 0.92 0.63 0.48 1.00 1.39 0.65 1.58 2.20 2.53 1.86 2.46 3.75 4.41 6.11 6.17 5.01 4.37 4.84 5.13 8.35 6.90 6.54 3.11 1.79 1.11 1.17 2.09 2.85 2.45 1.74 3.75 4.77 1.46 0.59 0.87 3.02 1.56 1.41 1.94 0.76 0.39 0.63 0.29 0.41 0.87 0.80 0.83 0.73 0.43 0.33
2.20 2.36 2.49 0.62 0.69 0.49 0.89 1.16 1.39 1.15 0.78 0.50 0.84 0.70 0.43 0.38 0.22 0.23 0.32 0.39 0.40 0.27 0.34 0.45 0.56 0.38 0.32 0.22 0.31 0.40 0.84 0.60 1.17 0.71 0.91 0.69 0.65 0.88 1.09 0.59 1.20 2.01 2.46 3.06 2.27 4.14 4.82 6.15 6.28 5.46 4.44 4.96 5.29 7.26 7.04 4.94 3.39 1.61 1.61 1.52 1.85 2.12 1.96 3.22 4.85 3.60 0.91 0.66 1.03 1.39 1.64 1.49 3.28 1.13 0.57 0.69 0.53 0.98 1.69 1.25 0.77 0.50 0.26 0.28
1.17 2.68 2.36 0.93 0.57 0.52 0.73 1.46 1.61 1.40 0.64 0.95 0.84 1.11 0.44 0.45 0.31 0.18 0.27 0.33 0.33 0.29 0.44 0.78 0.63 0.44 0.35 0.27 0.30 0.36 0.72 0.95 1.01 0.71 0.82 0.62 0.57 0.82 0.72 0.58 0.90 2.03 3.16 2.86 2.38 4.46 4.81 5.74 6.78 5.18 4.89 4.54 5.31 6.49 5.68 2.76 2.91 1.83 2.49 1.48 1.19 1.52 2.24 3.61 3.53 0.89 0.90 1.27 1.15 0.90 1.22 1.05 2.99 1.41 0.94 0.85 0.42 1.26 1.29 0.89 0.89 0.31 0.33 0.52
1.20 2.69 2.17 2.01 1.12 0.87 1.24 1.42 1.40 0.85 0.60 1.26 1.73 1.61 1.42 0.80 0.40 0.21 0.25 0.29 0.25 0.31 0.39 0.76 0.69 0.51 0.42 0.17 0.30 0.47 0.67 0.63 1.00 0.67 0.83 0.62 0.48 0.67 0.78 0.76 1.18 2.03 2.58 4.21 2.81 4.08 4.38 5.34 5.58 5.35 5.67 5.46 5.51 4.03 2.34 5.72 2.67 2.68 2.75 1.27 0.96 1.25 1.34 3.00 1.41 0.88 1.78 2.06 1.32 0.51 0.48 1.76 2.13 1.21 1.09 1.34 1.15 2.91 1.51 0.73 0.24 1.47 0.45 0.49
1.27 2.37 3.44 3.27 2.01 1.10 0.87 1.42 1.48 1.12 0.85 1.38 1.41 1.61 1.34 0.84 0.62 0.33 0.54 0.55 0.32 0.45 0.34 0.57 0.54 0.42 0.44 0.23 0.28 0.41 0.52 0.61 0.71 0.58 0.58 0.84 0.47 0.65 1.00 0.92 1.32 2.16 1.93 3.72 3.70 3.66 3.10 4.66 4.15 5.46 6.58 6.94 5.52 3.12 3.50 4.72 4.53 3.92 2.11 1.02 0.60 0.93 1.35 2.26 1.53 1.32 3.88 3.76 2.08 0.31 0.87 1.44 1.38 1.37 2.55 3.07 4.02 5.84 0.81 0.17 0.84 0.37 0.48 0.25
1.43 1.71 3.06 0.79 1.01 1.59 1.65 1.67 1.62 1.22 1.14 1.74 1.94 2.03 1.26 0.83 0.76 0.50 0.54 0.50 0.40 0.40 0.41 0.54 0.47 0.58 0.56 0.35 0.27 0.50 0.64 0.46 0.58 0.89 0.70 1.04 0.88 0.69 0.80 1.10 1.22 1.68 1.25 2.42 2.55 1.83 1.83 3.97 3.95 5.25 6.97 6.64 5.56 3.93 3.30 3.90 4.83 3.79 2.02 0.94 1.08 1.22 1.41 2.04 4.70 2.18 4.71 6.24 2.35 0.32 1.44 1.79 1.90 2.54 1.01 1.00 2.40 1.18 0.37 0.39 0.98 0.51 0.18 0.13
1.30 2.47 4.07 2.09 0.91 1.25 1.24 1.29 0.95 1.24 1.43 2.66 2.38 1.99 1.31 0.78 1.11 1.02 1.07 0.62 0.36 0.34 0.32 0.34 0.26 0.44 0.62 0.79 0.39 0.32 0.50 0.29 0.50 0.87 0.94 1.19 1.32 0.86 0.85 1.26 1.21 1.25 0.81 1.23 1.43 0.94 1.38 3.09 4.46 5.28 7.01 5.42 5.81 4.32 4.48 3.66 2.95 2.19 1.30 1.05 1.53 1.22 0.96 1.53 4.58 3.84 3.74 3.76 1.05 0.38 1.31 2.15 1.81 1.51 1.60 1.02 0.79 0.79 0.30 1.56 1.57 0.20 0.14 0.13
4.46 4.64 3.80 1.31 1.16 1.87 1.62 1.41 1.18 1.16 1.68 1.71 1.96 1.61 0.64 0.78 1.31 1.48 2.09 1.14 0.58 0.51 0.28 0.21 0.26 0.28 0.79 1.11 0.58 0.40 0.49 0.37 0.51 0.69 0.77 1.18 1.12 0.87 1.07 1.08 1.21 1.07 0.84 0.90 1.46 1.42 2.49 3.30 6.07 6.19 5.49 4.44 6.68 5.75 4.78 3.74 2.83 1.77 1.61 1.20 1.74 0.98 0.70 0.80 2.60 4.21 5.35 2.09 0.58 1.16 1.03 0.91 0.73 1.38 2.27 2.00 1.28 1.24 0.75 0.99 1.20 0.13 0.20 0.16
3.92 4.91 4.09 1.75 1.32 3.49 2.91 3.84 2.68 1.58 1.61 1.57 1.33 0.77 0.41 0.90 1.91 2.24 1.79 0.95 0.57 0.48 0.33 0.31 0.31 0.27 0.62 0.74 0.65 0.40 0.33 0.20 0.35 0.57 0.70 1.37 0.98 0.76 1.62 1.74 1.93 1.86 1.15 1.07 1.79 2.58 3.50 3.80 5.01 5.56 4.40 4.63 6.46 8.20 7.60 3.99 3.00 1.97 2.02 1.92 1.69 1.20 0.42 0.55 1.05 1.23 2.39 0.58 0.96 1.83 0.58 0.38 0.23 1.22 1.94 1.90 1.45 0.61 2.20 0.61 0.25 0.30 0.13 0.19
2.44 4.21 2.56 1.45 1.68 3.79 4.11 4.51 3.52 2.11 2.00 1.75 1.44 0.32 0.56 2.60 2.99 4.38 2.91 1.44 0.91 0.59 0.39 0.40 0.42 0.50 0.60 0.68 0.50 0.45 0.35 0.23 0.30 0.57 0.53 0.72 1.01 1.33 1.80 2.74 2.40 1.69 1.35 1.82 2.10 2.85 2.98 3.09 1.88 1.69 2.08 2.45 6.88 6.48 7.87 4.02 2.36 2.27 1.90 1.67 1.54 1.43 0.55 0.68 0.70 0.58 0.76 0.92 1.70 1.01 0.35 0.14 0.37 1.30 2.50 2.50 1.22 0.62 1.09 0.32 0.15 0.08 0.11 0.04
2.39 3.17 3.52 3.51 3.06 4.46 5.03 3.83 3.16 2.81 2.65 2.08 1.76 0.73 1.59 3.63 2.45 3.96 2.47 1.26 0.76 0.83 0.71 0.28 0.36 0.40 0.43 0.56 0.54 0.57 0.51 0.32 0.31 0.37 0.37 0.35 1.01 1.67 1.83 3.29 2.46 1.28 0.91 1.07 1.79 1.67 1.85 0.02 0.00 0.36 2.25 1.68 4.60 5.81 4.83 4.85 3.10 2.58 2.05 1.39 1.35 1.09 0.68 0.83 0.60 0.48 1.34 1.56 3.27 1.18 0.33 0.33 0.66 1.17 1.70 0.47 0.50 0.85 0.66 0.60 0.08 0.17 0.05 0.04
2.54 3.23 3.24 4.37 3.75 3.84 3.53 1.63 1.33 1.33 2.25 2.08 1.95 0.48 1.03 1.60 1.58 1.14 1.01 0.74 1.17 0.98 1.17 0.79 0.47 0.36 0.43 0.64 0.34 0.50 0.73 0.51 0.41 0.38 0.42 0.35 0.95 1.25 1.55 1.84 2.09 0.91 1.02 1.08 1.35 1.44 1.52 0.67 0.89 1.16 3.16 3.13 3.43 4.84 5.12 5.30 4.27 3.36 2.88 1.23 0.52 0.82 0.71 0.75 0.47 0.37 2.36 2.11 2.08 0.84 0.50 0.60 0.72 0.54 0.67 0.19 0.79 0.86 0.93 0.24 0.15 0.17 0.03 0.01
4.41 5.03 4.12 5.12 4.86 5.87 1.51 1.34 0.92 0.84 3.34 2.33 1.54 0.80 0.68 1.02 1.46 0.76 0.62 0.77 1.04 1.34 1.57 0.79 0.40 0.30 0.30 0.45 0.37 0.63 0.91 0.95 0.43 0.31 0.32 0.28 0.86 0.95 1.14 1.30 1.38 0.99 0.72 1.30 1.12 0.76 0.81 1.09 1.16 1.47 4.94 5.63 4.16 3.20 4.46 5.51 5.87 3.90 1.98 0.96 0.42 0.32 0.54 0.70 0.32 0.58 1.93 1.02 1.00 0.68 1.14 0.58 0.39 0.05 0.01 0.35 1.38 1.48 0.88 0.05 0.16 0.08 0.05 0.05
3.73 2.68 3.75 4.45 4.73 6.66 1.69 1.35 1.23 4.15 3.81 0.99 0.54 0.57 0.88 1.01 1.77 0.88 0.47 0.93 1.98 2.29 1.99 0.81 0.57 0.36 0.39 0.50 0.54 0.87 0.84 0.72 0.40 0.35 0.45 0.44 0.70 0.77 0.82 0.95 1.47 2.43 1.38 1.44 0.96 0.98 1.26 2.45 2.23 1.71 1.79 4.38 4.01 2.80 4.35 5.36 7.10 5.07 1.93 0.79 0.50 0.27 0.49 1.28 0.34 0.77 1.14 0.54 0.46 0.58 2.79 0.70 0.12 0.04 0.04 0.56 0.66 0.24 0.31 0.48 0.21 0.06 0.04 0.03
3.05 2.12 4.43 3.63 5.33 5.48 3.27 2.66 1.41 6.94 6.96 2.10 1.21 0.43 0.71 0.85 0.78 0.60 1.01 1.80 2.54 2.90 2.13 0.82 0.59 0.39 0.45 0.44 0.56 0.74 0.77 0.71 0.63 0.62 0.55 0.54 0.91 0.99 0.76 1.03 1.27 2.73 1.52 1.72 1.37 1.07 1.58 2.44 2.92 1.96 1.79 1.03 1.75 2.35 4.02 4.66 5.83 4.01 1.86 1.22 0.62 0.33 0.36 1.38 0.51 0.59 1.08 0.55 0.87 1.09 2.12 0.57 0.05 0.01 0.53 0.46 2.01 0.11 0.45 0.18 0.09 0.04 0.02 0.03
3.01 3.43 4.09 3.93 5.94 8.97 6.30 1.33 3.39 4.50 2.98 3.13 2.07 0.91 0.90 0.67 0.52 0.83 0.96 1.55 1.60 1.97 1.78 1.04 0.62 0.64 0.71 0.57 0.62 0.53 0.69 0.77 1.03 0.99 0.85 0.89 1.38 1.38 1.01 1.09 1.04 1.44 1.42 1.18 1.37 1.15 1.79 1.58 2.47 1.63 1.25 0.55 0.71 2.80 4.77 3.65 4.17 2.81 1.91 1.14 0.66 0.41 0.35 1.19 0.61 0.74 1.33 0.58 1.99 2.19 0.61 0.20 0.02 0.04 0.71 0.21 0.45 0.04 0.16 0.12 0.07 0.02 0.03 0.02
2.11 1.87 2.41 3.31 1.92 1.96 4.17 5.19 3.23 1.45 1.19 3.91 2.95 1.05 1.44 0.54 0.36 0.55 0.47 0.78 0.74 0.69 0.74 0.97 1.06 1.36 1.06 0.69 0.48 0.43 0.72 0.69 1.20 1.27 1.45 1.74 2.87 1.72 1.08 1.14 0.92 0.64 0.81 0.74 1.01 0.75 1.30 1.34 1.44 0.81 0.49 0.74 1.21 -999 4.71 3.26 3.32 2.27 1.88 1.21 0.67 0.31 0.23 0.82 0.51 1.18 0.55 0.95 1.59 1.69 0.40 0.10 0.05 0.04 0.25 0.09 0.06 0.02 0.26 0.44 0.04 0.00 0.01 0.02
2.62 2.79 4.26 3.38 1.60 1.36 4.26 8.01 4.05 4.55 1.38 2.45 0.71 0.81 0.69 0.48 0.60 0.62 0.43 0.28 0.46 0.37 0.48 0.85 1.30 1.39 1.27 0.75 0.64 0.63 0.96 1.06 0.76 0.75 1.34 1.53 3.35 1.67 0.97 1.27 0.76 0.59 0.69 0.58 0.47 0.58 0.97 1.27 0.99 0.62 0.41 1.47 1.36 2.33 -999 3.04 3.45 2.51 1.57 1.31 0.59 0.24 0.17 0.60 0.59 1.06 0.40 0.78 0.72 0.43 0.08 0.09 0.07 0.10 0.10 0.04 0.04 0.02 0.42 0.50 0.03 0.10 0.00 0.00
6.23 4.89 2.16 2.78 1.68 1.67 1.83 3.77 2.92 1.68 1.71 1.39 0.72 0.71 1.87 1.07 0.71 0.38 0.47 0.35 0.34 0.25 0.54 0.94 1.54 1.90 0.99 0.43 0.70 0.68 1.18 1.45 1.00 0.35 0.12 0.36 0.94 0.83 1.00 1.34 1.04 0.72 0.64 0.89 0.73 1.54 0.94 1.53 1.16 0.64 0.55 1.36 1.02 2.04 2.41 -999 2.39 1.26 1.30 0.84 0.58 0.35 0.29 0.24 0.26 0.68 0.75 0.84 0.75 0.52 0.04 0.06 0.04 0.12 0.05 0.02 0.06 0.09 0.27 0.07 0.12 0.28 0.01 0.00
5.86 3.37 3.83 2.72 2.49 1.86 2.11 2.55 3.15 1.98 1.43 1.14 0.80 0.96 1.78 1.07 1.76 0.55 0.71 0.36 0.25 0.38 1.01 0.95 1.26 1.12 0.52 0.97 1.03 0.80 1.32 1.31 1.03 1.39 0.09 0.24 0.53 0.43 0.73 1.99 1.29 0.83 0.86 0.77 0.70 0.84 1.07 1.85 1.13 0.73 0.86 0.79 0.90 0.85 0.65 -999 -999 0.97 0.49 0.49 0.19 0.46 0.32 0.23 0.13 0.63 1.12 1.08 0.57 0.41 0.09 0.03 0.08 0.07 0.02 0.03 0.12 0.11 0.14 0.05 0.02 0.38 0.02 0.00
6.26 3.63 5.02 6.48 2.90 2.98 3.97 4.76 5.25 2.44 2.04 1.24 0.92 1.47 1.77 0.54 0.33 0.26 0.57 0.66 0.28 0.29 0.55 0.54 0.29 0.79 1.20 1.06 1.26 1.31 1.24 1.06 0.49 0.41 0.15 0.49 0.15 0.24 0.82 2.37 1.31 1.03 0.96 0.64 0.42 0.65 1.48 1.76 1.56 0.89 0.75 0.57 0.85 0.42 0.74 1.02 -999 -999 0.23 0.16 0.19 0.84 0.39 0.28 0.11 0.22 0.55 0.73 0.31 0.12 0.13 0.04 0.04 0.04 0.00 0.02 0.07 0.04 0.05 0.03 0.04 0.03 0.01 0.00
5.06 3.58 5.23 5.43 5.57 5.85 4.99 7.50 6.48 3.74 2.18 1.13 0.98 1.09 1.98 0.63 0.22 0.22 0.19 0.15 0.45 0.22 0.68 0.82 0.43 0.92 1.65 1.57 2.05 1.58 1.14 0.66 0.66 0.93 0.12 0.45 0.09 0.14 0.67 1.28 1.26 1.21 1.69 0.73 0.45 0.75 1.92 1.11 0.90 1.03 0.61 0.44 0.41 0.43 0.65 0.69 0.56 -999 -999 0.06 0.27 1.00 0.60 0.22 0.08 0.11 0.28 0.76 0.36 0.24 0.15 0.08 0.10 0.07 0.02 0.02 0.03 0.01 0.02 0.07 0.03 0.02 0.00 0.01
4.84 4.85 5.67 7.69 8.01 12.44 6.57 5.85 4.44 2.58 1.94 1.43 1.19 1.80 2.02 0.63 0.40 0.32 0.33 0.27 0.72 0.51 1.24 1.12 0.75 0.87 1.38 1.71 2.34 1.35 0.71 0.61 0.72 0.44 0.21 0.10 0.05 0.15 0.30 0.71 1.08 1.72 1.98 1.02 0.57 1.00 1.60 0.65 0.47 0.84 0.69 0.37 0.21 0.66 0.58 0.29 0.46 0.00 -999 -999 0.28 0.46 0.61 0.32 0.18 0.08 0.13 0.42 0.34 0.46 0.33 0.22 0.07 0.10 0.03 0.04 0.01 0.01 0.03 0.01 0.06 0.01 0.01 0.02
5.38 7.99 5.66 6.55 6.51 10.36 7.45 4.47 3.39 2.63 2.06 2.13 1.49 1.87 2.48 0.69 0.40 0.94 0.57 0.38 0.44 0.52 1.25 1.01 0.78 0.59 1.78 2.89 1.20 0.86 0.91 0.71 0.48 0.48 0.40 0.14 0.20 0.21 0.33 0.73 1.20 1.33 1.86 1.63 0.80 0.81 0.66 0.31 0.22 0.40 0.73 0.43 0.22 0.72 0.70 0.24 0.14 0.04 -999 -999 -999 0.19 0.17 0.07 0.20 0.11 0.13 0.36 0.37 0.45 0.77 0.39 0.14 0.03 0.02 0.05 0.00 0.02 0.00 0.01 0.02 0.00 0.01 0.03
3.27 5.20 3.74 4.28 4.07 6.76 7.19 6.88 3.56 2.90 3.12 3.40 1.90 2.50 1.76 0.81 0.51 1.33 0.63 0.44 0.15 0.27 0.76 0.90 0.70 0.67 1.63 1.01 0.95 1.09 0.92 0.86 1.17 0.70 0.49 0.24 0.40 0.29 0.41 0.60 0.73 0.73 1.25 1.19 0.59 0.32 0.14 0.04 0.11 0.48 0.89 0.56 0.34 0.88 1.00 0.31 0.14 0.07 0.15 -999 -999 -999 0.05 0.14 1.04 0.44 0.13 0.16 0.21 0.72 0.54 0.14 0.03 0.06 0.06 0.07 0.01 0.04 0.02 0.01 0.00 0.00 0.06 0.02
2.38 3.60 3.06 3.43 3.60 4.27 4.85 6.79 5.17 4.11 3.33 3.87 2.16 2.35 1.51 1.12 0.65 0.46 0.77 0.11 0.28 0.55 1.09 0.75 0.51 0.72 0.62 0.67 0.80 0.82 0.84 1.13 1.17 0.55 0.39 0.27 0.23 0.24 0.45 0.51 0.33 0.39 1.09 0.91 0.44 0.16 0.06 0.07 0.20 1.16 1.52 0.77 0.37 0.52 0.77 0.30 0.22 0.09 0.25 0.00 -999 -999 -999 0.25 0.51 0.53 0.06 0.05 0.08 0.16 0.25 0.14 0.06 0.01 0.14 0.03 0.01 0.07 0.02 0.00 0.00 0.00 0.06 0.01
2.70 4.10 2.86 2.96 4.11 4.69 5.28 4.55 5.25 6.43 3.29 3.08 2.41 2.99 2.26 0.99 0.76 0.33 0.29 0.35 0.29 0.45 2.23 1.39 0.32 0.33 0.50 0.60 0.60 1.00 1.17 1.50 1.60 0.65 0.30 0.55 0.25 0.17 0.45 0.41 0.24 0.25 0.37 0.52 0.43 0.15 0.25 0.10 0.57 1.47 1.20 0.57 0.31 0.29 0.49 0.22 0.47 0.15 0.20 0.06 -999 -999 -999 -999 0.22 0.29 0.15 0.09 0.13 0.17 0.13 0.08 0.10 0.06 0.06 0.12 0.01 0.01 0.01 0.00 0.00 0.00 0.01 0.01
3.38 2.91 3.13 3.71 2.94 4.40 4.40 5.23 4.73 5.80 3.40 2.98 3.43 2.76 2.86 1.41 1.11 0.67 0.78 0.57 0.22 0.61 1.65 0.43 0.38 0.44 0.58 0.65 0.91 0.94 0.85 1.38 1.42 1.25 0.61 0.49 0.47 0.15 0.33 0.20 0.17 0.29 0.50 0.63 0.33 0.28 0.55 0.21 0.57 1.32 0.49 0.36 0.23 0.21 0.32 0.44 0.38 0.38 0.12 0.04 0.11 -999 -999 -999 -999 0.04 0.18 0.13 0.12 0.25 0.11 0.18 0.20 0.10 0.10 0.03 0.01 0.02 0.02 0.00 0.00 0.01 0.01 0.00
3.62 1.74 2.66 5.00 3.18 3.20 4.08 3.56 1.39 1.62 1.91 2.90 3.60 3.14 2.15 1.72 1.54 1.14 0.75 0.40 0.21 0.71 0.64 0.29 0.31 0.62 0.37 0.49 0.54 0.41 0.69 0.96 1.22 1.43 1.17 0.51 0.64 0.52 0.50 0.47 0.34 0.32 0.36 0.67 0.24 0.34 0.65 0.38 0.45 0.30 0.20 0.16 0.17 0.25 0.24 0.40 0.34 0.32 0.14 0.06 0.07 0.00 -999 -999 -999 -999 0.25 0.10 0.11 0.17 0.06 0.16 0.48 0.18 0.03 0.00 0.01 0.04 0.00 0.00 0.01 0.00 0.01 0.00
3.20 2.73 3.12 4.06 2.71 2.36 2.39 4.18 3.79 1.35 1.51 2.97 3.37 3.30 2.31 1.81 0.91 0.68 0.85 0.42 0.21 0.46 0.36 0.20 0.14 0.41 0.29 0.37 0.21 0.11 0.57 1.94 1.84 2.85 1.69 0.60 0.70 0.46 0.76 0.64 0.42 0.45 0.41 0.60 0.18 0.32 0.61 0.36 0.26 0.22 0.22 0.23 0.27 0.25 0.24 0.50 0.40 0.38 0.19 0.09 0.10 0.10 -999 -999 -999 -999 -999 0.09 0.11 0.18 0.08 0.22 1.23 0.14 0.06 0.01 0.02 0.02 0.00 0.02 0.01 0.01 0.00 0.00
4.79 5.49 3.61 2.82 2.78 3.53 2.58 2.78 2.27 1.62 2.23 1.82 6.54 7.98 2.20 1.58 1.69 1.84 1.15 0.35 0.39 0.22 0.27 0.02 0.05 0.16 0.29 0.20 0.21 0.25 1.69 2.17 2.60 3.34 1.92 0.73 0.42 0.62 0.60 0.77 0.49 0.49 0.29 0.28 0.21 0.36 0.57 0.26 0.32 0.40 0.30 0.30 0.37 0.26 0.23 0.34 0.54 0.56 0.27 0.15 0.09 0.07 0.08 -999 -999 -999 -999 -999 0.05 0.04 0.07 0.18 0.50 0.11 0.07 0.05 0.08 0.03 0.00 0.00 0.00 0.00 0.00 0.00
9.94 6.91 3.21 5.70 4.66 4.07 2.92 2.41 1.89 2.37 3.83 3.23 3.11 3.14 1.69 2.08 3.95 1.71 0.68 0.69 0.49 0.26 0.25 0.23 0.15 0.21 0.24 0.47 0.15 0.38 0.60 1.53 3.03 2.93 2.05 0.95 0.46 0.52 0.42 0.90 0.44 0.44 0.32 0.32 0.36 0.52 0.59 0.41 0.59 0.55 0.31 0.31 0.31 0.21 0.09 0.15 0.70 0.27 0.34 0.32 0.06 0.04 0.06 0.00 -999 -999 -999 -999 -999 0.07 0.05 0.29 0.82 0.12 0.45 0.02 0.05 0.01 0.02 0.01 0.00 0.00 0.00 0.00
7.57 8.61 4.47 3.79 4.97 4.72 3.24 2.53 2.16 2.62 2.98 2.31 1.55 1.99 2.38 2.13 1.65 1.32 1.27 0.68 0.41 0.78 0.98 0.31 0.14 0.12 0.23 0.42 0.60 0.51 0.33 0.96 1.49 1.45 1.08 0.77 0.41 0.43 0.38 0.36 0.51 0.43 0.45 0.37 0.33 0.42 0.57 0.65 0.89 0.82 0.40 0.47 0.19 0.20 0.04 0.12 0.41 0.27 0.31 0.27 0.09 0.11 0.05 0.04 -999 -999 -999 -999 -999 -999 0.09 0.22 0.26 0.07 0.10 0.33 0.08 0.02 0.01 0.01 0.00 0.02 0.00 0.00
6.88 8.22 7.66 4.28 4.89 5.49 3.40 3.28 2.94 2.12 3.04 1.94 2.88 3.00 1.73 0.80 0.36 1.67 0.84 0.55 0.51 0.99 0.70 0.31 0.09 0.14 0.21 0.32 0.46 0.44 0.52 0.43 0.40 0.32 0.40 0.50 0.41 0.35 0.26 0.28 0.63 0.72 0.69 0.53 0.50 0.44 0.65 1.21 1.25 0.53 0.31 0.42 0.33 0.23 0.08 0.09 0.20 0.28 0.29 0.33 0.16 0.26 0.26 0.07 0.06 -999 -999 -999 -999 -999 -999 0.18 0.09 0.09 0.12 0.04 0.02 0.02 0.00 0.01 0.02 0.00 0.00 0.00
