DATA/Ex_dossier_pluie/24h/PH_20111105070000.asc
NCOLS 95
NROWS 110
XLLCENTER 939500
YLLCENTER 1831500
CELLSIZE 1000
NODATA_VALUE -999
[rows 0 to 36 of 110, columns 0 to 82 of 95]
1.21 1.32 1.36 1.28 1.19 1.12 1.09 1.17 1.21 1.22 1.26 1.13 1.14 0.96 0.76 0.61 0.89 0.80 0.56 0.62 0.74 0.82 0.61 0.77 0.80 0.91 0.86 0.72 0.83 0.90 0.85 0.76 0.90 1.04 0.90 1.08 1.10 0.98 0.95 0.82 0.69 0.48 0.59 0.42 0.28 0.22 0.21 0.24 0.26 0.32 0.53 0.59 0.51 0.40 0.33 0.30 0.35 0.29 0.42 0.36 0.39 0.45 0.40 0.45 0.43 0.28 0.29 0.40 0.38 0.32 0.28 0.34 0.31 0.33 0.37 0.43 0.39 0.36 0.33 0.30 0.24 0.21 0.19
1.33 1.42 1.29 1.13 1.19 1.02 0.93 1.25 1.32 1.33 1.20 1.06 1.16 1.10 0.93 0.58 0.83 0.91 0.66 0.73 0.89 0.98 0.80 0.52 0.59 0.80 0.80 0.83 0.84 0.88 0.94 0.99 1.00 1.03 0.96 0.96 1.02 1.03 0.84 0.84 0.78 0.74 0.66 0.75 0.56 0.36 0.25 0.31 0.33 0.39 0.56 0.67 0.63 0.53 0.48 0.48 0.59 0.53 0.33 0.36 0.50 0.43 0.35 0.40 0.20 0.26 0.25 0.28 0.24 0.27 0.24 0.23 0.27 0.39 0.44 0.44 0.39 0.46 0.41 0.35 0.25 0.17 0.25
1.25 1.37 1.19 1.15 1.13 1.23 1.28 1.24 1.27 1.26 1.18 1.16 1.16 1.28 1.05 0.91 0.89 0.90 0.89 0.64 0.73 0.84 0.88 0.81 0.66 0.72 0.82 0.84 0.85 0.79 0.83 1.06 1.04 1.02 1.00 1.04 1.06 1.07 1.01 0.83 0.80 0.83 0.75 0.75 0.47 0.33 0.29 0.32 0.37 0.59 0.68 0.69 0.74 0.64 0.58 0.52 0.63 0.60 0.45 0.45 0.40 0.37 0.31 0.41 0.44 0.31 0.33 0.35 0.43 0.43 0.24 0.23 0.31 0.42 0.27 0.37 0.40 0.42 0.44 0.34 0.22 0.28 0.27
1.25 1.32 1.45 1.27 1.28 1.26 1.39 1.22 1.09 1.07 1.10 1.18 1.21 1.28 1.16 1.21 0.97 0.85 0.92 0.81 0.44 0.70 0.81 0.76 0.80 0.60 0.81 0.92 0.88 0.95 0.81 1.16 1.17 1.07 1.00 1.03 0.98 1.05 1.01 1.04 0.87 0.87 0.67 0.61 0.58 0.41 0.30 0.39 0.42 0.55 0.74 0.73 0.65 0.54 0.56 0.62 0.66 0.65 0.46 0.39 0.34 0.34 0.29 0.35 0.28 0.37 0.40 0.47 0.47 0.41 0.36 0.35 0.39 0.36 0.39 0.48 0.41 0.47 0.51 0.34 0.26 0.21 0.18
1.31 1.43 1.38 1.32 1.27 1.33 1.32 1.16 1.11 1.12 1.20 1.13 1.17 1.11 1.18 1.11 1.14 0.55 0.81 0.85 0.72 0.82 0.83 0.83 0.83 0.58 0.70 0.85 0.90 0.92 0.98 0.95 1.12 0.93 1.04 1.01 0.92 1.12 1.05 1.04 0.96 0.89 0.83 0.58 0.65 0.56 0.42 0.43 0.50 0.55 0.74 0.72 0.68 0.51 0.55 0.60 0.66 0.62 0.47 0.36 0.40 0.32 0.25 0.21 0.30 0.37 0.43 0.49 0.59 0.47 0.40 0.35 0.36 0.47 0.45 0.51 0.51 0.58 0.54 0.35 0.29 0.24 0.27
0.96 1.20 1.08 1.32 1.19 1.19 1.35 1.23 1.07 0.91 0.98 1.11 1.04 1.09 1.11 1.17 1.12 0.96 0.64 0.85 0.67 0.49 0.61 0.84 0.88 0.64 0.67 0.83 0.97 0.99 0.91 0.95 0.83 0.99 0.98 0.96 1.00 1.07 1.10 1.00 1.04 0.84 0.54 0.67 0.68 0.56 0.47 0.53 0.52 0.54 0.76 0.83 0.86 0.67 0.57 0.66 0.71 0.69 0.57 0.48 0.44 0.30 0.26 0.10 0.39 0.36 0.38 0.41 0.51 0.50 0.44 0.35 0.40 0.45 0.39 0.45 0.54 0.51 0.44 0.41 0.32 0.26 0.29
0.84 0.88 1.23 1.34 1.23 1.13 1.19 1.12 1.09 1.02 1.04 1.05 1.09 1.08 0.98 1.13 0.95 0.99 0.89 0.67 0.73 0.75 0.77 0.90 0.82 0.76 0.54 0.70 0.92 0.97 0.84 0.99 0.92 1.05 1.05 1.07 1.09 0.94 1.00 1.02 0.91 0.76 0.70 0.76 0.75 0.68 0.59 0.59 0.57 0.56 0.73 0.80 0.88 0.74 0.68 0.82 0.93 0.82 0.70 0.63 0.52 0.45 0.36 0.12 0.31 0.30 0.30 0.38 0.41 0.44 0.40 0.28 0.34 0.44 0.44 0.55 0.54 0.53 0.34 0.43 0.44 0.41 0.42
0.90 0.73 0.74 0.92 1.01 1.07 1.16 0.99 1.04 1.04 1.10 1.18 1.17 1.12 0.98 0.98 1.11 1.19 1.03 0.73 0.89 0.88 0.54 0.82 0.85 0.80 0.60 0.69 0.88 0.84 0.77 0.88 1.02 1.16 1.05 1.14 1.05 1.00 0.96 0.90 0.92 0.82 0.84 0.66 0.90 0.83 0.75 0.72 0.61 0.69 0.88 0.96 0.99 0.96 0.93 0.97 0.85 0.88 0.82 0.58 0.44 0.55 0.39 0.21 0.21 0.14 0.27 0.44 0.39 0.36 0.30 0.36 0.40 0.46 0.46 0.51 0.46 0.44 0.52 0.60 0.56 0.47 0.37
0.78 0.53 0.91 1.19 0.97 1.15 1.16 1.15 1.21 1.15 1.17 1.22 1.17 1.06 1.08 1.10 1.27 1.17 1.24 0.90 0.64 0.94 0.95 0.75 0.83 0.75 0.70 0.71 0.74 1.45 1.13 0.82 1.02 1.16 1.09 1.12 0.97 1.09 0.90 0.70 0.76 0.83 0.91 0.91 0.87 0.98 0.67 0.65 0.63 0.75 0.96 1.04 1.04 1.06 0.98 1.00 0.88 0.96 0.85 0.69 0.46 0.45 0.34 0.27 0.24 0.30 0.32 0.38 0.44 0.46 0.40 0.42 0.45 0.47 0.55 0.50 0.40 0.36 0.65 0.73 0.68 0.55 0.44
0.83 0.80 1.01 1.26 1.21 1.00 0.91 1.12 1.28 1.29 1.16 1.18 0.97 1.04 0.99 1.13 1.21 1.29 1.05 1.04 1.06 0.89 0.76 0.74 0.75 0.77 0.80 0.77 0.75 1.20 1.37 0.86 0.97 1.15 1.33 1.33 1.19 1.02 0.88 1.00 0.86 0.91 0.86 0.96 0.99 0.89 0.69 0.61 0.69 0.84 1.00 1.10 1.11 1.03 0.99 1.00 1.03 0.84 0.84 0.75 0.51 0.40 0.23 0.25 0.30 0.36 0.39 0.45 0.51 0.44 0.47 0.54 0.55 0.61 0.61 0.57 0.41 0.57 0.67 0.84 0.85 0.64 0.50
1.00 0.92 0.96 1.13 1.27 1.05 0.76 1.06 1.08 1.32 1.29 1.06 0.87 0.99 0.96 1.10 1.30 1.33 1.27 1.36 1.03 0.94 0.68 0.76 0.47 0.71 0.78 0.88 0.82 0.81 0.68 0.85 0.97 1.35 1.24 1.17 0.96 1.12 1.05 0.98 0.79 1.08 1.13 0.92 0.92 0.62 0.67 0.81 0.76 0.93 1.06 1.13 1.07 1.02 1.04 0.97 1.00 0.91 0.77 0.71 0.44 0.39 0.26 0.24 0.34 0.34 0.46 0.49 0.53 0.49 0.50 0.55 0.65 0.69 0.58 0.50 0.57 0.59 0.73 0.90 1.02 0.94 0.68
0.65 0.90 1.03 1.15 1.06 0.71 0.68 1.01 0.98 1.13 1.13 1.05 0.99 1.03 0.99 0.98 1.17 1.18 1.12 1.23 1.10 0.98 0.60 0.72 0.53 0.81 0.87 0.86 0.68 0.67 1.25 0.87 0.93 0.96 1.29 1.09 1.26 1.19 1.17 1.21 0.85 1.14 1.11 0.86 0.82 0.67 0.81 0.99 0.86 1.02 1.14 1.20 1.11 1.20 1.15 0.78 1.03 0.96 0.77 0.76 0.62 0.51 0.38 0.40 0.45 0.55 0.47 0.47 0.51 0.51 0.55 0.51 0.63 0.45 0.54 0.46 0.50 0.45 0.59 0.78 0.94 1.08 1.07
0.88 0.67 1.06 0.79 0.92 0.69 0.92 0.86 0.90 0.85 1.01 1.01 1.02 1.07 1.10 1.20 1.05 0.98 1.07 1.08 1.15 0.98 0.72 0.88 0.78 0.48 0.87 0.79 0.70 0.55 0.63 0.70 1.08 0.76 1.03 0.91 1.39 1.16 1.09 0.72 0.66 1.03 1.22 0.89 0.85 0.91 0.88 0.99 1.00 1.05 1.15 1.17 1.10 1.16 1.29 0.97 1.21 0.91 0.94 0.87 0.64 0.43 0.46 0.54 0.60 0.56 0.41 0.41 0.43 0.47 0.54 0.58 0.43 0.65 0.52 0.60 0.57 0.53 0.51 0.51 0.70 1.05 1.40
1.20 1.27 0.56 0.85 0.93 0.90 0.79 0.60 0.83 0.52 0.82 0.90 1.16 1.16 1.28 1.33 1.12 1.01 1.03 1.21 1.23 1.14 1.00 0.77 0.80 0.54 0.68 0.85 0.85 0.72 1.00 1.00 0.94 1.13 1.05 1.39 1.49 1.35 1.11 0.77 0.90 0.84 1.26 0.88 1.02 1.01 0.97 1.04 1.09 1.04 1.13 1.21 1.14 1.19 1.40 1.32 1.18 0.97 0.91 0.86 0.70 0.56 0.65 0.74 0.68 0.56 0.47 0.35 0.42 0.52 0.54 0.66 0.44 0.59 0.63 0.74 0.75 0.72 0.55 0.49 0.54 0.83 1.04
0.83 0.86 0.84 0.82 0.48 0.73 0.78 0.94 0.90 0.85 0.97 1.16 1.18 1.16 1.31 1.21 1.12 1.10 1.22 1.22 1.26 1.16 1.01 0.74 0.63 0.59 0.51 0.92 0.88 0.97 0.36 0.35 1.28 1.32 1.09 1.07 1.54 1.64 1.31 1.18 1.29 1.05 1.33 1.09 0.94 1.18 1.03 1.09 1.04 1.03 1.19 1.28 1.16 1.24 1.45 1.42 1.16 0.88 0.97 0.97 0.78 0.64 0.68 0.73 0.69 0.60 0.50 0.40 0.44 0.48 0.62 0.67 0.59 0.58 0.62 0.73 0.79 0.74 0.67 0.70 0.68 0.75 0.91
0.61 0.64 0.55 0.71 0.62 0.98 0.85 0.84 0.81 0.65 0.81 0.71 0.95 0.82 0.85 0.89 0.92 1.04 1.24 1.30 1.06 0.63 1.09 1.10 0.85 0.74 0.60 0.71 0.90 1.05 0.65 0.99 0.69 0.91 0.93 1.07 1.25 1.40 1.30 1.46 1.49 1.18 1.41 1.21 1.19 0.94 1.02 0.97 0.97 1.09 1.20 1.37 1.21 1.29 1.46 1.42 1.15 0.97 0.83 0.94 0.81 0.70 0.64 0.73 0.64 0.55 0.47 0.43 0.52 0.56 0.67 0.69 0.62 0.57 0.68 0.77 0.85 0.99 0.85 0.81 0.94 0.69 1.11
0.83 0.75 0.68 0.60 1.10 0.70 0.96 0.99 0.79 0.71 0.61 1.14 2.33 0.90 0.74 0.49 0.63 0.92 1.19 1.28 1.05 0.95 1.18 1.10 0.82 0.61 0.57 0.49 0.84 1.08 0.58 0.26 0.58 0.86 1.03 1.03 1.11 1.28 1.42 1.53 1.33 1.03 1.03 1.40 1.07 0.99 1.04 0.93 0.99 1.20 1.30 1.36 1.26 1.21 1.05 1.36 1.18 0.72 0.84 0.78 0.79 0.76 0.76 0.70 0.60 0.52 0.59 0.63 0.62 0.50 0.52 0.57 0.66 0.66 0.75 0.91 1.10 1.08 0.99 0.77 0.65 1.02 1.04
1.02 0.98 1.24 1.01 0.43 0.89 0.76 0.80 1.10 0.54 0.67 1.34 1.24 0.40 0.29 0.46 0.86 1.00 1.06 1.11 1.25 1.22 1.08 1.08 0.77 0.75 0.84 0.85 0.74 0.90 0.99 0.59 0.67 0.92 1.05 1.06 1.08 1.23 1.28 1.33 1.18 1.00 1.03 1.30 1.22 1.02 0.98 0.93 1.14 1.37 1.44 1.30 1.15 1.24 1.33 1.28 0.98 0.84 1.01 1.01 1.02 0.86 0.92 0.80 0.59 0.59 0.70 0.75 0.66 0.46 0.49 0.57 0.63 0.66 0.70 0.74 1.04 1.03 1.04 0.96 0.77 0.82 0.79
1.36 1.18 0.87 0.96 0.96 0.45 1.18 0.76 0.71 0.61 1.45 1.36 1.00 0.50 0.26 0.97 0.92 1.10 1.12 1.00 1.14 1.10 1.01 0.72 0.92 0.98 1.02 0.70 0.75 0.84 1.07 1.03 0.70 0.71 0.93 0.73 0.80 1.35 1.43 1.39 1.13 0.85 0.88 1.35 1.26 0.98 0.94 0.98 1.16 1.43 1.44 1.23 1.06 1.33 1.35 1.48 0.98 0.89 1.23 1.08 1.05 0.96 0.93 0.83 0.75 0.76 0.78 0.82 0.68 0.48 0.45 0.59 0.68 0.66 0.62 0.84 1.08 1.10 1.08 1.19 0.89 0.68 0.91
1.24 1.06 1.15 0.96 0.72 0.99 0.49 0.72 1.11 0.79 1.20 0.93 1.18 0.81 0.78 1.06 1.06 1.41 1.15 0.69 0.59 1.01 1.18 0.73 1.07 0.98 0.99 0.86 0.68 0.84 1.14 1.36 0.64 0.74 0.58 0.69 0.68 1.07 1.38 1.44 1.06 0.85 0.92 1.13 1.20 1.00 1.01 1.09 1.12 1.33 1.33 1.24 1.17 1.54 1.71 1.64 1.58 0.75 0.37 0.63 0.97 1.11 1.01 1.06 0.96 0.87 0.87 0.87 0.79 0.58 0.64 0.63 0.73 0.73 0.77 0.95 1.00 1.04 1.18 1.28 1.15 0.78 0.87
1.02 1.34 1.28 1.17 0.66 0.19 1.19 1.74 0.87 1.26 1.55 1.27 1.27 0.62 1.36 0.99 1.22 1.22 1.12 1.03 1.06 0.39 0.53 1.29 1.30 1.18 1.12 0.77 0.82 0.80 1.12 1.45 1.04 0.63 0.68 0.64 0.60 1.00 0.77 1.31 1.19 1.07 1.10 1.18 0.88 1.16 1.11 1.08 1.14 1.23 1.35 1.65 1.39 1.70 1.91 1.20 1.55 0.73 0.61 0.79 1.21 1.48 1.35 1.24 1.12 0.94 0.98 1.07 0.84 0.81 0.76 0.85 0.85 0.96 1.10 0.96 0.89 0.86 1.35 1.49 1.44 0.94 0.83
0.88 0.93 1.01 1.11 0.69 0.68 0.40 2.64 2.46 1.36 1.28 1.01 0.92 0.81 1.19 1.93 0.64 0.21 0.85 1.14 0.89 0.66 0.55 1.39 4.18 1.39 1.27 1.22 0.97 0.90 0.90 1.30 0.99 0.65 0.57 0.82 0.61 1.00 0.53 1.25 1.51 1.27 1.34 1.19 1.19 1.38 1.13 1.14 1.20 1.50 1.57 1.38 1.49 1.77 1.65 1.53 1.71 1.60 0.84 0.90 1.09 1.49 1.35 1.25 1.18 1.00 0.82 0.91 0.78 0.85 0.85 0.96 0.99 1.11 1.32 0.80 0.69 0.98 1.31 1.83 1.76 1.21 0.98
0.89 0.56 0.60 0.78 0.94 0.84 0.61 0.57 2.72 3.12 2.50 1.10 1.18 1.30 0.95 1.19 1.73 0.81 0.94 0.85 1.11 0.89 0.57 0.76 1.11 1.46 1.36 1.45 1.18 1.13 1.11 1.44 0.84 0.59 0.37 0.71 0.97 0.99 0.44 0.52 1.11 1.34 1.40 1.08 0.95 1.30 1.40 1.15 1.06 1.18 1.32 1.25 1.48 1.70 1.97 1.73 1.70 1.13 1.59 0.93 1.12 1.32 1.29 1.12 1.30 1.08 0.88 0.87 1.02 1.07 0.92 0.87 1.22 1.39 1.77 1.00 0.86 0.93 1.15 1.71 1.79 1.64 1.05
1.19 0.81 0.70 0.77 0.75 0.73 0.84 0.69 0.80 1.33 3.84 2.20 0.96 1.26 0.70 1.14 1.01 2.05 0.90 0.53 1.07 0.62 0.31 0.80 0.80 1.31 1.37 1.29 1.38 1.18 1.14 0.85 0.96 0.92 1.24 1.34 1.37 1.31 1.05 0.64 1.23 1.82 1.18 0.95 1.04 1.30 1.15 1.06 1.02 1.33 1.51 1.36 1.31 1.54 1.60 1.71 1.64 1.69 0.87 1.06 1.27 1.15 1.16 1.22 1.43 1.38 1.05 0.96 1.14 1.10 0.98 0.88 1.17 1.09 1.30 1.12 1.01 1.22 1.19 1.61 1.88 1.76 0.80
1.17 1.12 0.91 0.80 0.59 0.40 0.53 0.74 0.92 1.00 1.07 1.02 4.51 1.18 0.81 0.78 1.09 1.53 2.07 2.04 0.28 0.54 0.41 0.63 0.60 1.08 1.40 1.25 1.12 1.05 0.91 1.05 1.10 1.11 1.09 1.12 1.43 1.36 1.39 1.35 1.52 1.41 1.37 0.94 1.10 1.04 0.79 1.05 0.94 1.29 1.84 2.14 1.74 1.69 1.73 1.95 2.05 1.97 1.62 1.29 1.37 0.97 0.95 1.32 1.59 1.47 1.40 1.19 1.34 1.29 1.16 1.09 0.73 1.11 1.50 1.16 1.06 1.22 1.06 1.12 1.50 1.70 1.74
1.25 1.09 0.89 0.76 0.68 0.29 0.82 0.51 0.82 0.97 1.82 0.89 1.15 4.16 1.51 0.96 0.68 1.05 0.69 1.72 0.97 0.34 0.48 0.23 0.38 0.95 0.85 1.36 1.31 1.10 1.21 1.29 1.29 1.19 1.25 1.17 1.28 1.24 1.29 1.18 1.19 1.26 1.47 1.04 1.04 0.77 0.59 1.20 1.20 1.75 1.86 1.75 1.82 1.77 1.76 1.81 1.80 1.92 1.85 1.63 1.32 0.80 0.50 1.04 1.09 0.90 1.50 1.15 1.20 1.37 1.41 1.26 0.90 1.27 1.32 1.21 1.06 1.10 0.46 1.39 1.49 1.71 1.87
1.43 1.20 1.17 0.95 0.72 0.67 0.25 0.57 0.77 1.01 0.98 0.92 1.06 1.06 2.81 3.81 1.50 1.16 1.16 0.91 1.09 0.64 0.44 0.32 1.19 1.41 1.31 0.66 1.45 1.26 1.59 1.51 1.58 1.27 1.32 1.04 1.22 1.40 1.29 1.33 1.20 1.38 1.18 1.49 0.76 0.72 0.77 1.33 1.45 1.77 2.07 2.15 1.94 1.92 1.73 1.18 0.83 1.59 0.91 1.64 1.23 0.90 0.97 1.34 1.29 1.37 1.09 1.06 0.83 1.28 1.55 1.54 1.29 1.32 1.64 1.36 1.08 1.14 1.38 1.23 1.52 2.00 1.98
1.31 1.22 1.27 1.34 0.41 0.50 0.58 0.44 0.30 0.66 0.95 1.08 1.33 0.52 0.44 1.44 2.69 1.32 1.71 1.17 0.59 0.69 0.59 1.91 1.24 1.21 1.09 1.05 1.22 1.12 1.21 1.60 1.58 1.23 1.10 1.60 0.46 1.47 1.68 1.40 1.31 1.30 1.61 1.21 1.22 0.98 0.87 1.39 1.55 1.28 1.74 1.88 1.72 1.74 1.93 0.77 0.87 0.54 0.60 0.78 1.35 0.87 0.82 1.10 1.48 1.28 1.22 1.02 1.12 1.30 1.30 1.35 1.49 1.34 1.61 1.71 1.25 1.14 1.19 1.06 1.60 1.98 2.82
0.77 0.76 0.99 1.33 1.18 0.73 0.52 0.51 0.56 0.74 0.98 1.03 1.11 0.96 0.91 0.46 1.53 2.75 1.28 1.84 0.48 0.39 0.83 0.68 2.86 1.29 0.98 0.62 0.82 1.04 1.02 1.70 1.62 1.41 0.80 1.32 1.11 1.79 1.86 1.66 1.54 1.83 1.75 1.44 1.16 1.54 1.21 0.77 1.08 1.28 0.95 1.54 1.46 1.47 2.12 0.82 0.47 0.49 0.55 0.68 1.76 1.40 0.92 1.24 1.27 0.82 1.23 1.25 1.38 1.52 1.70 1.42 1.36 1.36 1.40 1.56 1.74 1.54 1.28 1.23 1.45 2.72 2.38
3.62 1.34 0.74 0.51 0.79 0.73 0.98 0.82 0.57 0.82 1.05 1.01 4.80 0.94 1.04 0.92 0.59 0.45 2.05 1.34 1.41 1.12 1.29 0.48 0.23 1.66 1.08 0.71 0.74 0.92 0.95 0.82 0.98 0.98 2.74 2.22 1.84 0.53 1.76 1.76 1.85 1.72 2.08 1.86 1.38 1.51 1.74 1.38 1.53 1.46 1.42 0.65 1.95 1.13 1.09 0.82 0.16 1.03 0.86 0.73 1.12 1.41 1.38 1.19 1.18 0.94 1.30 1.64 1.88 1.65 1.95 1.58 1.53 1.66 1.60 1.85 2.13 1.39 1.31 0.97 2.53 2.05 1.55
3.45 3.21 3.27 1.68 0.71 0.34 0.57 0.49 1.07 0.60 0.82 0.89 1.15 1.01 1.17 1.36 0.74 0.67 0.49 2.17 1.71 1.57 1.27 1.11 0.81 0.34 1.65 1.26 1.01 0.79 0.69 1.29 1.12 0.90 2.46 3.49 2.44 2.25 0.93 2.23 3.71 1.71 2.51 1.41 1.15 1.32 1.41 1.24 1.37 0.85 1.01 1.29 2.40 2.25 0.83 0.24 0.58 1.23 0.53 1.34 1.84 1.86 1.04 0.85 1.08 1.25 1.36 1.66 1.75 1.51 1.75 1.95 1.46 1.83 1.99 2.19 2.83 1.45 1.57 2.86 1.17 1.01 1.82
6.07 4.09 2.31 4.70 3.62 2.50 0.92 0.24 0.43 1.06 1.25 0.80 0.75 1.11 1.23 1.57 1.22 1.23 0.96 0.46 1.23 2.56 1.50 1.06 1.96 0.98 1.21 1.73 1.45 1.13 0.83 0.64 0.62 0.63 0.88 2.28 2.23 1.78 1.17 1.07 2.18 2.25 1.32 1.63 1.23 1.31 1.37 0.97 0.81 1.36 0.95 1.29 1.38 0.78 0.56 0.21 0.82 0.81 2.05 2.54 1.84 1.72 1.39 0.92 0.79 1.08 1.23 1.89 1.59 1.69 1.44 1.72 1.52 1.11 2.09 2.08 1.88 2.47 2.07 1.86 0.93 3.69 7.19
6.39 5.41 4.37 3.25 1.14 2.11 3.85 2.28 1.00 0.64 0.65 0.37 0.53 0.99 1.35 1.26 1.13 1.23 1.29 0.95 0.98 1.18 1.84 1.00 1.37 2.07 1.84 1.68 2.56 2.02 1.29 1.01 0.39 0.51 1.12 1.55 3.16 2.50 1.70 1.52 1.24 1.55 1.47 1.56 1.05 1.60 0.74 0.84 0.62 0.52 0.38 0.28 0.25 0.45 0.54 0.37 0.04 0.09 1.53 2.26 1.84 1.91 1.63 0.66 0.67 0.92 1.32 1.92 1.82 1.59 1.54 1.89 1.87 1.84 1.83 1.80 2.83 1.29 1.53 1.63 0.84 1.22 1.42
8.92 4.20 3.99 2.90 2.07 2.54 1.71 3.77 4.72 1.22 0.73 0.39 0.23 0.50 1.37 0.98 0.94 1.18 1.33 1.91 1.73 1.36 0.89 0.58 1.18 1.65 2.07 2.26 1.43 2.93 1.89 1.67 1.27 0.35 0.58 0.86 1.91 2.27 3.30 2.29 0.94 0.85 2.12 1.75 1.07 1.19 0.87 0.69 0.60 0.52 0.61 0.35 0.28 0.22 0.68 0.30 0.08 0.17 0.16 0.84 2.16 2.32 1.82 1.14 1.09 1.54 1.72 1.92 2.08 1.96 1.75 1.98 1.89 2.20 2.06 1.87 1.20 2.47 1.86 0.90 0.73 1.09 1.51
3.18 7.68 5.98 4.13 2.08 2.22 1.96 4.57 2.43 1.26 3.34 1.83 0.73 0.31 0.87 0.99 0.80 1.15 1.40 2.05 1.83 1.97 2.09 1.42 1.30 2.74 2.07 3.31 2.56 2.25 2.08 2.27 2.30 0.87 0.60 1.11 1.07 1.83 1.94 2.28 1.49 1.08 1.77 1.51 1.21 1.28 1.07 0.81 0.32 0.05 0.57 0.02 0.45 0.50 0.48 0.14 0.16 0.21 0.30 0.76 1.87 0.57 2.15 1.56 1.34 1.81 1.64 1.54 1.61 2.06 2.20 1.65 1.17 1.86 2.87 2.34 1.71 1.23 0.64 0.50 1.03 1.78 1.34
3.75 3.61 3.36 3.47 4.73 4.47 2.71 2.07 1.72 2.45 1.32 1.26 1.62 0.57 0.76 0.66 0.97 1.45 1.79 1.65 2.03 1.75 2.10 2.41 1.86 2.04 2.51 2.12 4.19 4.70 2.51 2.80 2.35 1.92 0.56 0.89 0.92 0.87 0.99 2.50 1.78 1.65 1.91 1.40 1.51 1.50 1.25 0.77 0.54 0.23 0.17 0.00 0.00 0.59 0.58 0.26 0.31 0.20 0.49 0.98 0.60 0.59 1.13 2.11 1.78 1.46 1.14 1.22 2.01 2.89 1.97 1.29 1.51 2.59 2.12 4.32 0.38 1.69 2.46 1.30 1.24 1.43 2.33
3.17 5.23 5.89 3.60 2.77 2.58 3.66 4.58 2.74 0.84 1.27 1.98 4.46 1.86 0.67 0.80 1.01 1.20 1.38 1.33 2.29 2.16 2.02 2.43 2.35 2.82 1.98 1.45 1.85 4.83 5.70 2.83 2.57 2.24 1.08 0.99 0.48 1.10 3.00 1.69 1.88 2.10 2.06 1.53 1.84 1.38 1.28 0.87 1.02 1.06 1.13 0.00 0.00 0.00 0.53 0.62 0.46 0.37 0.69 0.79 0.98 0.17 1.04 1.47 1.69 1.22 1.14 1.47 2.30 3.03 1.85 1.12 1.02 4.04 1.95 0.63 0.89 0.97 2.96 2.95 2.05 1.78 1.36
