DATA/Ex_dossier_pluie/24h/PH_20111105160000.asc
NCOLS 95
NROWS 110
XLLCENTER 939500
YLLCENTER 1831500
CELLSIZE 1000
NODATA_VALUE -999
[rows 38 to 75 of 110, columns 0 to 83 of 95]
0.11 0.24 0.35 0.46 0.41 0.35 0.34 0.29 0.23 0.26 0.27 0.20 0.21 0.26 0.25 0.36 0.33 0.17 0.25 0.23 0.09 0.20 0.09 0.07 0.00 0.03 0.01 0.01 0.00 0.00 0.01 0.00 0.06 0.01 0.01 0.00 0.02 0.00 0.00 0.00 0.00 0.00 0.00 0.00 0.00 0.00 0.00 0.00 0.00 0.00 0.00 0.00 0.00 0.00 0.00 0.00 0.00 0.00 0.00 0.00 0.00 0.00 0.00 0.00 0.00 0.01 0.03 0.15 0.10 0.12 0.26 0.06 0.02 0.05 0.11 0.13 0.09 0.13 0.13 0.03 0.05 0.04 0.02 0.02
0.20 0.70 0.49 0.48 0.46 0.43 0.47 0.38 0.38 0.32 0.28 0.33 0.31 0.35 0.34 0.33 0.31 0.23 0.17 0.23 0.13 0.20 0.14 0.03 0.01 0.04 0.01 0.00 0.00 0.02 0.01 0.00 0.04 0.01 0.00 0.01 0.01 0.01 0.00 0.00 0.00 0.00 0.00 0.00 0.00 0.00 0.00 0.00 0.00 0.00 0.00 0.00 0.00 0.00 0.00 0.00 0.00 0.00 0.00 0.00 0.00 0.00 0.00 0.00 0.00 0.00 0.01 0.03 0.01 0.03 0.20 0.07 0.05 0.10 0.08 0.05 0.06 0.08 0.05 0.03 0.03 0.04 0.02 0.04
0.42 0.68 0.54 0.57 0.53 0.41 0.47 0.34 0.32 0.24 0.28 0.34 0.30 0.42 0.40 0.28 0.17 0.15 0.05 0.07 0.09 0.04 0.15 0.10 0.08 0.03 0.00 0.00 0.02 0.03 0.01 0.02 0.00 0.00 0.00 0.01 0.02 0.00 0.00 0.00 0.00 0.00 0.00 0.00 0.00 0.00 0.00 0.00 0.00 0.00 0.00 0.00 0.00 0.00 0.00 0.00 0.00 0.00 0.00 0.00 0.00 0.00 0.00 0.00 0.00 0.00 0.00 0.00 0.01 0.01 0.07 0.08 0.08 0.08 0.06 0.03 0.04 0.06 0.04 0.07 0.02 0.03 0.02 0.03
0.22 0.68 0.64 0.54 0.55 0.44 0.48 0.32 0.28 0.33 0.29 0.37 0.28 0.42 0.48 0.39 0.20 0.31 0.08 0.07 0.08 0.07 0.14 0.17 0.19 0.05 0.01 0.02 0.03 0.04 0.01 0.01 0.00 0.00 0.00 0.00 0.00 0.01 0.00 0.00 0.00 0.00 0.00 0.00 0.00 0.00 0.00 0.00 0.00 0.00 0.00 0.00 0.00 0.00 0.00 0.00 0.00 0.00 0.00 0.00 0.00 0.00 0.00 0.00 0.00 0.00 0.00 0.00 0.01 0.01 0.02 0.03 0.01 0.06 0.04 0.07 0.07 0.06 0.07 0.09 0.02 0.03 0.02 0.03
0.34 0.69 0.67 0.63 0.60 0.48 0.49 0.40 0.68 0.55 0.37 0.40 0.25 0.48 0.26 0.29 0.25 0.19 0.10 0.15 0.15 0.12 0.03 0.23 0.19 0.09 0.04 0.04 0.01 0.02 0.00 0.00 0.00 0.00 0.00 0.00 0.01 0.01 0.00 0.01 0.01 0.00 0.00 0.00 0.00 0.00 0.00 0.00 0.00 0.00 0.00 0.00 0.00 0.00 0.00 0.00 0.00 0.00 0.00 0.00 0.00 0.00 0.00 0.00 0.00 0.00 0.00 0.00 0.00 0.01 0.02 0.01 0.00 0.00 0.02 0.09 0.12 0.10 0.15 0.05 0.05 0.07 0.04 0.02
0.50 0.35 0.56 0.75 0.66 0.59 0.51 0.48 0.73 0.45 0.44 0.51 0.49 0.50 0.29 0.31 0.21 0.15 0.18 0.23 0.30 0.23 0.19 0.22 0.22 0.00 0.04 0.05 0.01 0.00 0.00 0.00 0.01 0.00 0.00 0.00 0.01 0.01 0.01 0.01 0.00 0.00 0.00 0.00 0.00 0.00 0.00 0.00 0.00 0.00 0.00 0.00 0.00 0.00 0.00 0.00 0.00 0.00 0.00 0.00 0.00 0.00 0.00 0.00 0.01 0.00 0.00 0.00 0.00 0.01 0.00 0.00 0.00 0.01 0.02 0.04 0.04 0.08 0.15 0.03 0.11 0.14 0.04 0.01
0.44 0.68 0.35 0.69 0.71 0.70 0.63 0.52 0.53 0.48 0.58 0.46 0.32 0.42 0.29 0.28 0.17 0.17 0.35 0.29 0.27 0.27 0.20 0.32 0.02 0.02 0.01 0.00 0.01 0.01 0.00 0.02 0.00 0.00 0.00 0.00 0.01 0.01 0.01 0.00 0.00 0.00 0.00 0.00 0.00 0.00 0.00 0.00 0.00 0.00 0.00 0.00 0.00 0.00 0.00 0.00 0.00 0.00 0.00 0.00 0.00 0.00 0.00 0.01 0.00 0.00 0.00 0.00 0.00 0.00 0.00 0.00 0.00 0.00 0.02 0.02 0.00 0.08 0.09 0.04 0.22 0.11 0.02 0.00
0.69 0.54 0.38 0.30 0.69 0.71 0.82 0.69 0.34 0.54 0.63 0.29 0.32 0.52 0.33 0.29 0.19 0.16 0.38 0.32 0.25 0.05 0.07 0.04 0.06 0.03 0.01 0.03 0.04 0.04 0.00 0.00 0.00 0.00 0.00 0.00 0.01 0.00 0.00 0.00 0.00 0.00 0.00 0.00 0.00 0.00 0.00 0.00 0.00 0.00 0.00 0.00 0.00 0.00 0.00 0.00 0.00 0.00 0.00 0.00 0.00 0.00 0.00 0.01 0.00 0.00 0.00 0.00 0.00 0.00 0.00 0.00 0.00 0.00 0.00 0.00 0.00 0.03 0.02 0.05 0.19 0.04 0.01 0.01
0.73 0.57 0.50 0.45 0.66 0.77 0.59 0.63 0.54 0.37 0.54 0.37 0.38 0.33 0.32 0.26 0.25 0.36 0.38 0.23 0.19 0.09 0.07 0.09 0.17 0.07 0.07 0.02 0.11 0.06 0.01 0.00 0.00 0.00 0.00 0.00 0.00 0.00 0.00 0.00 0.00 0.00 0.01 0.00 0.00 0.00 0.00 0.00 0.00 0.00 0.00 0.00 0.00 0.00 0.00 0.00 0.00 0.00 0.00 0.00 0.00 0.00 0.02 0.02 0.01 0.00 0.00 0.00 0.00 0.00 0.00 0.00 0.00 0.00 0.00 0.00 0.00 0.02 0.00 0.03 0.03 0.05 0.02 0.00
0.75 0.73 0.36 0.61 0.72 0.67 0.57 0.64 0.57 0.26 0.51 0.44 0.50 0.31 0.45 0.32 0.34 0.43 0.51 0.25 0.17 0.14 0.18 0.20 0.22 0.13 0.09 0.03 0.03 0.11 0.03 0.01 0.01 0.00 0.00 0.00 0.00 0.00 0.00 0.00 0.00 0.00 0.00 0.00 0.00 0.00 0.00 0.00 0.00 0.00 0.00 0.00 0.00 0.00 0.00 0.00 0.00 0.00 0.00 0.00 0.00 0.00 0.03 0.03 0.01 0.00 0.00 0.00 0.00 0.00 0.00 0.00 0.00 0.00 0.00 0.00 0.00 0.01 0.00 0.00 0.01 0.02 0.00 0.00
0.45 0.67 0.38 0.73 0.73 0.67 0.51 0.56 0.57 0.66 0.58 0.59 0.40 0.35 0.38 0.38 0.40 0.30 0.29 0.15 0.10 0.19 0.26 0.29 0.22 0.20 0.02 0.03 0.03 0.01 0.01 0.01 0.01 0.00 0.00 0.00 0.00 0.00 0.00 0.00 0.00 0.00 0.00 0.00 0.00 0.00 0.00 0.00 0.00 0.00 0.00 0.00 0.00 0.00 0.00 0.00 0.00 0.00 0.00 0.00 0.00 0.00 0.04 0.02 0.01 0.00 0.00 0.00 0.00 0.00 0.00 0.00 0.00 0.00 0.00 0.00 0.00 0.00 0.00 0.00 0.01 0.00 0.00 0.01
1.95 0.99 1.86 0.79 0.80 0.68 0.60 0.50 0.59 0.55 0.53 0.53 0.44 0.28 0.48 0.48 0.28 0.41 0.31 0.13 0.14 0.29 0.34 0.29 0.18 0.05 0.05 0.07 0.04 0.03 0.01 0.01 0.01 0.00 0.00 0.00 0.00 0.00 0.00 0.00 0.00 0.00 0.00 0.00 0.00 0.00 0.00 0.00 0.00 0.00 0.00 0.00 0.00 0.00 0.00 0.00 0.00 0.00 0.00 0.00 0.00 0.00 0.01 0.01 0.00 0.00 0.00 0.00 0.00 0.00 0.00 0.00 0.00 0.00 0.00 0.00 0.00 0.00 0.00 0.00 0.00 0.00 0.00 0.01
1.60 1.30 0.62 0.83 1.04 0.66 0.68 0.68 0.61 0.62 0.52 0.47 0.42 0.68 0.51 0.34 0.47 0.43 0.22 0.20 0.42 0.39 0.15 0.12 0.25 0.14 0.17 0.20 0.13 0.04 0.01 0.01 0.01 0.00 0.00 0.00 0.00 0.00 0.00 0.00 0.00 0.00 0.00 0.00 0.00 0.00 0.00 0.00 0.00 0.00 0.00 0.00 0.00 0.00 0.00 0.00 0.00 0.00 0.00 0.00 0.00 0.00 0.01 0.00 0.00 0.00 0.01 0.00 0.02 0.00 0.01 0.01 0.02 0.00 0.00 0.00 0.00 0.00 0.00 0.00 0.00 0.00 0.00 0.00
1.83 2.12 1.34 0.93 0.97 0.72 0.70 1.27 0.85 0.75 0.62 0.60 0.42 0.36 0.44 0.51 0.36 0.33 0.28 0.34 0.49 0.38 0.08 0.17 0.12 0.13 0.15 0.30 0.15 0.05 0.02 0.01 0.00 0.00 0.00 0.00 0.00 0.00 0.00 0.00 0.01 0.00 0.00 0.00 0.00 0.00 0.00 0.00 0.00 0.00 0.00 0.00 0.00 0.00 0.00 0.00 0.00 0.00 0.00 0.00 0.00 0.00 0.00 0.00 0.00 0.01 0.00 0.01 0.02 0.01 0.00 0.01 0.01 0.00 0.00 0.00 0.00 0.00 0.00 0.01 0.00 0.00 0.00 0.00
0.94 0.87 1.07 1.21 1.14 0.57 0.67 0.80 0.54 0.54 0.51 0.33 0.30 0.63 0.56 0.37 0.31 0.25 0.29 0.40 0.50 0.32 0.14 0.20 0.17 0.23 0.21 0.14 0.09 0.05 0.03 0.01 0.00 0.00 0.00 0.00 0.00 0.00 0.00 0.00 0.00 0.00 0.00 0.00 0.00 0.00 0.00 0.00 0.00 0.00 0.00 0.00 0.00 0.00 0.00 0.00 0.00 0.00 0.00 0.00 0.00 0.00 0.00 0.00 0.00 0.01 0.00 0.00 0.01 0.00 0.01 0.01 0.00 0.00 0.00 0.00 0.00 0.00 0.00 0.00 0.00 0.00 0.01 0.00
1.86 1.04 1.26 1.61 1.18 0.90 0.92 0.97 0.56 0.60 0.54 0.38 0.50 0.78 0.57 0.41 0.29 0.27 0.45 0.44 0.62 0.24 0.22 0.17 0.27 0.37 0.18 0.06 0.05 0.03 0.02 0.01 0.00 0.01 0.00 0.00 0.00 0.00 0.00 0.00 0.00 0.00 0.00 0.00 0.00 0.00 0.00 0.00 0.00 0.00 0.00 0.00 0.00 0.00 0.00 0.00 0.00 0.00 0.00 0.00 0.00 0.00 0.00 0.00 0.00 0.00 0.00 0.00 0.00 0.02 0.01 0.01 0.03 0.00 0.01 0.00 0.00 0.00 0.00 0.00 0.00 0.01 0.01 0.01
1.15 1.36 2.16 2.37 2.13 1.41 0.85 1.26 1.08 1.45 0.76 1.11 1.27 1.46 1.29 1.00 0.77 0.39 0.56 0.54 0.40 0.33 0.20 0.18 0.32 0.26 0.07 0.05 0.05 0.04 0.03 0.01 0.01 0.00 0.00 0.00 0.00 0.00 0.00 0.00 0.00 0.00 0.00 0.00 0.00 0.00 0.00 0.00 0.00 0.00 0.00 0.00 0.00 0.00 0.00 0.00 0.00 0.00 0.00 0.00 0.00 0.00 0.00 0.00 0.00 0.00 0.00 0.00 0.00 0.01 0.03 0.01 0.01 0.02 0.03 0.00 0.00 0.00 0.00 0.00 0.00 0.01 0.01 0.01
4.13 2.82 2.83 3.36 2.44 1.18 1.07 1.36 0.86 1.09 0.97 1.27 1.36 1.30 0.90 0.73 0.50 0.47 0.55 0.60 0.31 0.28 0.18 0.28 0.43 0.22 0.04 0.03 0.04 0.04 0.06 0.08 0.04 0.01 0.00 0.00 0.00 0.00 0.00 0.00 0.00 0.00 0.01 0.00 0.00 0.00 0.00 0.00 0.00 0.00 0.00 0.00 0.00 0.00 0.00 0.00 0.00 0.00 0.00 0.00 0.00 0.00 0.00 0.00 0.00 0.00 0.00 0.00 0.01 0.02 0.02 0.02 0.02 0.03 0.02 0.02 0.02 0.00 0.00 0.00 0.00 0.01 0.02 0.02
3.02 2.65 3.04 3.18 1.52 1.79 2.35 1.88 1.83 2.00 1.92 1.77 1.15 0.78 0.75 0.53 0.63 0.69 0.51 0.39 0.28 0.30 0.30 0.42 0.39 0.25 0.03 0.04 0.02 0.04 0.08 0.10 0.05 0.06 0.03 0.00 0.00 0.00 0.00 0.00 0.00 0.00 0.01 0.00 0.00 0.00 0.00 0.00 0.00 0.00 0.00 0.00 0.00 0.00 0.00 0.00 0.00 0.00 0.00 0.00 0.00 0.00 0.00 0.00 0.00 0.00 0.00 0.00 0.01 0.01 0.00 0.00 0.01 0.01 0.01 0.01 0.01 0.01 0.00 0.00 0.00 0.01 0.02 0.05
3.34 3.32 3.46 3.77 1.96 1.56 1.75 3.16 2.91 1.74 1.73 1.37 1.00 0.91 0.68 0.98 1.01 0.85 0.49 0.46 0.38 0.34 0.39 0.43 0.19 0.17 0.10 0.02 0.03 0.03 0.06 0.05 0.06 0.07 0.02 0.02 0.01 0.00 0.00 0.00 0.00 0.00 0.00 0.00 0.00 0.01 0.00 0.00 0.00 0.00 0.00 0.00 0.00 0.00 0.00 0.00 0.00 0.00 0.00 0.00 0.00 0.00 0.00 0.00 0.00 0.00 0.00 0.02 0.00 0.01 0.00 0.00 0.00 0.00 0.00 0.00 0.01 0.00 0.00 0.00 0.00 0.01 0.03 0.03
3.18 2.61 2.86 2.60 3.29 2.61 4.49 4.55 3.40 1.93 1.54 1.73 1.63 2.65 2.10 1.98 1.87 1.02 0.53 0.31 0.42 0.35 0.27 0.18 0.26 0.14 0.06 0.04 0.03 0.03 0.03 0.03 0.01 0.03 0.02 0.01 0.01 0.02 0.02 0.00 0.00 0.00 0.00 0.00 0.00 0.00 0.00 0.00 0.00 0.00 0.00 0.00 0.00 -999 0.00 0.00 0.00 0.00 0.00 0.00 0.00 0.00 0.00 0.00 0.00 0.00 0.00 0.00 0.00 0.00 0.00 0.00 0.60 0.00 0.00 0.00 0.01 0.00 0.00 0.00 0.01 0.01 0.03 0.04
3.49 2.83 4.04 4.66 2.02 2.06 3.98 5.12 4.47 2.63 2.89 2.76 2.61 2.56 2.04 1.44 1.99 1.10 0.68 0.43 0.54 0.43 0.35 0.16 0.16 0.21 0.14 0.07 0.04 0.04 0.02 0.03 0.00 0.02 0.03 0.01 0.02 0.03 0.01 0.01 0.02 0.00 0.01 0.00 0.00 0.00 0.00 0.00 0.00 0.00 0.00 0.00 0.00 0.00 -999 0.00 0.00 0.00 0.00 0.00 0.00 0.00 0.00 0.00 0.00 0.00 0.00 0.00 0.00 0.00 0.00 0.00 0.07 0.00 0.00 0.00 0.00 0.01 0.00 0.00 0.00 0.00 0.04 0.03
2.59 2.06 3.50 8.37 0.95 0.93 4.05 4.78 3.85 3.69 3.37 2.74 3.70 3.95 2.58 1.59 1.82 1.28 0.59 0.69 0.81 0.66 0.28 0.31 0.25 0.24 0.24 0.19 0.05 0.07 0.03 0.03 0.04 0.03 0.03 0.03 0.00 0.02 0.01 0.04 0.02 0.01 0.01 0.02 0.02 0.00 0.00 0.00 0.00 0.00 0.00 0.00 0.00 0.00 0.00 -999 0.00 0.00 0.00 0.00 0.00 0.00 0.00 0.00 0.00 0.00 0.00 0.00 0.00 0.00 0.00 0.00 0.22 0.00 0.00 0.00 0.00 0.00 0.00 0.00 0.01 0.00 0.01 0.03
2.52 1.67 2.10 5.32 0.81 0.94 3.67 5.15 3.46 3.15 2.83 4.08 4.17 3.62 2.40 1.64 1.78 1.33 0.64 1.56 1.04 0.56 0.35 0.15 0.23 0.39 0.36 0.24 0.08 0.04 0.06 0.05 0.02 0.03 0.08 0.04 0.03 0.01 0.01 0.03 0.02 0.02 0.03 0.02 0.05 0.00 0.00 0.00 0.00 0.00 0.00 0.00 0.00 0.00 0.00 -999 -999 0.00 0.00 0.00 0.00 0.00 0.00 0.00 0.00 0.00 0.00 0.00 0.00 0.03 0.01 0.05 0.00 0.00 0.00 0.00 0.00 0.00 0.00 0.00 0.00 0.00 0.00 0.00
1.70 1.63 1.33 1.67 1.75 1.17 1.83 3.43 2.84 4.88 4.40 3.84 4.97 3.76 2.03 2.10 2.48 1.33 1.89 2.06 1.58 0.59 0.51 0.44 0.26 0.40 0.29 0.32 0.09 0.04 0.04 0.04 0.12 0.05 0.08 0.03 0.01 0.03 0.02 0.02 0.02 0.01 0.02 0.02 0.04 0.02 0.00 0.00 0.00 0.00 0.00 0.00 0.00 0.00 0.00 0.00 -999 -999 0.00 0.00 0.00 0.00 0.00 0.00 0.00 0.00 0.00 0.00 0.00 0.04 0.04 0.04 0.00 0.00 0.00 0.00 0.00 0.00 0.00 0.00 0.00 0.00 0.01 0.02
1.63 1.14 1.47 1.24 1.69 1.77 1.83 2.39 3.33 5.21 4.17 5.97 3.82 2.28 1.53 2.93 2.25 2.24 3.21 3.75 1.83 0.74 0.42 0.56 0.35 0.28 0.30 0.26 0.08 0.06 0.04 0.17 0.11 0.05 0.07 0.03 0.02 0.04 0.03 0.05 0.03 0.03 0.04 0.02 0.02 0.03 0.02 0.01 0.00 0.00 0.00 0.00 0.00 0.00 0.00 0.00 0.00 -999 -999 0.00 0.00 0.00 0.00 0.00 0.00 0.00 0.00 0.00 0.00 0.00 0.00 0.00 0.00 0.00 0.00 0.00 0.00 0.00 0.00 0.00 0.00 0.01 0.01 0.01
1.99 1.37 0.97 0.73 1.73 1.86 2.05 2.42 3.45 3.68 3.39 5.54 3.85 2.21 2.03 2.73 2.69 3.26 3.67 2.52 2.01 1.02 0.50 0.46 0.34 0.35 0.36 0.62 0.22 0.05 0.12 0.07 0.10 0.12 0.14 0.07 0.08 0.07 0.04 0.05 0.02 0.04 0.05 0.03 0.02 0.02 0.02 0.02 0.01 0.00 0.01 0.00 0.00 0.00 0.00 0.00 0.00 0.00 -999 -999 0.00 0.00 0.00 0.00 0.00 0.00 0.00 0.00 0.00 0.00 0.00 0.00 0.00 0.00 0.00 0.00 0.00 0.00 0.00 0.00 0.00 0.01 0.01 0.01
2.71 2.02 1.46 0.90 1.78 1.39 1.67 2.12 2.24 2.25 2.19 4.06 2.82 2.98 3.53 4.09 3.45 2.97 2.89 2.17 2.29 0.80 0.57 0.51 0.37 0.46 0.60 0.46 0.11 0.06 0.10 0.10 0.11 0.14 0.15 0.14 0.19 0.12 0.06 0.07 0.06 0.06 0.06 0.04 0.03 0.03 0.03 0.05 0.03 0.00 0.01 0.05 0.00 0.00 0.00 0.00 0.00 0.00 -999 -999 -999 0.00 0.00 0.00 0.00 0.00 0.00 0.00 0.00 0.00 0.00 0.00 0.00 0.00 0.00 0.00 0.00 0.00 0.00 0.00 0.00 0.00 0.00 0.00
2.70 3.21 1.70 1.21 1.81 1.40 1.04 1.33 1.12 1.53 2.30 3.31 3.82 2.80 2.85 4.14 4.86 3.22 2.83 2.32 2.62 1.45 0.86 0.78 1.03 0.71 0.32 0.09 0.10 0.10 0.20 0.18 0.09 0.11 0.11 0.38 0.25 0.12 0.06 0.06 0.07 0.04 0.04 0.06 0.05 0.04 0.04 0.06 0.03 0.00 0.02 0.02 0.03 0.00 0.00 0.00 0.00 0.00 0.00 -999 -999 -999 0.00 0.00 0.00 0.00 0.00 0.00 0.00 0.00 0.00 0.00 0.00 0.00 0.00 0.00 0.00 0.00 0.00 0.00 0.00 0.00 0.00 0.00
3.53 5.01 4.01 2.50 2.39 1.19 0.80 1.09 1.18 1.71 1.82 2.03 3.05 1.75 2.10 2.72 4.04 2.84 3.65 2.74 3.19 1.83 2.03 2.41 2.01 0.37 0.37 0.05 0.17 0.16 0.36 0.21 0.06 0.12 0.20 0.44 0.15 0.10 0.03 0.05 0.05 0.03 0.04 0.04 0.07 0.07 0.06 0.08 0.03 0.02 0.03 0.02 0.07 0.02 0.02 0.00 0.00 0.00 0.00 0.00 -999 -999 -999 0.00 0.00 0.00 0.00 0.00 0.00 0.00 0.00 0.00 0.00 0.00 0.00 0.00 0.00 0.00 0.00 0.00 0.00 0.00 0.00 0.00
1.58 2.21 4.33 4.45 4.27 2.44 1.93 1.36 0.91 1.45 1.41 1.44 2.33 1.26 1.15 2.76 3.45 4.32 3.12 2.04 2.77 5.44 3.93 4.77 1.87 0.29 0.24 0.12 0.16 0.27 0.30 0.09 0.08 0.10 0.24 0.35 0.11 0.09 0.04 0.06 0.05 0.03 0.04 0.05 0.09 0.08 0.04 0.06 0.03 0.02 0.03 0.03 0.10 0.03 0.03 0.00 0.00 0.00 0.00 0.00 -999 -999 -999 -999 0.00 0.00 0.00 0.00 0.00 0.00 0.00 0.00 0.00 0.00 0.00 0.00 0.00 0.00 0.00 0.00 0.00 0.00 0.00 0.00
3.66 3.05 1.18 5.07 8.20 4.17 2.32 1.68 1.38 1.65 1.05 0.80 1.11 1.76 1.88 2.36 2.15 3.82 3.11 2.31 4.42 2.88 3.76 2.79 2.52 0.68 0.43 0.45 0.41 0.30 0.25 0.06 0.06 0.12 0.20 0.23 0.16 0.08 0.17 0.19 0.10 0.06 0.03 0.03 0.08 0.07 0.04 0.05 0.05 0.03 0.05 0.04 0.24 0.05 0.02 0.01 0.00 0.00 0.00 0.00 0.00 -999 -999 -999 -999 0.00 0.00 0.00 0.00 0.00 0.00 0.00 0.00 0.00 0.00 0.00 0.00 0.00 0.00 0.00 0.00 0.00 0.00 0.00
3.03 5.05 8.34 3.99 8.66 4.29 3.45 2.65 2.06 1.63 2.24 1.59 0.95 1.13 2.29 2.01 1.66 3.15 4.22 1.52 3.41 5.46 6.35 2.38 2.26 1.22 0.29 0.11 0.27 0.35 0.14 0.06 0.07 0.16 0.17 0.10 0.15 0.08 0.33 0.17 0.08 0.08 0.03 0.03 0.08 0.06 0.04 0.06 0.07 0.05 0.05 0.04 0.02 0.08 0.03 0.01 0.00 0.00 0.00 0.00 0.00 0.00 -999 -999 -999 -999 0.00 0.00 0.00 0.00 0.00 0.00 0.00 0.00 0.00 0.00 0.00 0.00 0.00 0.00 0.00 0.00 0.00 0.00
3.10 6.17 7.74 3.92 3.10 1.60 2.31 3.45 1.91 1.65 1.39 2.17 1.18 1.05 2.11 2.27 2.87 1.34 0.45 0.47 2.00 1.76 2.13 2.17 2.17 2.26 0.43 0.15 0.18 0.27 0.08 0.08 0.13 0.27 0.16 0.10 0.06 0.15 0.42 0.20 0.08 0.03 0.05 0.06 0.08 0.04 0.02 0.10 0.11 0.05 0.05 0.03 0.03 0.07 0.01 0.03 0.03 0.02 0.00 0.00 0.00 0.00 -999 -999 -999 -999 -999 0.00 0.00 0.00 0.00 0.00 0.00 0.00 0.00 0.00 0.00 0.00 0.00 0.00 0.00 0.00 0.00 0.00
1.90 2.43 2.51 4.36 5.74 2.67 4.33 4.68 1.89 0.92 2.47 3.17 1.65 1.24 3.30 0.98 1.04 0.86 0.50 1.48 1.48 0.72 2.22 1.85 1.07 1.31 0.87 0.10 0.10 0.10 0.04 0.09 0.18 0.21 0.09 0.09 0.10 0.26 0.37 0.12 0.07 0.04 0.06 0.06 0.07 0.07 0.06 0.16 0.11 0.08 0.05 0.05 0.04 0.03 0.02 0.00 0.03 0.05 0.02 0.00 0.00 0.00 0.00 -999 -999 -999 -999 -999 0.00 0.00 0.00 0.00 0.00 0.00 0.00 0.00 0.00 0.00 0.00 0.00 0.00 0.00 0.00 0.00
0.96 1.01 1.51 3.24 2.76 0.89 3.60 2.65 3.06 2.81 2.17 2.69 3.24 1.68 1.45 1.35 1.51 0.86 1.34 2.62 2.59 0.55 1.26 2.88 0.47 0.54 0.50 0.26 0.36 0.02 0.08 0.13 0.18 0.10 0.07 0.05 0.16 0.31 0.28 0.10 0.03 0.03 0.07 0.10 0.05 0.05 0.03 0.15 0.09 0.06 0.06 0.10 0.09 0.06 0.07 0.01 0.01 0.01 0.01 0.00 0.00 0.00 0.00 0.00 -999 -999 -999 -999 -999 0.00 0.00 0.00 0.00 0.00 0.00 0.00 0.00 0.00 0.00 0.00 0.00 0.00 0.00 0.00
0.66 1.66 2.39 0.69 1.94 0.59 2.95 3.92 4.16 3.27 2.81 4.30 3.83 0.37 0.74 2.51 3.32 1.25 1.82 2.43 1.54 0.80 0.82 1.11 0.48 0.07 0.19 0.61 0.05 0.03 0.05 0.07 0.15 0.09 0.05 0.09 0.15 0.26 0.09 0.04 0.01 0.05 0.13 0.10 0.04 0.03 0.12 0.12 0.05 0.05 0.07 0.09 0.10 0.07 0.04 0.01 0.03 0.01 0.00 0.00 0.00 0.00 0.00 0.00 -999 -999 -999 -999 -999 -999 0.00 0.00 0.00 0.00 0.00 0.00 0.00 0.00 0.00 0.00 0.00 0.00 0.00 0.00
0.69 0.39 3.01 0.26 0.44 0.96 1.91 1.49 3.66 5.21 3.56 3.51 1.72 0.25 1.16 2.72 1.72 2.01 1.19 1.73 1.46 1.29 0.72 0.23 0.05 0.00 0.03 0.02 0.01 0.02 0.03 0.05 0.11 0.08 0.04 0.08 0.11 0.10 0.06 0.03 0.02 0.11 0.16 0.06 0.02 0.04 0.08 0.06 0.05 0.04 0.08 0.10 0.09 0.06 0.08 0.05 0.04 0.01 0.00 0.00 0.00 0.00 0.00 0.00 0.00 -999 -999 -999 -999 -999 -999 0.00 0.00 0.00 0.00 0.00 0.00 0.00 0.00 0.00 0.00 0.00 0.00 0.00
