DATA/Ex_dossier_pluie/24h/PH_20111105210000.asc
NCOLS 95
NROWS 110
XLLCENTER 939500
YLLCENTER 1831500
CELLSIZE 1000
NODATA_VALUE -999
[rows 0 to 36 of 110, columns 0 to 82 of 95]
0.54 0.57 0.51 0.50 0.57 0.56 0.63 0.74 0.83 0.81 0.72 0.58 0.58 0.55 0.46 0.69 0.71 0.81 0.73 0.93 1.06 1.14 1.19 1.42 1.39 1.38 1.53 1.65 1.61 1.68 1.83 1.76 1.77 1.75 1.74 1.71 1.78 1.64 1.58 1.63 1.66 1.38 0.99 1.51 1.42 1.46 1.46 1.39 1.39 1.43 1.49 1.54 1.47 1.50 1.35 1.52 1.62 1.71 1.55 1.72 1.66 1.75 1.44 1.57 1.26 1.26 1.41 1.48 1.46 1.50 1.51 1.45 1.42 1.33 1.23 1.27 1.26 1.31 1.39 1.38 1.24 1.00 0.89
0.50 0.48 0.50 0.49 0.59 0.57 0.61 0.65 0.89 0.88 0.79 0.71 0.67 0.80 0.58 0.73 0.95 0.85 0.77 0.80 1.14 1.21 1.27 0.88 1.22 1.21 1.66 1.66 1.66 1.82 1.88 1.91 1.86 1.85 1.80 1.77 1.83 1.70 1.74 1.67 1.64 1.63 0.99 1.34 1.43 1.40 1.44 1.37 1.32 1.39 1.49 1.51 1.50 1.44 1.40 1.52 1.69 1.52 1.78 1.81 1.68 1.73 1.63 1.61 1.30 1.37 1.47 1.53 1.53 1.61 1.54 1.54 1.50 1.33 1.38 1.34 1.35 1.43 1.44 1.34 1.08 0.99 0.90
0.55 0.54 0.44 0.54 0.46 0.53 0.51 0.70 0.86 0.94 0.92 0.81 0.72 0.91 0.92 0.86 0.91 0.92 0.88 0.85 1.10 1.21 1.26 1.39 1.22 1.04 1.42 1.80 1.77 1.84 1.90 1.99 1.92 1.97 1.89 1.89 1.93 1.87 1.84 1.78 1.77 1.64 1.07 1.53 1.49 1.47 1.43 1.42 1.39 1.45 1.53 1.58 1.53 1.43 1.46 1.54 1.72 1.52 1.80 1.72 1.57 1.69 1.70 1.50 1.22 1.40 1.47 1.53 1.54 1.69 1.64 1.55 1.51 1.47 1.40 1.40 1.47 1.55 1.50 1.32 1.15 1.03 1.12
0.61 0.49 0.56 0.54 0.52 0.54 0.55 0.54 0.66 0.73 0.81 0.85 0.88 0.95 1.11 1.04 1.06 0.72 1.08 0.98 1.09 1.27 1.35 1.42 0.96 1.04 1.09 1.83 1.91 1.91 2.03 2.06 2.08 2.11 2.07 2.05 2.04 2.03 1.93 1.81 1.86 1.70 0.86 1.35 1.51 1.52 1.43 1.42 1.38 1.45 1.57 1.57 1.60 1.50 1.51 1.53 1.72 1.44 1.64 1.66 1.33 1.75 1.64 1.50 1.30 1.46 1.44 1.50 1.69 1.76 1.70 1.72 1.65 1.64 1.62 1.64 1.64 1.72 1.51 1.28 1.21 1.15 1.17
0.63 0.58 0.57 0.53 0.53 0.53 0.55 0.62 0.63 0.79 0.67 0.84 1.01 1.10 1.15 1.32 1.30 1.11 1.17 1.15 1.07 1.37 1.41 1.39 1.24 0.96 0.99 1.90 1.94 2.00 2.05 2.11 2.17 2.09 2.12 2.10 2.10 2.04 2.10 2.34 1.86 1.75 1.28 1.32 1.57 1.51 1.46 1.45 1.43 1.49 1.58 1.65 1.57 1.46 1.48 1.53 1.72 1.35 1.60 1.73 1.33 1.31 1.65 1.38 1.40 1.54 1.54 1.61 1.81 1.81 1.80 1.71 1.71 1.70 1.67 1.69 1.78 1.72 1.53 1.35 1.28 1.32 1.23
0.73 0.70 0.56 0.52 0.55 0.53 0.60 0.60 0.64 0.70 0.82 0.81 0.91 1.26 1.32 1.45 1.39 1.42 1.11 1.10 1.29 1.48 1.43 1.34 1.47 1.04 0.86 1.59 2.03 2.09 2.14 2.05 2.25 2.16 2.23 2.19 2.23 2.20 2.12 2.84 2.70 1.88 1.72 1.40 1.58 1.56 1.52 1.49 1.46 1.51 1.59 1.62 1.62 1.49 1.51 1.55 1.81 1.72 1.73 1.63 1.54 1.81 1.63 1.43 1.60 1.55 1.67 1.84 1.81 1.87 1.78 1.63 1.66 1.71 1.66 1.83 1.88 1.65 1.45 1.38 1.42 1.47 1.44
0.75 0.78 0.65 0.50 0.63 0.60 0.59 0.67 0.56 0.77 0.84 0.92 1.05 1.18 1.38 1.40 1.50 1.65 1.52 1.39 1.24 1.27 1.54 1.44 1.47 1.32 0.95 0.98 2.03 2.13 2.20 2.08 2.24 2.33 2.19 2.22 2.28 2.22 2.29 2.46 2.78 1.87 1.81 1.17 1.66 1.53 1.58 1.50 1.49 1.49 1.52 1.64 1.59 1.50 1.46 1.62 1.71 1.27 1.15 1.52 1.51 1.64 1.51 1.39 1.51 1.59 1.70 1.92 1.98 1.84 1.74 1.69 1.61 1.66 1.75 1.91 1.82 1.51 1.46 1.48 1.52 1.52 1.47
0.74 0.61 0.65 0.55 0.56 0.57 0.51 0.60 0.61 0.70 0.73 0.95 0.99 1.26 1.43 1.44 1.65 1.75 1.74 1.77 1.79 1.61 1.74 1.62 1.60 1.55 1.13 0.98 1.86 2.12 2.12 2.24 2.33 2.39 2.40 2.50 2.28 2.31 2.25 2.42 2.96 2.05 1.83 0.80 1.63 1.57 1.57 1.50 1.46 1.55 1.63 1.67 1.61 1.48 1.55 1.67 1.27 1.57 1.67 1.31 1.46 1.66 1.39 1.46 1.57 1.65 1.80 1.93 1.89 1.93 1.65 1.57 1.70 1.67 1.84 1.87 1.70 1.52 1.52 1.49 1.50 1.51 1.35
0.70 0.80 0.70 0.78 0.58 0.54 0.53 0.65 0.66 0.72 0.78 0.89 1.04 1.24 1.45 1.58 1.75 1.83 1.94 1.94 1.80 1.92 1.27 1.69 1.61 1.61 1.29 0.99 1.66 3.15 2.48 2.27 2.40 2.52 2.55 2.40 2.37 2.29 2.37 2.42 4.38 2.12 1.81 0.70 1.80 1.61 1.61 1.55 1.43 1.54 1.60 1.60 1.60 1.46 1.55 1.72 1.46 1.10 1.45 1.50 1.35 1.67 1.39 1.46 1.54 1.66 1.83 1.92 1.81 1.77 1.60 1.66 1.70 1.91 1.99 1.74 1.69 1.56 1.49 1.54 1.54 1.39 1.31
0.86 0.91 0.76 0.63 0.50 0.44 0.63 0.64 0.66 0.79 0.83 0.94 1.06 1.22 1.43 1.62 1.87 1.91 1.97 2.06 1.99 1.97 1.92 1.28 1.91 1.73 1.85 1.03 1.46 4.95 2.93 2.27 2.37 2.52 2.51 2.48 2.42 2.40 2.35 2.31 4.30 3.06 2.09 1.19 1.14 1.73 1.59 1.57 1.43 1.51 1.62 1.59 1.58 1.49 1.57 1.79 1.47 1.17 1.57 1.49 1.46 1.58 1.37 1.51 1.56 1.62 1.76 1.84 1.66 1.61 1.63 1.73 1.76 1.78 1.80 1.69 1.51 1.56 1.47 1.48 1.46 1.34 1.39
0.80 0.83 0.61 0.63 0.58 0.46 0.66 0.73 0.83 0.90 0.91 0.92 1.03 1.17 1.38 1.65 1.79 1.72 1.92 2.13 2.15 2.16 1.93 1.92 2.09 2.10 2.04 1.88 1.26 1.36 1.31 2.88 3.24 4.33 2.67 2.63 2.54 2.53 2.44 2.70 4.40 3.04 2.19 1.68 1.41 1.66 1.65 1.52 1.56 1.55 1.69 1.60 1.57 1.44 1.63 1.26 1.22 1.46 0.87 1.32 1.51 1.51 1.45 1.46 1.55 1.71 1.77 1.77 1.72 1.56 1.63 1.71 1.82 1.78 1.56 1.56 1.43 1.46 1.52 1.49 1.41 1.36 1.41
0.55 0.96 0.65 0.62 0.69 0.65 0.56 0.55 0.79 0.93 0.85 0.90 0.98 1.17 1.25 1.50 1.80 1.99 1.99 2.18 2.34 2.22 2.48 2.21 2.36 2.35 2.12 2.17 0.86 1.02 1.39 2.58 2.53 1.96 1.33 2.71 2.64 2.62 2.50 2.97 3.98 3.50 2.34 1.59 1.04 1.70 1.68 1.63 1.52 1.59 1.71 1.66 1.59 1.51 1.66 1.32 1.76 1.33 1.16 1.17 1.49 1.36 1.49 1.47 1.55 1.77 1.77 1.83 1.69 1.60 1.61 1.71 1.77 1.85 1.49 1.36 1.38 1.39 1.42 1.42 1.48 1.51 1.50
0.79 0.75 0.99 0.67 0.56 0.66 0.68 0.60 0.71 0.86 0.95 0.88 1.09 1.07 1.09 1.37 1.71 1.95 2.07 2.10 2.35 2.36 2.46 2.64 2.46 2.43 2.44 2.38 1.57 0.79 1.04 1.29 2.56 3.03 2.66 2.41 2.71 2.67 2.63 2.88 3.73 3.51 2.40 2.11 0.98 1.50 1.69 1.67 1.54 1.63 1.73 1.70 1.49 1.52 1.64 0.87 1.31 1.18 1.07 1.11 1.59 1.38 1.46 1.54 1.58 1.82 1.73 1.71 1.62 1.54 1.54 1.76 1.82 1.61 1.37 1.42 1.48 1.39 1.37 1.41 1.49 1.53 1.48
0.83 0.73 0.72 0.88 0.63 0.65 0.72 0.88 0.70 0.55 0.92 0.61 0.99 1.12 1.15 1.36 1.42 1.79 2.02 2.23 2.40 2.44 2.57 2.66 2.63 2.50 2.43 2.53 2.30 1.24 1.04 1.53 2.65 2.24 3.15 2.78 2.86 2.74 2.68 2.61 2.68 2.71 3.31 2.00 1.41 1.56 1.72 1.69 1.61 1.65 1.74 1.70 1.57 1.56 1.75 1.21 1.31 1.15 1.36 1.30 1.49 1.36 1.47 1.57 1.73 1.77 1.76 1.60 1.58 1.55 1.66 1.59 1.70 1.42 1.45 1.50 1.52 1.39 1.35 1.44 1.46 1.43 1.29
1.14 0.85 0.88 0.67 0.72 0.79 0.75 0.80 0.72 0.79 0.89 0.91 1.10 1.07 1.15 1.38 1.51 1.68 2.02 2.16 2.28 2.31 2.59 2.71 2.87 2.68 2.74 2.73 2.38 1.05 0.64 0.99 2.05 2.36 2.64 2.90 2.91 2.81 2.65 2.67 2.76 5.23 3.29 2.22 1.33 1.35 1.84 1.77 1.66 1.64 1.71 1.68 1.55 1.62 1.78 0.91 1.25 1.42 1.55 1.64 1.42 1.51 1.51 1.60 1.79 1.77 1.66 1.53 1.57 1.56 1.61 1.66 1.55 1.45 1.50 1.52 1.37 1.36 1.43 1.41 1.39 1.42 1.26
1.43 1.20 0.86 0.91 0.81 0.69 0.73 0.89 0.79 0.67 0.84 1.08 1.07 1.07 1.18 1.22 1.40 1.51 1.86 2.12 2.31 2.62 2.60 2.76 2.91 3.05 2.95 2.84 2.67 2.32 0.99 0.72 1.02 2.70 1.75 2.16 2.71 2.76 2.86 2.83 2.96 3.13 2.65 2.20 1.68 1.31 1.92 1.86 1.63 1.68 1.70 1.68 1.57 1.65 1.76 1.43 1.59 1.48 1.04 1.55 1.44 1.52 1.54 1.70 1.79 1.80 1.67 1.57 1.58 1.62 1.51 1.50 1.47 1.41 1.46 1.46 1.37 1.37 1.43 1.46 1.45 1.27 1.19
0.99 1.26 1.16 0.73 0.98 0.88 0.67 0.76 0.76 0.72 0.82 1.41 1.27 0.63 1.01 1.12 1.38 1.43 1.63 1.95 2.20 2.84 3.43 3.00 2.95 3.09 3.01 3.02 2.78 2.37 1.08 0.83 1.15 2.49 2.49 2.17 2.57 2.74 2.84 2.73 2.70 2.23 2.36 2.22 1.88 0.77 1.93 1.93 1.72 1.65 1.71 1.66 1.56 1.67 1.56 1.63 1.19 1.80 1.58 1.53 1.54 1.59 1.59 1.76 1.84 1.74 1.73 1.74 1.67 1.26 1.74 1.50 1.47 1.44 1.49 1.35 1.33 1.49 1.40 1.43 1.43 1.27 1.24
1.04 0.94 1.21 1.23 0.91 1.04 0.86 0.76 0.68 0.82 1.17 4.19 2.08 0.54 0.48 0.96 1.27 1.32 1.55 1.77 2.03 2.26 2.75 3.11 2.84 2.95 3.07 3.16 3.18 2.80 2.89 1.67 1.46 1.95 1.83 2.90 2.52 2.49 2.61 2.77 2.55 2.51 2.51 2.12 1.83 1.19 1.92 1.88 1.71 1.73 1.79 1.70 1.57 1.70 1.17 1.68 1.25 1.94 1.35 1.51 1.63 1.65 1.74 1.85 1.83 1.69 1.71 1.80 1.71 1.41 1.58 1.48 1.49 1.49 1.39 1.38 1.36 1.45 1.44 1.40 1.23 1.25 1.28
1.02 1.09 0.83 0.93 1.03 1.29 1.02 0.89 0.90 1.06 1.43 2.08 1.23 0.52 0.68 1.31 1.99 1.39 1.49 2.01 1.89 2.04 2.29 2.93 3.10 3.47 2.84 3.24 3.33 3.25 3.14 1.99 2.92 3.49 3.26 1.75 2.42 2.49 2.57 2.44 2.62 3.08 2.41 2.20 2.05 1.72 1.90 1.81 1.70 1.72 1.78 1.70 1.56 1.67 1.66 1.02 1.24 1.84 1.59 1.52 1.60 1.68 1.78 1.85 1.85 1.75 1.88 1.84 1.25 1.39 1.48 1.53 1.62 1.50 1.38 1.43 1.48 1.48 1.43 1.30 1.25 1.28 1.24
1.07 1.05 0.82 0.77 1.00 1.16 1.11 1.08 1.18 0.92 1.38 1.41 1.38 0.65 0.79 1.84 1.12 1.23 1.53 1.65 2.64 1.65 2.07 2.36 3.32 3.02 2.93 2.88 3.26 3.49 3.14 3.15 1.68 2.12 3.22 5.18 3.70 1.27 3.94 2.75 2.66 2.23 1.85 2.29 2.13 1.08 1.89 1.76 1.69 1.87 1.93 1.82 1.54 1.71 1.68 1.65 1.42 1.92 0.83 1.07 1.66 1.68 1.87 1.82 1.80 1.93 1.94 1.25 1.04 1.68 1.58 1.76 1.68 1.47 1.34 1.46 1.43 1.42 1.35 1.27 1.22 1.18 1.20
0.87 0.85 0.86 0.97 1.00 1.11 1.28 0.98 1.00 1.52 1.17 1.45 1.65 0.98 1.25 1.20 1.52 1.41 1.62 3.14 1.47 0.61 0.97 2.15 3.29 3.42 3.15 2.78 3.10 3.14 3.41 3.00 1.68 1.83 2.44 7.03 6.45 2.83 4.89 2.58 2.56 2.65 2.34 1.82 1.99 1.18 1.84 1.73 1.66 1.88 4.30 2.43 1.68 1.90 1.98 1.19 1.66 1.42 1.15 1.61 1.87 1.78 1.93 1.90 1.85 2.00 2.16 1.52 1.45 1.64 1.77 1.88 1.80 1.56 1.43 1.54 1.41 1.31 1.26 1.25 1.13 1.19 1.16
0.88 0.76 0.78 0.90 0.91 1.00 0.85 1.16 1.17 1.41 1.22 2.18 2.72 2.72 1.44 1.27 0.96 0.77 1.17 1.59 2.26 1.38 0.46 1.88 2.39 4.05 3.23 3.07 2.72 2.87 3.30 3.15 3.43 2.02 1.86 3.69 6.11 3.47 6.63 4.73 2.68 2.33 2.60 2.40 2.34 2.29 1.86 1.81 1.65 1.71 1.76 1.75 1.78 3.05 2.60 1.43 1.91 2.26 2.65 2.46 2.27 1.85 1.93 1.89 1.92 2.03 1.32 1.51 1.86 1.99 2.01 1.88 1.84 1.74 1.66 1.45 1.35 1.24 1.24 1.16 1.17 1.19 1.09
0.81 0.61 0.72 0.69 0.92 1.04 0.96 0.87 1.12 0.94 1.07 1.12 2.03 7.88 6.99 2.08 1.29 0.94 1.52 1.42 1.55 5.45 1.66 0.64 1.55 2.46 3.39 2.84 2.60 2.86 3.14 3.41 3.16 1.55 1.69 2.18 6.46 5.84 5.58 6.49 6.88 3.89 2.43 2.01 2.53 2.53 2.19 1.99 1.78 1.71 1.72 1.62 1.71 2.22 4.09 1.78 1.75 1.64 2.45 2.66 2.27 2.26 2.17 1.88 1.93 2.13 1.60 1.99 1.97 2.02 2.17 2.01 2.04 2.02 1.70 1.47 1.30 1.29 1.24 1.24 1.26 1.23 1.02
0.72 0.88 0.63 0.60 0.95 0.89 1.10 0.89 0.79 1.33 1.77 1.95 2.28 4.97 12.56 12.46 5.34 1.48 1.56 1.58 1.81 3.57 8.45 2.78 1.37 1.03 3.24 3.12 2.52 2.67 2.93 3.14 2.76 2.73 3.53 3.32 3.37 3.22 3.57 5.55 6.52 6.40 3.97 2.31 2.42 2.58 2.30 2.06 1.88 1.72 1.67 1.54 1.59 1.93 1.88 1.86 2.00 2.19 2.39 3.05 2.48 2.63 2.32 2.29 2.07 1.69 1.28 1.90 2.05 2.04 2.07 2.13 2.13 2.03 1.78 1.47 1.44 1.24 1.28 1.28 1.27 1.14 1.15
0.71 0.69 0.82 0.71 0.83 0.98 0.68 0.76 0.83 1.94 2.16 3.28 5.82 4.87 12.01 22.93 17.90 7.90 2.49 2.97 3.02 3.99 15.54 12.37 2.75 0.49 2.54 3.12 2.21 2.49 2.53 2.53 2.66 3.01 2.49 2.65 3.51 2.87 2.12 2.43 3.14 6.26 4.70 4.65 2.38 2.57 1.76 2.01 1.94 1.84 1.79 1.62 1.61 1.77 1.89 1.93 2.01 2.03 2.27 2.94 2.91 2.57 2.54 2.36 2.01 2.20 2.20 1.96 2.07 2.01 1.96 2.18 1.93 1.93 1.70 1.70 1.49 1.50 1.27 1.28 1.27 0.71 1.10
0.78 0.75 0.82 0.60 0.65 0.73 1.48 0.76 0.67 2.45 7.64 1.15 2.97 5.42 4.76 8.77 16.99 17.58 15.62 7.85 7.77 10.50 14.31 22.94 20.24 7.99 2.08 2.11 2.16 2.16 2.20 2.45 2.90 2.80 2.90 2.77 2.37 3.51 2.00 2.17 2.88 2.72 3.24 4.90 2.41 0.59 1.71 1.82 1.73 1.68 1.66 1.51 1.76 1.48 1.79 1.75 2.04 1.92 1.87 2.35 2.15 2.07 2.57 2.46 2.37 1.31 2.81 2.44 2.30 1.85 1.99 1.85 1.77 1.81 1.86 1.83 1.61 1.50 1.30 1.18 1.21 0.63 1.16
1.10 0.86 0.69 0.70 0.51 0.56 0.63 1.66 1.45 1.53 4.72 2.48 2.00 1.83 6.59 5.30 7.68 18.99 17.14 10.65 9.65 11.90 10.65 13.40 15.16 5.49 7.97 5.47 3.45 2.53 2.36 2.46 2.53 3.01 2.96 3.45 3.28 2.69 2.27 2.81 2.52 2.38 2.26 10.77 10.00 0.97 1.68 1.86 2.28 2.34 2.46 2.01 2.33 2.13 1.76 1.27 0.71 1.04 1.75 2.13 1.96 1.96 2.01 2.20 2.31 0.55 2.44 3.17 2.45 2.27 1.97 2.00 1.90 1.98 1.84 1.87 1.72 1.35 1.08 1.03 1.24 1.33 1.04
0.44 0.61 1.10 0.66 0.70 0.59 0.65 0.59 1.23 2.36 1.67 2.20 2.97 2.44 2.40 6.42 6.33 8.37 10.13 10.15 9.61 9.64 7.89 5.91 1.79 3.26 5.72 16.37 7.17 2.93 2.10 2.18 2.13 2.89 3.23 8.29 6.05 2.81 2.72 2.73 8.30 2.36 3.00 4.07 3.23 1.77 1.16 2.50 2.39 2.46 2.54 2.27 2.37 2.21 2.08 3.65 1.95 1.27 0.30 0.40 1.89 2.00 2.05 2.08 2.25 2.21 2.12 2.16 2.51 2.63 1.94 1.85 1.84 1.90 1.77 1.74 1.73 1.40 1.30 1.20 1.60 1.51 1.21
2.49 1.22 0.44 0.81 1.14 0.59 0.71 0.34 0.41 1.13 1.86 1.87 1.65 2.15 8.83 5.44 4.95 7.60 7.86 8.53 10.50 8.35 8.29 8.48 2.11 2.28 12.39 13.05 15.11 8.79 13.88 3.67 3.84 3.22 5.41 9.05 10.65 9.60 3.05 4.29 11.36 3.77 4.70 2.33 3.19 2.26 2.12 2.33 2.43 2.40 1.43 1.17 1.59 1.61 2.29 3.58 3.10 1.37 0.32 0.64 1.94 1.95 2.00 3.52 1.91 2.07 2.13 2.44 3.05 2.49 2.60 2.08 1.90 1.69 1.63 1.58 1.23 1.46 1.68 1.59 1.97 1.50 1.35
2.92 2.75 2.49 1.17 0.59 0.86 1.37 0.61 0.84 0.73 1.58 0.90 1.52 2.94 2.67 7.85 9.78 4.95 7.57 9.00 10.69 14.99 10.85 9.79 10.15 7.79 10.38 13.26 16.83 18.51 8.68 15.11 8.27 5.92 7.51 6.52 15.22 11.97 10.41 2.80 2.80 2.64 4.25 4.56 2.18 2.38 2.24 2.19 2.26 2.27 1.19 1.34 2.13 1.29 3.03 5.72 2.83 0.70 0.77 1.74 0.67 1.35 1.22 0.42 1.90 2.46 2.22 2.84 2.78 2.74 2.67 2.04 2.01 1.82 1.48 1.58 1.34 1.77 2.16 2.13 1.58 1.22 1.36
2.24 2.79 2.85 3.12 2.32 1.27 0.62 0.91 1.54 0.38 0.51 2.41 1.82 3.46 1.91 1.41 5.62 13.14 7.54 8.77 10.28 13.26 13.21 12.45 11.16 11.10 10.56 9.67 21.05 22.02 18.67 8.14 13.59 7.50 3.08 3.52 7.85 13.43 10.95 12.64 4.71 2.75 3.16 3.62 2.64 2.54 2.37 2.23 2.29 2.36 2.09 2.09 2.47 2.08 3.93 6.61 3.37 0.75 1.92 1.67 1.38 1.92 1.69 1.69 0.99 2.04 2.54 2.43 2.78 2.68 4.72 2.51 2.01 1.86 2.07 1.97 1.80 2.68 2.24 1.62 1.61 3.07 2.84
1.75 2.43 1.77 2.50 2.88 2.72 2.26 1.03 0.51 1.73 2.48 2.53 0.67 1.96 1.98 4.90 4.17 2.29 10.81 11.21 9.80 13.30 15.95 17.80 13.12 12.05 13.38 11.20 8.22 15.28 19.07 17.09 16.05 6.61 3.39 2.46 2.14 7.79 6.85 6.43 11.08 9.83 3.49 3.57 4.01 2.69 2.61 2.43 2.78 1.46 2.27 2.13 2.39 1.79 3.37 5.10 2.23 0.57 1.75 2.12 2.15 2.05 2.17 1.91 1.00 1.10 2.19 2.18 2.11 2.38 2.14 4.61 1.43 2.03 2.22 2.03 2.85 1.93 1.46 4.30 3.93 3.46 1.20
4.11 2.72 2.49 2.48 1.86 2.57 3.67 3.35 2.66 2.50 1.55 1.20 0.37 1.81 1.94 2.29 2.20 2.40 2.80 8.76 13.95 12.60 19.84 18.58 15.23 13.99 14.25 14.06 9.04 7.10 13.22 18.28 16.63 14.69 3.97 2.04 1.18 3.49 8.55 3.72 2.73 5.75 4.23 3.23 4.98 2.60 2.71 2.88 1.76 1.22 1.81 0.78 1.10 2.36 5.12 5.86 1.53 2.14 1.75 1.80 2.11 2.08 2.18 2.03 2.03 1.85 2.10 2.26 2.20 2.12 1.79 1.61 1.67 2.01 1.82 2.77 1.71 2.27 4.64 4.87 2.85 2.20 1.93
4.12 5.51 4.83 3.72 3.14 3.12 3.91 3.81 3.97 1.79 2.26 1.84 1.26 0.94 1.35 2.63 2.31 2.32 2.28 6.38 5.64 13.43 14.00 19.64 20.61 19.28 17.97 16.93 12.02 5.50 2.20 2.34 8.70 13.01 9.41 4.43 3.06 2.47 7.63 2.73 2.84 2.79 5.26 3.47 4.01 5.68 2.72 2.75 1.23 0.56 0.88 0.62 1.43 1.76 3.80 2.59 1.16 1.82 0.36 1.63 2.32 2.25 2.23 2.30 2.37 2.10 2.28 2.25 2.37 2.00 1.95 1.76 1.92 1.83 1.74 1.70 3.42 3.17 4.59 3.20 2.10 6.19 6.81
1.78 3.10 4.94 6.22 6.88 7.49 6.28 5.58 5.49 4.79 6.50 9.08 9.82 4.79 2.21 3.37 2.33 2.65 2.20 5.24 8.87 9.68 12.24 17.30 23.01 23.77 19.39 8.56 17.96 11.71 2.67 2.32 2.39 15.92 13.16 3.95 3.15 2.89 4.09 2.94 2.93 4.57 6.33 4.41 4.07 5.01 3.45 2.88 2.40 2.77 1.90 2.20 1.77 2.30 3.09 1.88 1.73 1.26 1.54 2.07 2.56 2.22 2.39 2.58 2.11 2.10 2.09 2.33 2.32 2.36 2.32 1.86 1.67 1.81 1.55 1.72 3.79 3.07 1.99 3.71 4.35 7.95 15.49
1.40 1.56 2.34 2.49 5.28 9.00 11.03 9.98 8.31 8.06 9.46 12.04 15.17 19.79 2.34 2.38 2.23 2.26 2.24 4.38 6.75 10.45 13.91 13.03 20.35 25.95 18.56 1.94 3.04 3.31 2.14 2.21 2.40 4.38 16.14 2.79 3.21 3.32 4.11 3.21 2.98 7.62 5.64 4.19 3.95 4.68 3.84 3.53 2.18 2.45 2.54 2.89 2.72 2.33 2.72 1.51 1.74 0.28 1.42 2.35 2.64 2.60 2.72 2.44 2.49 2.40 2.55 2.41 2.35 2.48 2.56 1.94 1.98 2.00 1.35 1.53 1.06 1.43 3.12 7.97 11.15 8.24 11.39
1.32 1.35 1.38 2.00 3.39 3.51 3.50 6.70 8.17 10.68 17.59 17.30 15.69 13.87 2.04 2.14 2.29 2.26 2.54 2.58 5.42 6.73 10.34 18.39 14.42 18.41 27.43 6.31 2.07 2.31 1.98 2.10 2.17 11.81 2.47 2.67 2.97 3.43 3.45 3.35 2.93 4.15 5.72 3.90 3.20 3.76 3.93 4.67 1.72 1.81 1.77 1.89 1.85 1.92 2.19 1.36 0.88 0.76 1.95 2.86 3.64 2.78 2.57 3.63 2.32 2.74 2.72 2.78 2.71 2.41 1.29 1.55 2.81 2.23 0.90 1.42 2.76 6.78 6.69 4.91 7.04 8.37 8.41
