DATA/Ex_dossier_pluie/24h/PH_20111105180000.asc
NCOLS 95
NROWS 110
XLLCENTER 939500
YLLCENTER 1831500
CELLSIZE 1000
NODATA_VALUE -999
[rows 0 to 37 of 110, columns 0 to 83 of 95]
0.01 0.00 0.00 0.00 0.00 0.00 0.00 0.00 0.01 0.01 0.00 0.00 0.00 0.04 0.06 0.10 0.06 0.12 0.11 0.13 0.13 0.15 0.18 0.16 0.16 0.28 0.21 0.26 0.27 0.27 0.29 0.25 0.31 0.24 0.12 0.13 0.22 0.20 0.25 0.22 0.23 0.23 0.16 0.12 0.17 0.11 0.14 0.15 0.19 0.18 0.15 0.13 0.16 0.20 0.29 0.39 0.52 0.68 0.80 0.69 0.44 0.65 0.56 0.49 0.51 0.38 0.38 0.43 0.53 0.55 0.59 0.64 0.60 0.67 0.74 0.92 1.09 0.79 0.69 0.80 0.77 0.89 0.79 0.73
0.00 0.00 0.00 0.00 0.00 0.00 0.00 0.00 0.00 0.00 0.00 0.01 0.02 0.03 0.05 0.09 0.11 0.16 0.15 0.13 0.15 0.18 0.18 0.17 0.13 0.25 0.25 0.28 0.23 0.20 0.23 0.27 0.31 0.26 0.24 0.16 0.16 0.20 0.22 0.21 0.17 0.14 0.17 0.11 0.19 0.16 0.21 0.21 0.20 0.14 0.19 0.12 0.10 0.13 0.14 0.24 0.43 0.52 0.71 0.64 0.36 0.61 0.59 0.35 0.50 0.45 0.48 0.46 0.52 0.63 0.56 0.55 0.62 0.60 0.64 0.80 0.87 0.64 0.78 0.78 0.73 0.89 0.95 0.87
0.01 0.00 0.00 0.01 0.01 0.01 0.00 0.00 0.00 0.00 0.02 0.02 0.01 0.03 0.05 0.11 0.15 0.18 0.19 0.13 0.19 0.17 0.20 0.14 0.22 0.25 0.22 0.18 0.18 0.16 0.28 0.33 0.38 0.34 0.33 0.21 0.25 0.17 0.19 0.13 0.09 0.22 0.13 0.11 0.15 0.15 0.14 0.17 0.19 0.12 0.18 0.25 0.27 0.14 0.08 0.16 0.29 0.48 0.67 0.36 0.57 0.51 0.43 0.65 0.44 0.44 0.45 0.52 0.56 0.65 0.64 0.66 0.63 0.59 0.63 0.67 0.74 0.71 0.82 0.63 0.76 0.80 0.96 1.00
0.03 0.01 0.02 0.04 0.05 0.02 0.00 0.00 0.00 0.00 0.02 0.02 0.00 0.03 0.01 0.03 0.10 0.12 0.23 0.18 0.19 0.12 0.12 0.27 0.15 0.17 0.34 0.20 0.19 0.20 0.21 0.33 0.33 0.28 0.30 0.37 0.23 0.13 0.12 0.18 0.18 0.26 0.19 0.15 0.14 0.17 0.18 0.20 0.19 0.13 0.16 0.22 0.18 0.20 0.15 0.15 0.20 0.23 0.41 0.45 0.49 0.60 0.75 0.64 0.49 0.45 0.41 0.45 0.53 0.61 0.57 0.67 0.79 0.64 0.66 0.68 0.68 0.74 0.80 0.89 0.76 0.75 0.79 0.90
0.00 0.02 0.02 0.02 0.05 0.05 0.00 0.00 0.00 0.00 0.00 0.00 0.01 0.03 0.05 0.07 0.10 0.19 0.26 0.24 0.23 0.27 0.18 0.19 0.11 0.13 0.20 0.25 0.22 0.23 0.22 0.25 0.18 0.23 0.25 0.30 0.26 0.15 0.16 0.25 0.21 0.20 0.21 0.19 0.17 0.15 0.15 0.21 0.24 0.25 0.32 0.27 0.22 0.18 0.19 0.14 0.17 0.17 0.14 0.42 0.45 0.51 0.70 0.59 0.53 0.54 0.55 0.51 0.53 0.60 0.54 0.63 0.73 0.79 0.74 0.84 0.78 0.78 0.75 0.79 0.62 0.70 0.61 0.84
0.01 0.02 0.03 0.08 0.11 0.01 0.02 0.02 0.02 0.03 0.05 0.03 0.03 0.05 0.07 0.12 0.15 0.23 0.29 0.29 0.23 0.28 0.26 0.20 0.17 0.14 0.22 0.22 0.23 0.25 0.28 0.29 0.30 0.38 0.29 0.35 0.26 0.25 0.25 0.29 0.22 0.26 0.25 0.24 0.26 0.18 0.23 0.17 0.22 0.21 0.25 0.30 0.27 0.21 0.19 0.20 0.26 0.25 0.21 0.28 0.38 0.21 0.60 0.50 0.56 0.61 0.66 0.70 0.53 0.54 0.57 0.51 0.58 0.77 0.85 0.91 0.81 0.63 0.75 0.77 0.70 0.68 0.73 0.89
0.01 0.02 0.03 0.06 0.06 0.00 0.04 0.07 0.08 0.09 0.09 0.08 0.07 0.05 0.07 0.10 0.24 0.31 0.34 0.36 0.24 0.25 0.26 0.14 0.18 0.14 0.14 0.15 0.21 0.27 0.33 0.24 0.31 0.33 0.29 0.40 0.28 0.25 0.28 0.38 0.33 0.17 0.34 0.31 0.30 0.27 0.18 0.20 0.25 0.29 0.32 0.41 0.37 0.24 0.20 0.18 0.19 0.16 0.41 0.27 0.35 0.23 0.41 0.40 0.49 0.65 0.67 0.76 0.61 0.52 0.48 0.55 0.60 0.65 0.71 0.79 0.76 0.72 0.75 0.69 0.79 0.76 0.66 0.74
0.03 0.04 0.02 0.03 0.07 0.03 0.06 0.12 0.15 0.11 0.05 0.12 0.11 0.09 0.12 0.12 0.15 0.21 0.27 0.26 0.26 0.23 0.21 0.25 0.20 0.26 0.10 0.13 0.25 0.15 0.22 0.33 0.32 0.22 0.29 0.36 0.32 0.35 0.40 0.39 0.23 0.18 0.43 0.38 0.39 0.32 0.23 0.34 0.34 0.37 0.36 0.36 0.31 0.19 0.19 0.26 0.28 0.34 0.30 0.46 0.38 0.27 0.24 0.26 0.35 0.54 0.65 0.71 0.71 0.61 0.52 0.54 0.59 0.59 0.66 0.80 0.82 0.80 0.79 0.70 0.69 0.72 0.73 0.82
0.06 0.03 0.01 0.02 0.01 0.02 0.07 0.12 0.06 0.07 0.04 0.13 0.13 0.15 0.12 0.18 0.15 0.20 0.17 0.16 0.21 0.29 0.26 0.31 0.29 0.38 0.14 0.15 0.23 0.16 0.96 0.44 0.31 0.29 0.33 0.32 0.30 0.30 0.38 0.38 0.31 0.27 0.44 0.50 0.48 0.29 0.27 0.34 0.39 0.40 0.39 0.41 0.37 0.22 0.22 0.33 0.28 0.31 0.30 0.46 0.26 0.30 0.24 0.26 0.31 0.49 0.58 0.67 0.74 0.76 0.68 0.65 0.54 0.55 0.67 0.70 0.58 0.72 0.73 0.81 0.69 0.73 0.73 0.90
0.05 0.01 0.04 0.06 0.06 0.06 0.07 0.05 0.04 0.12 0.18 0.14 0.13 0.19 0.14 0.18 0.16 0.17 0.16 0.09 0.12 0.24 0.27 0.35 0.40 0.28 0.19 0.15 0.15 0.21 3.13 0.24 0.36 0.54 0.50 0.33 0.29 0.33 0.42 0.36 0.35 0.31 0.35 0.48 0.56 0.55 0.39 0.44 0.42 0.41 0.44 0.42 0.26 0.27 0.31 0.36 0.39 0.19 0.36 0.50 0.39 0.35 0.26 0.29 0.28 0.39 0.46 0.58 0.67 0.75 0.70 0.71 0.56 0.44 0.64 0.56 0.55 0.65 0.69 0.70 0.68 0.69 0.71 0.73
0.02 0.04 0.02 0.11 0.07 0.05 0.06 0.04 0.09 0.20 0.21 0.13 0.13 0.14 0.21 0.16 0.17 0.14 0.17 0.13 0.14 0.20 0.26 0.24 0.26 0.30 0.24 0.29 0.24 0.31 0.31 0.35 0.60 0.43 0.51 0.37 0.35 0.20 0.27 0.42 0.30 0.40 0.30 0.52 0.62 0.53 0.45 0.53 0.53 0.53 0.61 0.36 0.26 0.30 0.37 0.36 0.31 0.36 0.52 0.60 0.49 0.43 0.40 0.34 0.36 0.41 0.48 0.51 0.60 0.60 0.70 0.90 0.83 0.57 0.43 0.51 0.51 0.54 0.55 0.67 0.68 0.64 0.71 0.74
0.04 0.06 0.09 0.12 0.07 0.08 0.05 0.05 0.07 0.20 0.17 0.20 0.13 0.14 0.24 0.09 0.14 0.21 0.21 0.13 0.12 0.11 0.22 0.22 0.20 0.35 0.36 0.29 0.38 0.29 0.28 0.25 0.27 0.23 0.24 0.62 0.33 0.22 0.26 0.36 0.32 0.49 0.34 0.46 0.54 0.55 0.50 0.51 0.52 0.52 0.53 0.47 0.42 0.39 0.37 0.30 0.35 0.36 0.49 0.67 0.46 0.42 0.49 0.48 0.47 0.56 0.59 0.54 0.60 0.53 0.69 0.83 0.94 0.68 0.56 0.47 0.46 0.59 0.58 0.54 0.61 0.69 0.72 0.79
0.04 0.06 0.09 0.07 0.10 0.09 0.02 0.01 0.10 0.07 0.37 0.05 0.19 0.14 0.19 0.29 0.25 0.23 0.28 0.15 0.15 0.19 0.20 0.21 0.19 0.31 0.36 0.38 0.28 0.18 0.15 0.28 0.34 0.33 0.27 0.17 0.28 0.25 0.23 0.28 0.36 0.43 0.27 0.50 0.52 0.62 0.48 0.48 0.39 0.49 0.58 0.73 0.48 0.40 0.43 0.31 0.41 0.39 0.65 0.66 0.46 0.41 0.58 0.65 0.62 0.61 0.64 0.63 0.55 0.54 0.60 0.67 0.86 0.78 0.68 0.59 0.49 0.58 0.75 0.53 0.73 0.73 0.67 0.76
0.05 0.05 0.07 0.07 0.07 0.07 0.03 0.09 0.04 0.03 1.20 0.01 0.22 0.07 0.24 0.25 0.23 0.26 0.26 0.29 0.16 0.16 0.20 0.19 0.19 0.29 0.37 0.36 0.30 0.23 0.20 0.19 0.39 0.35 0.59 0.46 0.21 0.25 0.20 0.46 0.43 0.78 0.36 0.54 0.58 0.61 0.51 0.53 0.52 0.61 0.69 0.67 0.47 0.45 0.51 0.43 0.38 0.61 0.73 0.67 0.49 0.48 0.57 0.70 0.90 0.87 0.74 0.76 0.48 0.65 0.61 0.64 0.55 0.53 0.67 0.77 0.68 0.57 0.64 0.55 0.61 0.66 0.72 0.69
0.00 0.05 0.05 0.04 0.05 0.06 0.02 0.04 0.05 0.04 0.03 0.05 0.07 0.14 0.09 0.23 0.15 0.18 0.21 0.31 0.19 0.23 0.20 0.16 0.17 0.22 0.30 0.27 0.25 0.16 0.21 0.36 0.59 0.41 0.37 0.30 0.24 0.26 0.26 0.34 0.51 0.28 0.30 0.32 0.60 0.47 0.38 0.48 0.51 0.56 0.66 0.72 0.50 0.49 0.48 0.58 0.62 0.70 0.75 0.65 0.45 0.56 0.67 0.71 1.03 0.91 0.79 0.63 0.77 0.76 0.83 0.62 0.56 0.59 0.61 0.67 0.87 0.73 0.69 0.57 0.61 0.65 0.63 0.60
0.02 0.03 0.02 0.03 0.05 0.07 0.09 0.11 0.14 0.12 0.11 0.19 0.01 0.13 0.22 0.21 0.18 0.59 0.59 0.34 0.49 2.17 0.24 0.13 0.14 0.23 0.22 0.29 0.21 0.32 0.16 0.20 0.29 0.26 0.24 0.19 0.18 0.15 0.16 0.13 0.14 0.17 0.14 0.22 0.37 0.43 0.49 0.37 0.36 0.42 0.50 0.43 0.34 0.38 0.47 0.62 0.75 0.73 0.82 0.64 0.47 0.63 0.71 0.86 1.00 0.95 0.91 0.79 0.82 0.69 0.94 0.65 0.57 0.53 0.57 0.62 0.80 0.74 0.78 0.70 0.55 0.65 0.72 0.65
0.02 0.03 0.03 0.04 0.08 0.07 0.07 0.19 0.08 0.15 0.13 0.04 0.14 0.14 0.13 0.11 0.14 0.15 0.25 0.25 0.53 0.24 0.25 0.13 0.12 0.25 0.21 0.16 0.24 0.21 0.36 0.20 0.27 0.20 0.21 0.23 0.26 0.21 0.16 0.11 0.14 0.19 0.19 0.28 0.28 0.29 0.41 0.30 0.29 0.45 0.34 0.33 0.36 0.37 0.49 0.52 0.61 0.78 0.70 0.57 0.68 0.73 0.81 0.92 0.99 1.05 0.90 0.87 0.86 0.76 0.65 0.63 0.60 0.69 0.61 0.58 0.77 0.77 0.77 0.68 0.68 0.79 0.65 0.68
0.01 0.03 0.02 0.05 0.07 0.08 0.12 0.05 0.07 0.12 0.05 0.32 0.22 0.14 0.16 0.11 0.06 0.12 0.22 0.19 0.19 0.22 0.23 0.21 0.21 0.23 0.20 0.21 0.20 0.17 0.27 0.25 0.23 0.25 0.20 0.22 0.26 0.24 0.09 0.08 0.16 0.20 0.24 0.21 0.13 0.16 0.20 0.26 0.36 0.41 0.49 0.50 0.45 0.46 0.53 0.44 0.55 0.74 0.83 0.70 0.79 0.87 0.92 0.97 0.95 0.91 0.83 0.92 0.94 0.85 0.64 0.55 0.60 0.64 0.77 0.63 0.72 0.82 0.65 0.55 0.78 0.70 0.67 0.76
0.01 0.04 0.04 0.04 0.11 0.09 0.08 0.09 0.05 0.11 0.15 1.15 0.37 0.07 0.15 0.11 0.25 0.08 0.12 0.18 0.45 0.22 0.13 0.23 0.30 0.24 0.19 0.22 0.23 0.22 0.25 0.18 0.23 0.23 0.10 0.16 0.22 0.12 0.09 0.07 0.20 0.24 0.25 0.35 0.28 0.17 0.14 0.24 0.30 0.29 0.47 0.50 0.43 0.50 0.51 0.62 0.63 0.74 0.73 0.75 0.89 0.97 1.09 1.07 0.95 0.71 1.03 0.99 0.87 0.85 0.61 0.57 0.62 0.73 0.76 0.73 0.73 0.75 0.75 0.66 0.62 0.65 0.73 0.75
0.01 0.02 0.02 0.03 0.07 0.06 0.07 0.08 0.07 0.13 0.09 0.11 0.11 0.14 0.18 0.38 0.09 0.07 0.13 0.17 1.89 0.19 0.21 0.32 0.32 0.18 0.20 0.18 0.17 0.16 0.18 0.18 0.22 0.19 0.11 0.16 0.09 0.09 0.12 0.09 0.16 0.24 0.42 0.34 0.31 0.18 0.15 0.12 0.19 0.25 0.16 0.46 0.40 0.48 0.34 0.54 0.58 0.20 0.58 0.88 0.98 1.07 1.17 1.17 0.89 0.73 1.05 1.11 0.84 0.75 0.59 0.55 0.60 0.60 0.61 0.68 0.68 0.84 0.63 0.63 0.74 0.65 0.55 0.71
0.02 0.03 0.01 0.04 0.07 0.06 0.05 0.05 0.03 0.08 0.09 0.11 0.20 0.16 0.17 0.15 0.07 0.08 0.19 0.13 0.11 0.19 0.14 0.29 0.27 0.23 0.13 0.21 0.23 0.10 0.16 0.16 0.21 0.19 0.12 0.12 0.11 0.10 0.10 0.10 0.24 0.25 0.25 0.33 0.31 0.18 0.24 0.12 0.15 0.15 0.22 0.87 0.23 0.32 0.39 0.33 0.33 0.07 0.00 0.00 0.93 1.21 1.18 1.15 1.00 0.88 0.91 1.04 0.77 0.76 0.62 0.61 0.61 0.63 0.69 0.65 0.63 0.83 0.68 0.68 0.72 0.79 0.61 0.65
0.01 0.01 0.02 0.01 0.05 0.05 0.06 0.05 0.06 0.07 0.08 0.09 0.08 0.13 0.12 0.16 0.08 0.12 0.23 0.18 0.17 0.14 0.14 0.26 0.34 0.12 0.12 0.13 0.23 0.24 0.10 0.21 0.20 0.21 0.18 0.12 0.17 0.13 0.05 0.11 0.13 0.10 0.21 0.31 0.34 0.31 0.15 0.07 0.17 0.19 0.31 0.22 0.16 0.24 0.30 0.31 0.22 0.49 0.47 0.38 1.12 1.10 1.16 1.13 0.97 0.90 0.73 0.71 0.69 0.66 0.63 0.59 0.72 0.62 0.69 0.58 0.67 0.63 0.64 0.59 0.56 0.62 0.60 0.60
0.00 0.00 0.04 0.02 0.04 0.02 0.04 0.03 0.10 0.08 0.02 0.06 0.03 0.03 0.05 0.04 0.09 0.13 0.18 0.17 0.14 0.13 0.10 0.21 0.24 0.21 0.19 0.15 0.27 0.30 0.20 0.21 0.22 0.24 0.31 0.19 0.16 0.10 0.07 0.03 0.12 0.11 0.08 0.17 0.32 0.36 0.35 0.26 0.16 0.17 0.16 0.11 0.10 0.17 0.29 0.25 0.51 0.39 0.83 0.80 1.06 1.08 1.13 0.90 1.00 0.96 0.64 0.76 0.65 0.72 0.60 0.55 0.82 0.62 0.50 0.57 0.59 0.67 0.72 0.52 0.49 0.60 0.44 0.62
0.00 0.01 0.01 0.01 0.03 0.01 0.07 0.03 0.07 0.07 0.05 0.09 0.03 0.07 0.10 0.08 0.04 0.10 0.13 0.13 0.15 0.11 0.13 0.16 0.17 0.58 0.77 0.16 0.39 0.33 0.33 0.21 0.22 0.37 0.25 0.24 0.20 0.16 0.09 0.11 0.04 0.05 0.06 0.13 0.19 0.30 0.24 0.27 0.31 0.32 0.24 0.16 0.14 0.15 0.15 0.18 0.17 0.16 0.16 0.29 0.14 0.76 1.03 1.06 1.04 0.63 0.59 0.84 0.75 0.62 0.56 0.50 0.65 0.48 0.44 0.54 0.59 0.71 0.67 0.54 0.55 0.48 0.47 0.50
0.00 0.00 0.00 0.00 0.02 0.04 0.06 0.05 0.04 0.03 0.24 0.06 0.09 0.02 0.03 0.08 0.09 0.06 0.09 0.17 0.10 0.10 0.14 0.10 0.10 0.23 0.13 0.23 0.27 0.23 0.16 0.18 0.23 0.28 0.26 0.32 0.29 0.25 0.14 0.08 0.02 0.04 0.03 0.07 0.20 0.23 0.21 0.28 0.38 0.45 0.34 0.21 0.16 0.24 0.09 0.09 0.11 0.13 0.03 0.19 0.17 0.56 0.87 0.88 0.71 0.60 0.94 0.88 0.84 0.61 0.55 0.52 0.49 0.33 0.45 0.61 0.55 0.48 0.64 0.41 0.45 0.55 0.45 0.73
0.00 0.00 0.01 0.01 0.02 0.04 0.02 0.05 0.02 0.03 0.08 0.12 0.13 0.05 0.06 0.07 0.05 0.06 0.11 0.04 0.04 0.08 0.12 0.07 0.08 0.07 0.10 0.14 0.26 0.29 0.21 0.22 0.32 0.40 0.29 0.31 0.30 0.44 0.29 0.13 0.11 0.13 0.04 0.07 0.11 0.12 0.12 0.31 0.31 0.31 0.26 0.23 0.18 0.12 0.08 0.11 0.10 0.11 0.12 0.18 0.22 0.37 0.54 0.53 0.30 0.21 0.57 0.83 0.85 0.75 0.75 0.60 0.48 0.26 0.41 0.43 0.57 0.50 0.38 0.41 0.37 0.43 0.39 0.76
0.00 0.00 0.00 0.00 0.02 0.05 0.08 0.06 0.03 0.02 0.07 0.07 0.06 0.07 0.06 0.04 0.07 0.03 0.03 0.03 0.04 0.12 0.14 0.07 0.09 0.10 0.06 0.07 0.46 0.24 0.33 0.34 0.39 0.52 0.32 0.28 0.22 0.56 0.48 0.34 0.19 0.09 0.08 0.06 0.04 0.04 0.10 0.20 0.25 0.23 0.19 0.22 0.31 0.21 0.12 0.13 0.07 0.25 0.16 0.13 0.22 0.34 0.40 0.40 0.47 0.28 0.40 0.98 0.58 0.74 0.67 0.71 0.54 0.35 0.42 0.38 0.45 0.39 0.54 0.43 0.40 0.53 0.65 0.73
0.01 0.01 0.01 0.01 0.02 0.07 0.09 0.05 0.16 0.02 0.07 0.04 0.09 0.09 0.05 0.02 0.04 0.10 0.05 0.10 0.08 0.12 0.18 0.16 0.11 0.07 0.04 0.10 0.04 0.37 0.15 0.34 0.28 0.24 0.37 0.24 0.55 0.54 0.77 0.48 0.28 0.15 0.13 0.06 0.06 0.04 0.03 0.16 0.15 0.24 0.19 0.22 0.20 0.25 0.20 0.16 0.06 0.13 0.08 0.21 0.18 0.24 0.26 0.26 0.29 0.49 0.44 0.71 0.78 0.76 0.76 0.38 0.68 0.51 0.46 0.38 0.29 0.40 0.44 0.58 0.57 0.62 0.53 0.92
0.04 0.02 0.01 0.00 0.02 0.08 0.06 0.08 0.16 0.12 0.07 0.11 0.14 0.10 0.05 0.11 0.07 0.06 0.06 0.09 0.05 0.05 0.18 0.21 0.08 0.19 0.10 0.08 0.09 0.09 0.20 0.17 0.17 0.47 0.25 0.20 0.72 0.67 0.62 0.61 0.55 0.12 0.10 0.09 0.11 0.16 0.07 0.04 0.13 0.12 0.27 0.35 0.23 0.22 0.19 0.14 0.08 0.08 0.10 0.45 0.14 0.26 0.23 0.24 0.28 0.55 0.44 0.76 0.92 1.15 1.01 0.79 0.67 0.51 0.43 0.47 0.41 0.37 0.53 0.50 0.56 0.59 0.45 0.73
0.03 0.04 0.05 0.03 0.08 0.08 0.07 0.06 0.08 0.11 0.18 0.13 0.73 0.05 0.11 0.11 0.10 0.03 0.07 0.05 0.04 0.10 0.05 0.17 0.10 0.10 0.14 0.10 0.07 0.11 0.13 0.24 0.19 0.28 0.46 0.34 0.43 0.67 0.68 0.67 0.73 0.43 0.38 0.15 0.19 0.23 0.10 0.10 0.10 0.19 0.14 0.13 0.28 0.16 0.10 0.08 0.05 0.07 0.08 0.39 0.04 0.13 0.19 0.24 0.26 0.82 0.44 0.73 0.72 0.85 0.76 0.84 0.57 0.52 0.40 0.56 0.67 0.44 0.56 0.50 0.51 0.29 0.52 0.51
0.03 0.07 0.05 0.05 0.02 0.04 0.05 0.04 0.15 0.14 0.22 0.56 0.42 0.10 0.11 0.15 0.15 0.06 0.04 0.05 0.05 0.08 0.20 0.07 0.07 0.10 0.10 0.07 0.10 0.15 0.09 0.11 0.20 0.33 0.45 0.43 0.93 0.90 0.64 0.50 0.79 0.36 0.18 0.08 0.21 0.26 0.14 0.12 0.11 0.17 0.26 0.27 0.45 0.31 0.07 0.17 0.07 0.12 0.23 0.07 0.10 0.16 0.30 0.21 0.34 0.43 0.39 0.48 0.65 0.73 0.85 0.87 0.86 0.81 0.75 0.54 0.60 0.62 0.59 0.60 0.12 0.31 0.53 2.28
0.10 0.08 0.09 0.09 0.05 0.05 0.05 0.05 0.07 0.08 0.17 0.21 0.13 0.07 0.09 0.07 0.07 0.09 0.06 0.02 0.04 0.05 0.04 0.05 0.15 0.18 0.21 0.11 0.17 0.07 0.22 0.11 0.12 0.16 0.19 0.43 0.49 0.69 0.50 0.66 1.09 0.78 0.32 0.18 0.23 0.55 0.14 0.17 0.24 0.28 0.37 0.44 0.41 0.33 0.07 0.11 0.12 0.10 0.20 0.18 0.28 0.26 0.27 0.32 0.26 0.38 0.45 0.51 0.70 0.99 0.85 1.00 0.18 0.37 0.44 0.53 0.65 0.69 0.73 0.54 0.13 0.60 1.39 0.49
0.04 0.10 0.12 0.04 0.06 0.07 0.11 0.06 0.08 0.14 0.18 0.20 0.10 0.07 0.05 0.23 0.05 0.08 0.03 0.06 0.02 0.04 0.03 0.13 0.14 0.26 0.49 0.41 0.18 0.09 0.04 0.41 0.11 0.12 0.23 0.45 0.33 0.54 0.60 0.36 0.97 0.12 0.18 0.24 0.21 0.18 0.20 0.39 0.24 0.32 0.28 0.07 0.05 0.11 0.09 0.11 0.02 0.11 0.23 0.17 0.24 0.26 0.25 0.20 0.23 0.31 0.41 0.58 0.80 0.92 0.71 0.61 0.64 0.72 0.57 0.54 0.64 0.60 0.11 0.07 0.15 0.55 0.34 0.43
0.05 0.08 0.05 0.10 0.08 0.06 0.08 0.08 0.11 0.14 0.16 0.09 0.05 0.09 0.22 0.06 0.04 0.04 0.03 0.02 0.04 0.03 0.02 0.05 0.12 0.10 0.31 0.51 0.43 0.28 0.18 0.41 0.39 0.05 0.20 0.52 0.35 0.67 0.62 0.34 0.40 0.24 0.19 0.14 0.16 0.35 0.16 0.28 0.15 0.17 0.13 0.06 0.04 0.07 0.09 0.03 0.01 0.04 0.04 0.13 0.23 0.20 0.23 0.21 0.32 0.45 0.46 0.53 0.45 0.70 0.73 0.30 0.48 0.54 0.58 0.20 0.12 0.20 0.42 0.03 0.07 0.23 0.27 0.26
0.15 0.13 0.09 0.10 0.07 0.13 0.12 0.11 0.11 0.15 0.11 0.07 0.09 0.04 0.09 0.10 0.06 0.04 0.02 0.05 0.05 0.02 0.02 0.06 0.07 0.06 0.27 0.38 0.33 0.59 0.50 0.66 0.73 0.09 0.25 0.13 0.22 0.39 0.46 0.52 0.48 0.51 0.12 0.14 0.11 0.08 0.25 0.16 0.06 0.18 0.25 0.16 0.05 0.07 0.04 0.09 0.09 0.02 0.04 0.08 0.14 0.25 0.22 0.24 0.36 0.45 0.40 0.31 0.15 0.21 0.53 0.48 0.41 0.38 0.60 0.48 0.08 0.10 0.19 0.06 0.05 0.08 0.27 0.35
0.13 0.18 0.25 0.20 0.10 0.08 0.07 0.12 0.11 0.09 0.16 0.15 0.13 0.11 0.07 0.09 0.06 0.03 0.04 0.06 0.04 0.02 0.04 0.05 0.05 0.09 0.20 0.37 0.34 0.40 0.59 0.51 0.57 0.37 0.11 0.14 0.20 0.33 0.26 0.21 0.42 0.28 0.08 0.08 0.08 0.04 0.08 0.06 0.01 0.18 0.23 0.20 0.07 0.06 0.07 0.07 0.06 0.02 0.03 0.03 0.05 0.15 0.20 0.34 0.33 0.35 0.29 0.28 0.16 0.23 0.46 0.50 0.35 0.35 0.67 0.36 0.07 0.12 0.07 0.04 0.13 0.12 0.19 0.29
0.15 0.19 0.32 0.20 0.12 0.15 0.14 0.12 0.15 0.25 0.19 0.21 0.23 0.17 0.14 0.15 0.08 0.05 0.04 0.08 0.03 0.04 0.03 0.05 0.07 0.14 0.21 0.27 0.19 0.21 0.35 0.54 0.30 0.76 0.39 0.23 0.20 0.29 0.18 0.23 0.13 0.11 0.07 0.08 0.09 0.08 0.09 0.04 0.04 0.06 0.13 0.05 0.07 0.11 0.04 0.04 0.03 0.02 0.03 0.05 0.07 0.10 0.12 0.16 0.26 0.26 0.24 0.30 0.42 0.44 0.36 0.29 0.10 0.11 0.09 0.21 0.18 0.17 0.16 0.11 0.07 0.11 0.17 0.20
0.19 0.15 0.36 0.19 0.25 0.16 0.18 0.24 0.21 0.27 0.26 0.26 0.16 0.16 0.21 0.14 0.16 0.06 0.07 0.15 0.06 0.06 0.02 0.02 0.03 0.10 0.16 0.11 0.28 0.19 0.11 0.18 0.27 0.39 0.15 0.48 0.39 0.10 0.06 0.03 0.05 0.07 0.14 0.08 0.08 0.09 0.08 0.08 0.07 0.11 0.02 0.10 0.07 0.10 0.17 0.08 0.03 0.04 0.03 0.02 0.04 0.04 0.06 0.14 0.10 0.14 0.17 0.25 0.37 0.26 0.16 0.21 0.11 0.10 0.06 0.09 0.16 0.29 0.09 0.06 0.11 0.13 0.14 0.06
