DATA/Ex_dossier_pluie/24h/PH_20111105000000.asc
NCOLS 95
NROWS 110
XLLCENTER 939500
YLLCENTER 1831500
CELLSIZE 1000
NODATA_VALUE -999
[rows 0 to 36 of 110, columns 0 to 82 of 95]
1.01 0.86 0.67 0.96 0.72 0.81 0.91 0.66 0.69 0.57 0.48 0.48 0.53 0.42 0.52 0.62 0.63 0.65 0.73 0.65 0.42 0.66 0.69 0.62 0.46 0.49 0.30 0.28 0.27 0.30 0.29 0.27 0.21 0.16 0.21 0.32 0.34 0.29 0.35 0.38 0.27 0.09 0.07 0.06 0.05 0.04 0.05 0.03 0.01 0.06 0.13 0.10 0.08 0.01 0.02 0.01 0.02 0.05 0.06 0.04 0.06 0.08 0.09 0.16 0.10 0.09 0.14 0.20 0.37 0.50 0.58 0.60 0.74 0.80 0.77 0.69 0.78 0.79 0.88 0.96 0.76 0.49 0.23
1.11 0.88 0.95 0.80 0.69 0.91 0.92 0.79 0.72 0.70 0.48 0.36 0.44 0.53 0.52 0.45 0.46 0.45 0.53 0.67 0.49 0.68 0.56 0.46 0.40 0.54 0.40 0.35 0.24 0.31 0.35 0.24 0.13 0.23 0.32 0.37 0.39 0.39 0.37 0.35 0.15 0.11 0.07 0.07 0.06 0.02 0.05 0.06 0.05 0.03 0.13 0.10 0.08 0.03 0.00 0.00 0.02 0.06 0.07 0.05 0.06 0.11 0.09 0.07 0.06 0.11 0.17 0.27 0.45 0.47 0.60 0.61 0.69 0.76 0.72 0.81 0.84 0.84 0.87 0.80 0.62 0.51 0.31
0.91 1.00 0.90 0.85 0.85 0.91 0.94 0.86 0.75 0.61 0.62 0.49 0.65 0.67 0.48 0.29 0.37 0.39 0.69 0.70 0.63 0.49 0.38 0.57 0.53 0.53 0.46 0.36 0.33 0.23 0.39 0.32 0.22 0.23 0.28 0.39 0.31 0.37 0.29 0.24 0.27 0.20 0.12 0.07 0.07 0.05 0.05 0.06 0.04 0.09 0.12 0.06 0.08 0.03 0.00 0.00 0.02 0.07 0.08 0.08 0.09 0.09 0.11 0.08 0.02 0.01 0.11 0.23 0.41 0.50 0.61 0.71 0.61 0.74 0.77 0.78 0.93 1.00 0.86 0.65 0.49 0.41 0.35
1.02 1.06 0.98 0.81 0.87 0.93 0.94 0.93 0.84 0.84 0.71 0.69 0.70 0.79 0.57 0.45 0.54 0.22 0.68 0.84 0.57 0.69 0.69 0.72 0.57 0.68 0.61 0.40 0.36 0.40 0.35 0.30 0.19 0.21 0.21 0.27 0.31 0.39 0.36 0.24 0.21 0.21 0.10 0.07 0.05 0.05 0.04 0.05 0.13 0.15 0.18 0.11 0.13 0.06 0.02 0.01 0.03 0.11 0.11 0.11 0.19 0.15 0.10 0.04 0.03 0.07 0.13 0.25 0.38 0.60 0.52 0.55 0.78 0.69 0.79 0.84 0.92 0.97 0.75 0.54 0.41 0.45 0.44
1.10 0.96 0.78 0.93 0.80 0.98 0.95 1.09 0.95 0.96 0.84 0.78 0.74 0.86 0.78 0.70 0.62 0.54 0.81 0.67 0.76 0.68 0.66 0.73 0.64 0.54 0.46 0.44 0.27 0.49 0.32 0.32 0.36 0.21 0.30 0.38 0.36 0.42 0.35 0.24 0.17 0.22 0.17 0.13 0.11 0.07 0.12 0.17 0.18 0.20 0.32 0.17 0.07 0.02 0.02 0.00 0.04 0.11 0.20 0.22 0.18 0.19 0.10 0.02 0.01 0.08 0.14 0.25 0.39 0.43 0.56 0.76 0.87 0.79 0.66 0.75 1.14 0.97 0.70 0.58 0.51 0.50 0.52
1.17 0.83 0.86 0.78 0.89 0.89 0.85 1.07 0.89 1.03 0.89 0.75 0.61 0.88 0.65 0.64 0.69 0.38 0.82 0.65 0.74 0.74 0.79 0.66 0.78 0.48 0.47 0.61 0.38 0.47 0.47 0.48 0.27 0.46 0.35 0.43 0.29 0.42 0.39 0.34 0.33 0.22 0.17 0.13 0.07 0.03 0.06 0.15 0.19 0.18 0.20 0.12 0.21 0.09 0.03 0.05 0.10 0.14 0.19 0.17 0.13 0.18 0.14 0.02 0.02 0.05 0.12 0.24 0.28 0.33 0.67 0.55 0.64 0.70 0.91 1.06 0.98 0.91 0.58 0.56 0.59 0.65 0.56
1.00 0.74 0.90 1.20 0.87 0.81 0.82 1.04 0.97 1.04 0.94 0.73 0.82 0.75 0.61 0.62 0.53 0.43 0.76 0.84 0.84 0.72 0.61 0.65 0.81 0.57 0.60 0.59 0.75 0.56 0.58 0.48 0.46 0.43 0.33 0.47 0.44 0.39 0.46 0.39 0.39 0.28 0.16 0.13 0.13 0.10 0.05 0.12 0.15 0.15 0.19 0.09 0.18 0.07 0.10 0.18 0.16 0.20 0.18 0.23 0.16 0.17 0.10 0.03 0.01 0.04 0.16 0.29 0.40 0.43 0.65 0.60 0.60 0.76 0.84 0.99 0.97 0.74 0.59 0.56 0.68 0.64 0.56
1.03 1.01 1.02 1.17 1.13 1.06 1.14 1.02 1.15 0.93 1.03 0.85 0.79 0.55 0.57 0.48 0.38 0.60 0.48 0.70 0.91 0.76 0.61 0.66 0.71 0.74 0.58 0.59 0.66 0.70 0.74 0.46 0.57 0.43 0.33 0.45 0.45 0.45 0.44 0.38 0.33 0.29 0.21 0.23 0.15 0.14 0.04 0.07 0.12 0.14 0.23 0.14 0.09 0.05 0.12 0.25 0.28 0.24 0.20 0.20 0.18 0.14 0.10 0.08 0.07 0.10 0.14 0.30 0.42 0.32 0.54 0.46 0.67 0.82 0.89 0.83 0.81 0.76 0.71 0.59 0.65 0.57 0.47
0.92 0.73 0.98 0.94 0.77 1.15 1.07 1.04 1.04 0.92 0.82 0.91 0.80 0.64 0.66 0.76 0.64 0.67 0.80 0.81 0.60 0.93 0.82 0.27 0.84 0.85 0.81 0.68 0.90 1.11 1.08 0.47 0.51 0.51 0.45 0.62 0.57 0.51 0.54 0.38 0.35 0.25 0.13 0.24 0.23 0.10 0.07 0.09 0.08 0.12 0.15 0.13 0.10 0.05 0.14 0.14 0.16 0.12 0.22 0.18 0.20 0.16 0.10 0.15 0.16 0.11 0.17 0.37 0.34 0.43 0.38 0.53 0.71 0.74 0.84 0.81 0.75 0.77 0.77 0.72 0.65 0.59 0.43
1.12 0.93 0.88 0.91 0.80 0.92 1.05 0.81 1.03 1.20 0.88 1.10 0.96 0.74 0.68 0.78 0.88 0.93 0.81 0.88 0.77 0.91 0.84 0.70 0.77 0.91 0.89 0.66 0.93 0.62 0.87 0.60 0.66 0.64 0.68 0.68 0.60 0.59 0.59 0.47 0.41 0.37 0.32 0.23 0.16 0.09 0.12 0.10 0.11 0.15 0.19 0.19 0.03 0.05 0.19 0.35 0.30 0.23 0.29 0.28 0.22 0.15 0.15 0.18 0.15 0.20 0.29 0.25 0.38 0.47 0.63 0.59 0.67 0.74 0.76 0.73 0.56 0.72 0.71 0.72 0.61 0.61 0.57
1.18 1.16 0.97 1.01 0.78 1.04 0.95 0.99 0.92 1.09 1.18 1.09 0.86 0.86 0.94 0.85 0.73 0.86 0.92 1.06 1.18 0.97 0.81 1.05 0.85 0.98 0.86 0.70 0.61 0.61 0.68 0.71 0.65 2.00 0.78 0.66 0.66 0.60 0.55 0.50 0.50 0.42 0.41 0.21 0.21 0.11 0.14 0.16 0.20 0.24 0.23 0.23 0.11 0.12 0.24 0.40 0.36 0.34 0.34 0.32 0.28 0.14 0.15 0.19 0.16 0.22 0.33 0.32 0.46 0.47 0.62 0.52 0.65 0.83 0.79 0.59 0.60 0.80 0.69 0.75 0.77 0.61 0.88
0.94 1.26 1.09 0.96 0.82 0.85 1.10 0.88 0.91 0.88 0.86 1.26 1.19 1.12 1.00 0.83 0.97 0.94 0.97 1.13 1.24 1.31 0.80 0.85 0.70 0.87 0.96 0.85 0.78 0.41 0.66 0.56 0.80 0.82 0.73 0.64 0.84 0.70 0.62 0.54 0.49 0.60 0.35 0.21 0.21 0.28 0.21 0.33 0.37 0.39 0.41 0.38 0.26 0.20 0.27 0.35 0.39 0.15 0.39 0.39 0.26 0.15 0.16 0.17 0.18 0.28 0.34 0.43 0.40 0.39 0.53 0.64 0.69 0.74 0.72 0.73 0.82 0.85 0.81 0.74 0.65 0.77 0.67
0.99 1.03 1.06 1.24 1.15 0.78 0.70 0.74 0.71 0.98 1.43 1.22 1.53 1.18 0.95 0.90 0.95 0.86 0.95 0.97 1.14 1.29 1.21 0.89 0.73 0.70 0.98 0.88 0.77 0.40 0.43 0.60 0.77 0.82 0.88 0.83 0.86 1.00 0.70 0.59 0.55 0.54 0.40 0.28 0.30 0.37 0.28 0.33 0.44 0.47 0.50 0.60 0.43 0.36 0.42 0.56 0.54 0.52 0.38 0.33 0.20 0.15 0.20 0.20 0.24 0.36 0.38 0.37 0.38 0.43 0.54 0.70 0.74 0.68 0.60 0.74 0.92 0.92 0.84 0.80 0.80 0.84 0.78
1.12 1.48 0.81 1.03 1.11 0.86 0.56 0.63 0.53 1.47 1.35 1.74 1.33 0.91 0.83 0.76 0.87 0.76 0.82 1.11 1.35 1.43 1.26 0.94 0.66 0.63 0.96 0.99 0.95 0.52 0.44 0.58 0.81 1.14 0.85 0.98 0.84 0.98 0.84 0.75 0.57 0.79 0.55 0.43 0.40 0.35 0.23 0.30 0.44 0.53 0.61 0.74 0.53 0.45 0.50 0.67 0.48 0.36 0.31 0.17 0.11 0.15 0.18 0.19 0.26 0.38 0.46 0.40 0.39 0.45 0.56 0.67 0.70 0.63 0.69 0.80 0.97 1.02 0.84 0.88 0.96 0.89 0.81
1.04 0.90 0.75 0.84 0.70 0.57 0.91 0.63 0.58 1.00 1.24 1.27 1.30 0.87 0.55 0.53 0.77 0.75 0.92 1.09 1.38 1.22 1.30 1.02 0.74 0.55 0.72 1.15 1.07 0.52 0.41 0.70 0.79 1.14 0.83 0.82 0.86 0.87 0.76 0.54 0.35 0.49 0.58 0.43 0.44 0.29 0.25 0.35 0.48 0.52 0.65 0.68 0.46 0.50 0.68 0.61 0.51 0.19 0.21 0.26 0.11 0.13 0.19 0.35 0.45 0.48 0.50 0.37 0.43 0.51 0.54 0.62 0.63 0.72 0.78 0.77 0.83 0.89 0.88 0.92 0.88 0.88 0.88
1.74 1.42 0.73 0.90 0.79 0.51 0.68 0.31 0.55 0.64 1.58 1.14 1.10 0.73 0.83 0.67 0.67 0.77 0.98 1.08 1.33 2.06 1.43 1.32 1.11 0.47 0.87 0.85 1.04 1.13 0.59 0.53 0.63 0.66 0.73 0.53 0.87 0.80 0.75 0.62 0.52 0.37 0.41 0.58 0.48 0.30 0.28 0.29 0.39 0.54 0.65 0.64 0.44 0.37 0.87 0.51 0.38 0.40 0.24 0.26 0.16 0.20 0.26 0.38 0.49 0.65 0.67 0.54 0.49 0.49 0.40 0.57 0.60 0.70 0.78 0.81 0.84 0.89 1.00 0.92 0.89 0.85 0.77
0.77 2.73 1.81 0.67 0.64 0.88 0.56 0.40 0.28 0.87 1.34 1.34 1.48 0.68 0.67 0.88 0.74 0.80 1.29 1.15 1.29 1.45 1.70 1.34 1.32 0.84 0.97 1.01 1.04 1.17 0.79 0.75 0.66 0.75 0.69 0.79 0.86 0.77 0.75 0.61 0.38 0.29 0.35 0.57 0.46 0.31 0.32 0.34 0.40 0.55 0.60 0.50 0.34 0.44 0.79 0.62 0.44 0.46 0.44 0.27 0.23 0.28 0.33 0.44 0.48 0.53 0.60 0.55 0.67 0.71 0.62 0.51 0.62 0.72 0.76 0.84 0.91 1.07 0.95 0.88 0.86 0.78 0.76
1.77 0.47 1.82 2.29 0.64 0.72 0.70 0.46 0.47 0.56 1.79 1.75 1.63 0.68 0.25 0.60 1.18 1.40 1.57 1.31 1.29 1.53 1.77 1.59 1.53 1.22 0.81 0.66 0.90 1.26 1.40 0.58 0.45 0.96 1.12 0.76 0.90 0.70 0.60 0.48 0.38 0.33 0.32 0.52 0.33 0.35 0.36 0.47 0.54 0.72 0.67 0.55 0.44 0.59 0.68 0.88 0.61 0.26 0.51 0.41 0.36 0.29 0.36 0.44 0.48 0.52 0.64 0.73 0.81 0.76 0.69 0.61 0.66 0.78 0.81 0.90 1.04 1.08 1.00 1.02 0.86 0.84 0.86
1.85 1.44 1.04 1.61 2.44 1.00 1.57 0.60 1.26 0.91 1.75 1.73 1.48 0.63 0.49 1.21 1.25 1.41 1.42 1.26 1.21 1.37 1.97 1.99 1.99 1.33 1.05 0.59 0.77 1.33 1.63 0.50 0.34 0.75 1.20 0.88 0.96 0.84 0.63 0.57 0.38 0.39 0.42 0.47 0.59 0.56 0.55 0.63 0.76 0.99 0.91 0.76 0.57 0.67 0.87 0.83 0.67 0.63 0.66 0.67 0.42 0.45 0.53 0.53 0.51 0.58 0.74 0.72 0.78 0.65 0.59 0.74 0.80 1.00 0.88 1.02 1.12 1.07 1.18 1.06 1.07 1.00 1.02
2.33 1.96 1.82 1.61 1.20 2.01 5.37 2.69 1.52 1.89 1.43 1.35 1.48 1.72 1.33 1.27 1.05 0.79 0.83 1.06 1.04 1.28 1.80 2.08 1.83 1.72 1.09 0.87 1.12 1.06 1.51 1.61 0.69 0.68 0.92 0.50 0.65 0.96 0.52 0.53 0.49 0.44 0.41 0.38 0.58 0.56 0.84 0.74 0.92 1.08 1.14 1.01 0.81 0.97 0.78 0.54 0.65 0.75 0.46 0.46 0.48 0.55 0.72 0.58 0.58 0.72 0.89 0.90 0.68 0.58 0.68 0.82 0.98 1.01 1.08 1.22 1.24 1.10 1.15 1.20 1.25 1.21 1.09
2.31 1.94 1.96 1.52 1.01 1.51 6.55 9.91 5.21 1.72 1.07 1.46 1.70 2.29 3.63 1.42 1.05 0.91 0.98 1.16 1.01 0.60 0.94 1.96 1.75 1.40 1.28 1.16 0.97 1.11 1.64 1.86 1.16 0.96 1.03 0.50 0.35 0.71 0.21 0.71 0.59 0.45 0.43 0.66 0.70 0.61 0.76 0.77 0.86 1.08 1.00 1.11 1.42 1.19 0.94 0.71 0.88 0.30 0.41 0.23 0.42 0.65 0.71 0.63 0.64 0.86 1.10 0.92 0.81 0.56 0.66 0.79 0.89 1.10 1.38 1.31 1.09 0.94 1.20 1.38 1.46 1.22 1.10
1.62 0.91 1.65 1.82 0.90 0.98 1.02 5.40 18.25 4.67 1.86 1.86 1.57 1.45 3.94 4.57 2.02 0.76 0.69 1.36 1.62 0.61 0.57 1.39 2.06 1.49 1.45 1.38 1.13 1.17 1.74 2.03 1.66 0.90 0.53 0.64 0.61 0.53 0.15 0.55 0.69 0.48 0.53 0.70 0.80 0.64 0.84 0.85 0.89 1.01 1.08 1.10 1.25 1.09 0.95 0.81 0.92 0.40 0.26 0.28 0.56 0.72 0.77 0.73 0.73 1.01 1.11 0.81 0.78 0.68 0.80 0.83 0.94 1.21 1.47 1.04 1.11 1.08 1.36 1.38 1.40 1.26 1.20
2.00 1.12 0.70 1.12 1.27 1.29 1.25 1.61 7.54 10.34 9.74 3.04 2.43 4.27 4.50 3.56 3.34 1.55 1.38 1.23 1.15 1.58 0.37 0.85 1.63 1.43 1.53 1.51 1.57 1.39 2.00 2.28 1.77 0.97 0.64 1.00 0.58 0.51 0.22 0.42 0.43 0.49 0.56 0.54 0.60 0.55 0.62 0.84 0.81 0.97 1.13 1.01 1.18 1.10 0.99 1.37 0.87 0.66 0.68 0.24 0.75 0.79 0.76 0.70 0.77 1.27 1.36 1.04 0.89 0.88 0.91 0.88 1.13 1.29 1.26 0.87 1.19 1.21 1.41 1.30 1.17 1.17 1.03
2.78 1.75 1.27 0.96 0.71 1.48 0.92 1.07 1.57 2.17 6.44 11.51 4.47 5.21 4.52 4.97 3.31 4.48 1.29 1.28 1.52 0.56 0.70 0.50 1.00 1.44 1.16 1.29 1.42 1.83 2.32 1.95 1.52 1.21 1.02 0.82 0.90 0.97 0.20 0.74 0.38 0.41 0.41 0.46 0.62 0.55 0.59 0.64 0.63 0.99 0.98 0.88 1.00 0.67 0.89 0.92 0.84 0.77 0.17 0.00 0.07 0.51 0.69 0.68 0.89 1.59 1.51 1.13 1.01 0.99 0.95 1.00 1.28 1.35 1.08 1.50 1.26 1.31 1.28 1.18 1.13 0.92 0.94
1.01 1.47 1.44 1.58 1.24 0.52 0.96 1.08 1.31 1.76 2.33 11.93 12.13 5.81 5.78 5.40 4.19 2.39 4.31 3.39 0.77 0.70 1.20 0.44 0.36 0.48 1.23 1.06 1.10 1.36 1.92 1.62 1.15 1.07 0.97 0.86 0.94 1.01 0.72 0.62 0.61 0.58 0.51 0.45 0.55 0.64 0.54 0.75 0.85 0.94 1.16 1.07 1.08 1.20 0.80 0.65 0.66 0.66 0.38 0.12 0.45 0.32 0.34 0.30 1.04 1.74 1.73 1.04 1.06 1.06 1.11 1.22 1.34 1.40 1.33 1.56 1.37 1.27 1.21 1.34 1.09 1.12 1.07
1.89 1.62 1.25 1.34 1.64 2.13 1.82 1.40 1.51 1.91 1.68 2.28 4.68 11.18 7.46 6.81 4.69 4.37 3.44 3.17 0.97 0.82 0.84 0.92 0.75 0.65 0.36 1.17 1.37 1.50 1.76 1.60 1.07 0.99 0.95 1.09 0.96 0.84 0.83 0.91 0.71 0.69 0.67 0.81 0.62 0.55 0.36 1.37 1.38 1.11 1.23 1.17 1.02 1.22 0.69 0.67 0.70 0.71 0.65 0.58 0.46 0.62 0.33 0.41 1.05 0.92 1.84 1.13 1.15 1.06 1.16 1.15 1.53 1.43 1.33 1.46 1.53 1.35 1.35 1.15 1.14 1.02 1.01
2.32 2.33 2.07 1.21 1.45 1.77 2.43 3.82 1.83 1.61 1.75 2.63 2.59 7.66 13.17 6.85 5.57 4.14 5.52 5.33 1.51 2.31 0.80 1.07 1.41 1.42 0.78 0.59 1.13 1.41 1.61 1.48 1.27 1.12 1.14 1.23 1.95 0.73 0.94 1.67 0.82 0.81 0.72 0.63 0.47 0.25 0.33 1.98 1.56 1.07 1.14 1.20 1.54 1.20 0.80 0.55 0.36 0.49 0.46 0.52 0.66 0.78 0.69 0.65 1.41 0.67 1.41 1.50 1.16 1.08 1.31 0.91 1.35 1.41 1.48 1.46 1.49 1.04 0.77 1.62 1.71 1.51 1.50
1.19 2.04 2.00 1.67 1.71 2.50 4.30 4.17 3.85 3.21 2.56 2.67 2.96 4.74 5.31 7.72 5.51 5.23 6.37 4.48 2.36 3.60 1.58 0.99 1.68 1.38 0.98 0.45 1.20 1.15 1.43 1.43 1.75 1.33 1.31 1.22 0.70 0.86 1.09 0.95 1.10 0.75 0.86 0.56 0.83 0.58 0.99 2.23 0.62 0.69 0.83 0.99 1.34 1.19 1.06 0.85 0.47 0.23 0.29 0.44 0.78 0.81 0.77 0.88 1.03 1.06 1.17 1.07 1.03 1.09 1.18 0.82 1.45 1.59 1.57 1.61 1.47 1.48 1.91 2.30 2.00 1.81 1.67
7.02 3.13 2.07 2.82 2.17 1.64 1.85 6.07 4.70 1.26 2.74 3.04 10.75 7.21 6.96 4.16 7.34 8.55 4.28 3.36 3.68 3.20 1.63 1.84 1.68 1.80 1.29 0.68 0.65 0.72 0.89 1.71 1.85 1.63 0.52 0.87 0.81 1.67 1.73 1.69 1.41 1.50 1.16 1.05 1.05 0.80 0.59 0.54 0.62 0.69 0.51 0.52 0.90 1.18 1.40 0.63 0.17 0.19 0.35 0.52 1.09 1.10 0.91 0.92 0.94 0.61 0.88 1.00 0.98 1.12 1.37 1.29 1.77 1.84 1.71 1.57 1.70 1.35 1.80 2.15 2.20 1.65 1.65
6.21 5.26 3.52 4.96 2.38 1.14 1.59 1.57 2.39 2.29 2.72 5.27 20.96 11.35 5.67 8.37 5.67 5.85 5.05 4.80 3.99 2.12 1.30 2.26 2.53 1.20 1.45 1.40 0.92 0.83 1.37 0.61 0.70 1.06 0.86 0.50 0.91 0.83 2.47 2.05 2.07 1.75 1.45 0.78 1.04 0.71 0.61 0.40 0.65 0.97 0.30 0.33 0.58 0.73 0.86 0.39 0.28 0.35 0.40 0.45 0.54 0.83 0.92 0.86 0.96 0.90 0.92 1.10 0.95 1.17 1.59 1.52 1.93 2.10 1.73 1.95 1.91 1.78 1.77 1.76 2.10 1.76 1.63
6.13 4.25 5.63 7.59 12.22 5.90 1.69 2.00 3.91 1.48 3.58 7.28 8.33 5.64 4.80 6.39 6.44 6.98 3.18 4.36 5.08 2.44 1.44 1.46 1.40 1.57 1.68 2.42 1.42 1.07 0.67 0.96 0.76 1.36 0.62 0.59 1.14 0.86 1.63 2.08 2.65 2.62 1.68 1.17 1.40 0.49 0.55 0.35 0.57 0.56 1.00 0.70 0.73 1.14 0.45 0.17 0.38 0.26 0.26 0.30 0.69 0.91 1.07 1.05 1.10 1.03 0.97 1.04 0.91 1.11 1.45 1.83 2.11 2.51 2.09 2.26 2.03 1.52 1.91 1.65 0.95 1.43 1.08
6.35 5.61 8.28 7.38 11.29 12.26 6.80 6.70 2.43 3.28 2.96 3.05 8.52 5.02 5.08 5.59 3.84 3.97 3.78 2.61 4.57 3.51 1.46 1.48 1.98 1.58 2.33 2.90 2.13 1.57 1.22 0.84 0.68 1.24 0.92 0.52 0.88 1.84 2.15 1.58 3.14 2.63 1.80 1.09 0.92 0.82 0.60 1.02 0.57 0.43 1.15 1.70 1.22 1.11 0.43 0.28 0.17 0.12 0.98 0.86 0.89 0.99 0.96 1.00 0.95 0.83 0.82 1.02 1.05 1.71 1.60 2.06 2.22 2.38 1.86 2.30 2.08 1.86 0.53 1.07 1.93 1.25 1.41
4.90 5.27 6.84 10.69 11.73 12.79 9.62 10.48 5.21 2.11 2.46 3.72 2.63 4.01 5.52 4.13 3.05 2.71 2.36 3.40 5.34 2.36 1.40 2.10 2.56 2.92 2.95 3.35 3.27 2.70 2.11 1.23 0.41 0.44 0.79 0.70 0.84 2.11 2.07 3.54 3.55 2.73 1.80 1.12 0.86 1.17 0.71 0.46 0.28 0.34 0.42 0.24 0.42 0.62 0.54 0.35 0.20 0.15 0.98 0.86 0.85 0.87 0.91 0.93 1.11 0.91 0.92 1.05 1.12 1.54 1.73 1.92 2.34 2.21 1.68 1.70 1.22 0.70 0.59 1.08 1.33 1.39 1.06
6.79 9.25 8.94 9.41 9.57 11.29 11.69 12.89 5.83 1.99 5.42 6.35 5.45 7.67 4.91 4.87 3.55 2.50 1.65 4.08 3.59 2.10 2.21 2.66 3.05 4.01 3.86 3.96 3.10 2.84 2.64 2.17 1.19 0.35 0.37 0.81 2.50 1.23 3.32 2.45 2.74 1.62 1.83 1.00 0.89 0.81 0.33 0.48 0.23 0.23 0.40 0.30 0.51 0.63 0.73 0.41 0.20 0.20 0.22 0.56 1.10 1.05 0.99 1.15 0.95 0.72 0.81 1.01 1.01 0.96 1.83 1.79 2.25 1.96 1.52 1.35 0.10 0.12 0.44 1.20 1.47 1.24 1.07
4.74 8.25 11.56 15.20 12.40 10.83 15.48 16.13 10.66 6.51 6.71 10.25 10.94 12.30 4.90 3.53 2.16 2.01 1.76 3.42 3.60 2.63 2.84 4.25 3.29 4.09 7.20 4.55 5.54 2.73 3.93 2.16 2.59 0.70 0.44 0.93 1.29 0.87 2.57 2.56 2.75 2.86 2.04 1.41 1.00 0.75 0.57 0.51 0.22 0.08 0.39 0.50 0.43 0.33 0.40 0.48 0.30 0.20 0.17 0.31 1.05 1.05 1.01 1.12 0.99 0.74 0.66 0.86 1.20 1.08 1.58 1.99 2.33 2.21 1.67 1.89 0.67 0.49 0.80 0.89 1.01 1.44 3.55
8.47 6.88 8.93 12.01 15.66 10.53 10.96 13.73 16.90 11.15 5.64 13.87 19.44 17.21 6.12 4.10 3.35 2.42 1.65 3.20 3.60 3.11 4.53 4.87 2.33 2.57 7.69 3.06 2.00 2.03 1.94 2.34 2.47 2.08 1.03 1.97 0.58 0.57 1.47 0.79 1.68 2.54 2.66 1.78 1.24 1.06 0.62 0.80 0.05 0.04 0.00 0.11 0.00 0.34 0.38 0.54 0.21 0.19 0.24 0.35 0.94 1.29 1.16 1.17 1.13 0.87 0.85 1.15 1.15 1.26 1.45 1.78 2.15 2.33 2.12 0.59 0.23 0.44 0.23 0.30 4.09 4.93 1.55
9.97 5.22 5.34 11.63 13.91 16.23 16.19 14.40 9.74 14.06 8.37 12.04 12.26 10.75 5.74 4.35 3.04 2.16 1.67 1.94 3.26 2.92 4.22 4.33 2.55 2.59 3.33 3.83 4.77 2.09 2.24 1.85 1.73 3.05 1.78 1.12 0.53 1.03 1.54 1.23 2.76 4.41 4.42 2.70 1.75 1.44 0.69 1.07 0.57 0.52 0.51 0.00 0.31 0.33 0.35 0.25 0.23 0.25 0.28 0.40 0.81 1.60 1.31 1.47 1.29 1.10 1.11 1.50 1.41 1.26 0.90 1.17 1.29 0.65 0.17 0.40 0.37 0.15 2.31 7.49 2.99 1.60 1.61
