DATA/Ex_dossier_pluie/24h/PH_20111105090000.asc
NCOLS 95
NROWS 110
XLLCENTER 939500
YLLCENTER 1831500
CELLSIZE 1000
NODATA_VALUE -999
[rows 37 to 73 of 110, columns 0 to 82 of 95]
1.28 2.43 2.18 1.76 1.80 2.26 1.80 1.11 1.38 1.58 1.48 2.59 3.09 2.10 1.41 1.65 1.25 1.30 1.52 1.35 1.23 2.50 2.75 2.66 2.17 1.69 1.52 1.62 1.72 1.68 1.62 2.31 2.91 4.32 9.06 7.26 3.61 6.24 5.26 5.44 5.81 6.44 10.21 9.55 8.19 8.60 11.46 12.88 13.58 21.74 18.75 14.57 6.17 5.59 1.52 2.28 2.32 2.14 2.44 1.81 1.97 2.33 1.73 1.30 1.45 1.37 0.88 0.87 1.17 1.61 0.63 0.87 0.73 0.69 0.46 0.21 0.08 0.18 0.21 0.25 0.37 0.37 0.49
0.96 1.33 1.67 1.82 2.06 2.89 2.08 1.26 1.58 1.58 1.52 1.89 1.52 1.49 1.45 1.38 1.58 1.81 1.90 2.63 2.33 2.21 2.17 2.71 2.51 2.16 3.47 1.92 2.26 1.41 1.64 1.92 3.27 6.97 6.34 9.00 8.78 6.71 6.41 6.47 6.20 7.16 9.12 7.89 8.42 9.52 10.89 11.24 18.75 20.70 19.66 23.26 11.87 5.28 2.38 1.38 2.23 3.52 1.89 2.10 2.61 2.53 1.88 1.52 2.27 1.58 1.47 1.67 1.36 0.82 1.35 0.60 0.72 0.51 0.38 0.50 0.35 0.18 0.21 0.12 0.36 0.33 0.51
1.27 1.35 1.45 1.71 1.46 1.91 1.73 2.05 1.91 1.51 1.58 1.52 1.55 1.76 1.67 1.64 1.63 3.13 5.42 3.24 3.02 2.77 2.67 2.25 2.16 2.33 2.36 1.86 4.10 1.74 1.84 1.69 2.90 4.92 6.16 10.30 8.05 9.95 6.31 6.96 7.06 6.42 7.27 8.41 8.22 9.52 12.52 13.42 16.11 22.18 20.42 21.72 18.25 10.94 7.38 2.85 6.59 5.27 2.73 2.99 2.63 2.21 2.08 2.79 2.31 3.33 3.35 1.40 0.43 0.64 1.88 0.47 0.79 1.15 1.26 0.84 0.27 0.19 0.11 0.33 0.28 0.03 0.18
2.40 1.63 1.60 1.49 1.44 1.85 1.92 1.73 1.47 1.56 1.63 1.37 1.62 1.55 1.60 1.89 1.71 1.99 6.52 6.13 3.36 2.50 2.99 2.48 2.07 1.94 2.04 2.60 2.32 4.16 1.97 2.53 3.23 6.33 6.20 8.42 7.82 8.19 8.12 8.62 6.54 8.30 6.19 7.70 9.32 9.90 11.11 12.43 13.30 15.98 19.47 24.88 23.35 12.97 14.51 12.67 8.93 4.85 3.87 3.03 2.39 1.76 2.08 3.75 3.18 1.54 1.66 0.75 0.55 1.78 1.92 1.22 1.49 1.48 0.91 0.75 0.32 0.17 0.24 0.23 0.18 0.08 0.18
3.27 1.73 1.38 1.44 1.45 1.60 2.87 2.63 1.61 1.27 1.57 1.51 1.27 1.56 1.46 1.52 1.45 2.17 3.55 5.45 3.86 3.49 1.31 1.95 2.50 3.01 2.24 2.04 2.30 3.62 4.10 3.52 3.71 5.33 9.61 8.58 9.13 9.84 8.39 5.94 8.36 8.54 8.02 9.13 11.13 10.16 11.07 11.06 14.06 15.50 23.19 29.72 27.39 26.50 20.65 14.88 7.18 5.94 4.83 3.21 2.32 2.17 2.34 3.76 2.91 1.67 1.33 0.66 1.31 1.47 1.67 1.98 1.43 0.88 0.92 0.86 0.20 0.14 0.13 0.07 0.12 0.11 0.29
2.25 1.50 1.38 1.35 1.25 1.14 1.60 3.92 3.21 3.26 2.67 1.38 1.22 1.58 1.98 2.30 2.83 2.62 2.72 2.90 3.15 2.91 1.89 3.40 3.42 3.05 3.62 3.05 3.08 3.64 4.12 5.76 4.86 3.91 4.69 8.48 8.98 10.90 10.65 9.78 9.63 11.15 9.34 10.63 9.51 9.14 9.57 11.05 13.63 17.94 23.43 28.64 27.52 26.24 24.15 15.97 9.90 8.00 5.01 3.55 2.82 2.47 2.91 3.14 2.51 2.31 0.99 1.39 0.97 1.31 2.07 1.27 1.60 1.02 0.45 0.30 0.28 0.42 0.25 0.18 0.08 0.16 0.25
1.49 1.58 2.19 1.30 1.32 1.46 1.33 2.98 3.55 2.58 1.28 2.04 1.09 1.45 2.72 2.29 2.38 2.24 1.98 2.29 2.71 2.89 2.06 4.48 3.97 4.37 3.34 3.45 2.87 4.10 4.89 5.36 5.06 5.78 5.49 5.91 8.79 10.93 11.08 10.07 9.69 9.08 9.99 10.51 9.29 9.15 9.29 9.80 12.12 15.87 17.33 25.76 30.68 29.58 27.61 22.24 15.95 10.04 6.44 4.85 3.01 2.27 2.09 2.23 2.13 2.72 2.18 1.87 1.25 2.23 1.78 1.90 1.52 0.76 1.08 0.95 1.41 0.79 0.50 0.25 0.19 0.09 0.14
1.87 1.64 1.47 1.13 1.30 1.23 1.18 1.63 2.21 1.33 1.33 2.54 1.30 1.20 2.27 2.90 3.81 3.62 3.10 2.35 3.55 1.40 1.91 3.57 3.68 3.69 3.39 3.46 4.28 4.54 4.07 3.97 4.09 3.85 5.92 6.64 6.58 7.50 10.36 11.35 11.15 10.80 9.79 8.81 8.67 9.34 8.91 9.49 10.53 13.62 17.96 24.20 29.44 33.04 37.22 30.92 21.03 13.59 7.82 5.68 3.60 2.38 2.00 2.55 2.15 2.70 3.60 1.81 1.44 2.20 1.49 1.09 1.42 0.72 1.69 1.60 1.28 1.71 0.53 0.23 0.43 0.36 0.30
2.22 2.97 2.28 1.52 1.38 1.33 1.45 1.12 1.41 1.16 1.25 1.94 1.22 1.61 1.93 2.43 2.53 3.11 2.92 2.85 4.28 8.14 4.72 2.41 2.65 3.44 3.55 3.31 3.49 3.75 4.58 4.46 4.59 4.01 5.22 5.22 6.33 6.72 8.44 11.58 12.29 11.81 11.44 10.01 9.65 11.03 9.00 9.68 9.05 11.97 20.05 24.88 25.17 30.14 36.50 35.66 28.40 17.81 9.78 5.81 3.49 2.84 1.91 1.73 1.74 2.76 3.30 2.27 1.73 2.65 1.77 1.06 0.58 1.37 1.82 1.72 0.96 0.64 0.54 0.44 0.38 0.31 0.30
2.38 2.69 4.17 2.62 1.97 1.48 1.51 1.71 2.29 2.11 1.38 2.12 2.78 2.48 2.52 2.37 3.04 2.80 2.52 2.95 4.70 6.98 5.64 3.33 3.58 4.39 3.73 3.01 3.74 3.14 3.29 4.15 5.16 5.51 6.13 7.20 6.73 6.85 9.14 9.82 11.35 13.21 12.38 10.46 10.25 10.42 8.97 8.92 8.60 12.11 19.84 24.39 30.89 30.53 32.79 38.01 37.65 23.25 12.77 7.46 3.86 2.38 1.99 1.74 2.52 3.37 4.56 2.89 2.12 1.57 0.55 2.00 1.39 2.24 1.92 1.61 0.98 0.61 0.72 0.41 0.42 0.24 0.24
2.20 1.59 5.08 1.80 1.80 1.46 1.34 1.70 3.87 3.80 6.54 6.99 5.61 3.82 3.33 2.95 2.83 2.67 2.33 2.22 2.78 2.74 3.35 3.18 3.97 6.54 5.93 4.65 3.96 3.24 3.11 3.45 4.99 5.90 6.24 7.00 8.20 8.51 8.26 9.25 10.41 12.07 13.35 10.84 10.58 9.08 9.31 10.18 10.88 13.60 20.06 21.78 26.66 32.43 34.27 33.45 39.64 28.46 18.29 10.09 4.31 2.70 1.92 2.58 2.65 3.60 3.16 1.73 1.34 0.91 0.63 2.19 0.99 1.18 1.92 0.80 0.42 0.63 0.74 0.75 0.64 0.52 0.33
2.13 1.57 4.72 1.41 1.58 1.51 1.34 1.32 1.14 2.77 3.10 3.81 3.77 3.47 3.36 2.99 3.25 3.28 2.70 3.07 2.74 2.41 3.52 4.46 4.05 6.11 6.70 5.73 4.51 4.57 4.02 4.00 5.00 5.44 5.01 5.25 6.01 7.50 9.40 11.33 11.14 11.28 13.07 14.10 14.38 10.59 8.05 9.74 12.19 16.38 19.78 16.49 26.23 36.10 36.18 36.68 35.58 29.42 20.92 10.73 5.15 3.18 2.21 2.36 2.43 4.75 3.13 2.73 2.33 1.27 0.65 2.15 1.52 1.52 0.97 0.57 0.79 1.49 1.20 0.84 1.03 0.98 0.28
5.42 4.13 4.01 1.83 1.82 1.34 1.31 1.34 1.51 1.85 2.88 4.54 3.46 3.37 2.30 1.67 3.40 3.77 3.82 3.63 3.10 3.08 3.84 6.24 5.96 6.27 6.33 4.62 4.70 4.94 4.11 4.11 4.92 5.97 5.12 4.85 6.62 7.53 8.25 9.84 11.04 12.37 11.99 13.33 18.09 16.57 10.63 10.40 12.50 16.90 17.34 15.24 26.42 39.14 38.65 36.03 36.36 29.85 27.71 15.83 5.61 3.41 2.26 1.77 2.93 4.62 4.22 4.35 3.65 2.42 1.62 2.12 1.91 1.29 0.89 3.39 2.76 2.20 1.05 0.89 0.38 0.52 0.35
6.72 6.50 7.12 1.93 1.75 1.90 3.48 1.60 2.94 3.88 4.09 3.80 3.19 1.28 1.28 1.98 1.94 2.85 3.38 3.38 3.18 3.30 5.17 4.54 6.87 2.92 3.52 8.68 4.53 4.05 5.49 5.16 4.42 4.31 5.92 6.85 7.11 8.70 9.37 9.41 9.79 11.68 13.23 12.86 15.78 17.58 13.45 9.80 11.51 13.81 14.73 16.10 24.92 34.53 36.69 34.89 36.26 34.43 30.68 17.07 6.79 4.02 2.39 1.71 2.07 3.47 4.35 6.28 5.97 3.43 0.95 1.66 2.29 0.86 1.00 3.48 3.51 2.88 1.51 1.90 1.91 1.12 0.57
7.92 6.82 5.48 2.21 2.16 5.71 5.00 1.88 2.28 3.17 3.77 3.54 3.94 1.15 1.10 1.79 3.80 3.70 4.56 3.23 2.69 3.58 5.32 7.46 6.88 5.48 4.21 6.81 6.46 4.59 4.29 4.93 4.41 5.12 6.15 7.04 7.68 7.40 8.45 8.29 8.86 10.23 12.42 10.79 10.48 13.98 13.11 8.76 2.66 10.06 12.62 16.39 24.99 31.38 29.15 39.10 33.59 31.20 32.87 21.19 8.15 5.52 2.48 1.61 1.20 1.87 2.94 4.71 5.89 3.19 0.96 1.53 1.55 1.27 2.93 6.18 3.38 1.05 1.52 1.97 1.29 0.78 0.49
9.58 7.32 6.18 3.18 3.53 5.54 4.35 2.10 2.34 4.64 4.33 3.49 4.25 1.90 1.63 1.61 2.56 4.25 4.54 3.08 2.54 3.03 2.84 3.92 3.75 3.54 4.09 6.25 8.59 6.23 6.51 5.05 4.47 5.32 6.77 6.69 8.07 7.73 7.13 9.54 7.79 6.30 10.20 11.28 11.22 14.21 12.65 3.34 0.07 6.09 12.45 20.11 25.95 29.40 31.89 41.34 31.93 28.52 27.27 20.27 11.35 8.71 3.55 1.81 1.17 1.63 2.63 4.22 4.79 2.03 1.22 1.23 1.86 4.48 5.24 3.92 1.43 0.92 1.78 2.15 1.27 0.80 0.43
10.80 11.34 9.81 6.74 6.53 7.06 3.70 1.65 1.81 2.92 4.13 3.72 4.00 5.08 1.45 1.93 2.31 4.44 4.58 4.17 4.00 3.85 4.37 3.72 3.40 5.01 5.69 6.17 7.81 6.78 6.20 5.65 4.76 4.78 6.34 7.17 6.99 7.10 7.13 8.76 9.64 8.91 5.54 7.00 12.66 15.31 14.23 8.56 1.68 8.33 13.32 18.33 23.47 27.02 35.83 42.27 36.61 27.83 21.48 14.83 14.78 12.19 4.50 2.30 1.54 1.52 2.53 2.78 3.37 3.27 1.60 0.86 1.41 2.88 1.99 0.94 1.37 1.47 2.16 2.32 1.78 1.21 0.83
8.87 9.28 9.70 8.70 9.27 6.40 1.89 1.84 1.88 2.76 4.74 4.87 4.28 2.80 4.43 1.99 1.71 3.11 3.35 3.67 3.19 4.63 5.08 4.25 3.65 6.01 7.62 5.84 5.37 5.82 4.96 4.14 3.84 6.05 6.15 6.13 6.79 6.21 6.67 9.50 10.10 9.69 8.19 4.89 11.25 17.31 18.21 11.53 7.91 10.27 14.69 16.11 19.32 23.63 29.49 41.73 34.29 26.71 19.03 12.81 13.16 13.43 4.60 2.46 1.81 1.15 2.18 3.48 4.30 4.71 2.73 1.08 1.01 1.88 1.33 0.70 1.27 3.36 2.76 2.15 2.02 1.44 1.04
12.21 11.09 9.25 11.73 11.48 7.15 2.00 2.06 2.27 2.70 4.26 3.28 2.33 1.82 1.90 4.14 4.55 4.59 1.69 3.45 5.79 5.34 5.48 3.92 4.30 9.90 9.24 7.53 6.49 6.31 6.60 4.69 3.74 4.82 5.29 5.73 6.33 6.57 6.46 7.34 8.09 8.59 7.94 7.67 9.35 16.30 16.48 15.38 9.75 11.04 13.14 15.52 18.33 25.13 28.60 33.64 34.68 30.55 18.79 11.58 10.60 9.60 4.86 3.88 2.22 1.06 2.56 2.08 2.93 2.66 1.76 0.60 1.15 1.45 0.64 0.82 1.32 3.70 2.67 1.50 0.47 0.83 0.81
11.14 13.19 13.57 12.57 14.06 3.38 2.20 2.35 2.39 3.05 4.92 5.05 4.46 3.20 3.64 3.75 8.77 4.46 1.78 4.12 5.70 4.41 3.40 3.77 3.77 5.55 6.86 8.55 7.25 5.41 8.65 7.13 5.07 5.74 4.46 4.01 7.10 10.15 7.39 7.20 5.48 6.42 9.39 7.31 8.35 17.15 14.17 12.75 9.94 8.89 12.25 12.79 18.75 24.17 27.33 31.92 32.46 30.10 18.16 13.05 10.25 6.53 5.17 3.61 2.32 1.07 0.66 1.14 2.11 2.70 2.26 1.25 1.67 1.38 0.49 1.22 2.14 1.25 0.97 0.63 0.46 0.81 0.74
12.64 13.34 13.93 13.87 9.87 5.90 2.46 3.14 3.59 3.93 4.19 4.55 5.06 6.51 4.87 2.68 3.27 3.24 2.47 7.00 6.79 4.79 2.96 3.26 4.29 5.69 2.60 3.53 3.78 5.65 9.24 9.69 6.73 8.05 5.53 3.92 4.81 10.17 9.36 6.85 5.55 6.49 10.68 9.65 7.63 7.93 8.11 7.84 10.27 10.28 14.21 15.53 16.28 24.08 27.21 29.15 32.24 32.19 21.08 15.32 9.58 5.02 5.92 5.86 2.27 0.69 0.57 1.01 1.81 2.04 2.34 1.49 1.37 0.90 0.50 1.33 1.48 1.35 0.74 0.73 0.68 0.73 0.65
9.67 9.48 9.86 8.21 4.62 3.86 2.77 3.33 5.03 5.74 5.89 5.19 5.32 5.52 3.60 3.35 3.32 2.81 2.40 2.97 5.27 3.96 3.19 4.12 6.16 6.98 3.04 2.91 4.03 7.29 7.97 8.40 7.75 4.93 4.68 3.67 3.98 5.81 7.56 9.15 6.68 6.34 9.79 10.34 5.51 4.49 6.06 7.40 11.76 12.10 13.34 14.69 16.92 -999 27.35 24.87 30.79 31.07 22.60 16.72 9.03 4.69 4.94 5.93 1.59 1.02 0.65 1.20 2.59 3.15 3.97 2.23 1.26 0.83 0.40 1.03 0.99 0.42 0.28 1.12 1.13 1.90 1.07
9.11 10.29 10.62 15.40 2.27 2.36 2.70 4.75 10.47 11.66 6.92 5.36 2.55 2.38 4.34 2.30 2.06 3.13 1.94 2.45 1.91 2.67 3.59 3.52 6.83 8.17 6.22 7.22 8.05 7.57 9.01 9.15 7.16 5.77 4.13 4.10 6.09 3.75 2.93 3.47 6.66 8.68 9.58 9.18 4.17 3.95 4.28 7.25 12.52 14.54 13.50 12.39 16.17 14.82 -999 22.48 25.72 25.89 25.60 17.68 9.41 5.51 5.67 5.24 1.46 1.35 1.06 1.95 2.57 2.68 4.33 1.94 1.35 0.67 0.53 0.40 0.32 0.47 0.90 1.35 1.38 1.38 0.40
9.36 13.08 11.55 8.25 2.26 2.33 2.35 5.51 8.70 3.01 3.82 4.83 4.42 4.07 3.83 3.72 4.10 2.94 2.31 3.16 1.20 2.00 3.66 4.06 5.20 6.37 6.82 5.86 4.72 5.54 8.27 9.28 6.25 5.18 6.30 3.84 5.17 3.47 2.99 2.90 4.55 7.66 7.69 7.22 4.17 4.87 4.94 6.54 12.45 14.47 13.25 10.32 14.81 18.32 21.10 -999 27.42 24.96 25.12 17.77 10.09 6.66 5.95 3.86 2.12 2.26 2.14 1.46 1.52 3.85 2.71 1.52 1.44 0.54 0.91 0.70 0.28 0.61 1.25 0.90 0.96 0.32 0.41
7.18 9.56 7.41 4.70 5.30 2.89 2.45 5.97 2.32 2.26 8.10 5.09 6.97 6.77 4.37 4.72 4.76 4.72 4.49 4.78 2.00 3.29 3.76 5.34 2.95 2.18 3.03 2.93 5.87 4.74 4.58 5.81 4.09 4.53 3.58 3.06 2.76 2.84 2.32 4.16 4.95 6.58 3.59 4.31 5.76 4.97 5.70 5.53 8.45 10.26 11.89 12.90 15.74 18.45 22.98 -999 -999 22.67 22.67 17.76 10.20 8.33 6.43 3.29 2.77 3.45 2.32 1.09 1.52 3.25 3.03 1.72 0.65 0.56 0.85 0.59 0.50 0.94 1.39 0.80 0.65 0.24 0.18
4.70 6.16 6.51 5.81 4.70 4.15 4.87 7.94 3.95 3.91 7.31 5.74 6.95 9.85 6.69 5.84 5.56 6.83 3.83 3.54 2.29 1.75 1.92 2.42 1.89 2.24 5.79 9.44 4.30 3.05 2.44 2.69 2.70 6.27 4.87 4.10 3.24 2.57 1.38 2.84 3.06 4.84 3.52 4.59 6.95 5.68 8.82 7.79 8.39 8.66 10.72 14.43 12.76 15.26 21.97 20.68 -999 -999 20.25 19.33 10.94 8.71 6.24 3.60 3.45 4.05 1.54 0.52 1.40 3.64 3.68 1.37 0.35 0.51 1.05 0.58 0.32 0.86 0.80 0.85 0.19 0.28 0.27
2.85 6.35 8.47 10.54 11.97 6.39 7.07 11.19 9.64 7.01 7.23 6.77 6.69 11.22 6.76 5.86 6.64 6.08 2.84 2.13 2.11 1.97 3.61 6.07 6.53 6.01 2.78 7.90 6.08 3.77 2.17 3.86 4.22 4.70 7.09 5.68 3.25 3.35 2.16 2.52 2.87 4.30 2.89 4.85 6.08 7.88 9.84 7.23 4.36 5.73 12.00 16.62 14.60 13.36 18.48 17.80 18.48 -999 -999 20.64 13.52 8.70 5.15 3.62 4.67 4.04 0.54 0.39 0.63 2.14 1.46 0.74 0.43 0.73 0.56 0.19 0.35 0.93 0.40 0.22 0.26 0.47 2.46
4.21 7.78 12.86 11.37 10.66 11.75 14.31 10.80 10.53 7.68 7.27 7.06 8.42 10.26 6.92 5.42 6.91 4.96 2.15 3.00 3.18 2.41 4.67 3.86 3.52 2.58 3.20 6.25 6.57 5.26 2.58 6.18 4.46 5.79 8.69 6.16 3.07 2.86 2.33 3.38 2.49 2.93 3.52 3.95 4.36 5.96 6.97 8.33 3.74 6.87 12.04 15.82 14.09 11.03 13.64 15.93 13.29 0.31 -999 -999 13.53 9.45 4.92 4.73 4.54 2.34 0.72 0.62 0.91 1.80 1.01 0.17 0.46 1.09 0.50 0.17 0.30 0.43 0.19 0.22 0.31 0.50 1.33
4.03 9.83 10.97 9.45 9.92 8.62 8.09 9.17 8.09 5.84 6.38 12.05 12.28 11.16 6.95 3.96 6.15 4.95 3.67 2.71 3.13 5.67 3.48 3.37 3.42 3.04 3.09 3.17 1.97 1.85 2.66 2.01 4.26 6.61 7.85 4.51 3.99 3.53 2.85 2.98 2.53 3.07 2.78 2.33 2.56 4.02 4.73 5.72 3.66 7.70 10.96 14.72 11.20 9.58 13.47 11.70 12.96 11.38 -999 -999 -999 9.95 6.36 5.71 3.56 1.56 0.80 0.74 0.73 1.03 0.96 0.46 0.43 0.93 0.49 0.17 0.38 0.23 0.23 0.61 0.87 0.66 0.54
7.27 7.54 8.84 9.33 12.12 16.53 8.59 5.30 8.56 8.81 7.03 10.28 8.62 7.90 5.81 5.64 5.14 6.21 6.20 2.80 3.61 5.57 3.03 3.64 2.39 2.77 2.76 2.07 1.23 1.53 1.71 1.21 3.34 5.58 4.29 3.13 4.99 3.99 4.59 3.86 1.79 2.54 2.83 1.89 2.24 2.92 2.90 1.91 2.89 6.83 8.68 11.82 10.97 8.76 13.06 14.19 15.61 11.29 11.10 -999 -999 -999 10.64 5.96 3.60 1.78 0.88 1.57 0.85 0.81 0.77 0.63 0.85 0.66 0.18 0.40 0.32 0.22 0.47 0.52 0.68 0.24 0.36
5.21 8.17 13.74 16.23 14.80 14.61 9.77 10.32 10.00 9.62 5.48 6.08 5.96 5.20 5.23 5.32 5.00 7.20 6.56 2.26 5.08 4.54 4.57 3.42 1.47 1.95 1.46 1.69 1.11 1.62 2.57 2.61 2.22 2.88 1.71 2.23 3.97 6.77 5.98 3.05 1.43 1.57 1.61 2.06 2.43 3.21 2.30 2.23 3.08 6.73 7.99 9.76 9.06 10.86 12.09 11.02 13.69 11.16 9.00 0.55 -999 -999 -999 7.07 2.84 2.18 1.40 1.13 0.33 0.25 0.72 0.51 0.75 0.33 0.35 1.02 0.19 0.10 0.30 1.29 0.34 0.22 0.35
4.82 6.11 13.05 17.12 18.69 14.23 9.05 7.34 6.93 5.55 5.81 7.38 5.74 4.32 4.77 5.32 5.51 8.84 5.86 2.99 5.52 5.11 4.74 4.77 1.85 2.06 2.00 1.38 0.70 1.04 3.39 3.66 2.67 2.68 3.29 2.28 6.89 12.13 5.46 3.71 1.75 1.66 1.96 2.54 2.58 2.77 2.30 3.05 2.42 5.48 6.78 7.95 9.97 13.81 10.13 9.48 12.48 10.01 7.12 10.76 -999 -999 -999 -999 4.47 3.92 1.29 0.47 0.11 0.24 0.81 0.68 0.49 0.20 0.29 1.21 0.20 0.10 0.51 0.49 0.14 0.29 0.24
3.07 4.79 9.64 10.27 11.03 10.63 7.22 8.95 9.38 4.25 3.67 9.28 7.42 5.48 5.64 5.66 6.52 6.03 5.42 2.25 4.38 4.00 3.75 2.22 1.81 2.52 2.05 1.18 0.80 1.48 3.43 2.70 1.71 2.15 2.38 2.34 6.34 10.22 3.14 2.88 3.27 2.07 2.11 2.34 2.51 2.52 2.53 3.52 2.69 4.13 4.10 8.33 10.51 12.98 9.52 7.96 10.54 8.29 7.49 9.47 11.21 -999 -999 -999 -999 3.40 2.11 0.44 0.33 0.55 0.69 0.45 0.30 0.26 0.36 0.40 0.08 0.14 0.93 0.54 0.06 0.27 0.20
3.50 7.01 9.26 6.62 10.30 14.02 11.25 7.90 3.73 2.71 4.03 6.69 5.68 4.63 7.30 5.69 6.53 6.53 4.10 2.45 3.69 3.90 1.58 2.77 2.67 2.59 1.91 1.28 1.15 1.88 2.86 1.75 1.19 2.11 1.31 3.33 5.88 3.34 2.33 4.74 4.41 2.33 1.80 1.75 2.45 2.02 2.75 2.69 2.77 3.96 2.91 6.77 12.75 13.30 10.73 8.50 8.99 4.73 4.53 6.20 8.26 0.05 -999 -999 -999 -999 2.68 1.18 0.47 0.47 0.38 0.23 0.25 0.17 0.32 0.22 0.14 0.18 0.13 0.06 0.18 0.22 0.13
4.40 7.01 11.00 4.82 8.38 9.90 7.84 8.45 8.13 2.31 2.79 4.91 4.01 2.77 4.62 5.59 3.76 4.58 3.96 4.00 5.96 3.70 2.14 1.97 2.33 2.26 2.41 1.72 1.30 1.52 2.33 1.38 1.81 2.21 1.27 1.97 2.46 1.84 3.58 5.62 4.21 2.43 2.05 1.60 1.69 1.50 2.07 2.76 2.27 2.99 3.17 6.81 13.21 11.96 11.77 11.74 8.74 2.85 1.64 4.36 4.53 4.68 -999 -999 -999 -999 -999 2.04 1.27 0.51 0.38 0.13 0.23 0.29 0.30 0.04 0.47 0.80 0.06 0.09 0.68 0.37 0.04
2.50 3.53 6.24 6.09 7.62 8.04 14.56 16.22 10.72 6.37 5.49 4.02 3.54 3.09 3.59 5.30 2.82 2.42 3.93 3.37 6.06 4.56 1.93 2.47 1.62 1.99 2.53 2.16 1.43 1.13 1.60 1.29 1.35 1.65 1.89 1.64 1.52 1.97 3.33 5.88 3.68 2.30 2.01 1.23 1.54 1.88 2.80 3.71 2.69 3.05 3.74 4.89 9.82 14.93 14.29 14.57 9.09 1.98 1.47 3.17 4.42 6.52 8.34 -999 -999 -999 -999 -999 0.65 0.51 0.12 0.12 0.30 0.22 0.21 0.03 0.53 0.35 0.06 0.11 0.80 0.41 0.11
2.37 3.13 4.01 4.64 7.87 20.38 15.15 18.05 21.43 8.51 6.44 4.23 4.36 2.16 1.81 2.42 3.06 4.00 4.37 2.70 4.47 3.92 1.63 2.01 2.70 2.18 4.08 3.66 3.61 1.15 1.34 1.38 0.95 2.08 2.53 1.73 1.31 2.31 3.62 6.06 3.35 2.20 2.14 1.27 1.45 2.56 3.01 3.50 2.58 3.45 4.15 4.12 5.65 10.77 13.49 17.46 12.95 3.50 3.21 4.33 5.04 8.02 10.28 0.00 -999 -999 -999 -999 -999 0.17 0.18 0.06 0.17 0.11 0.14 0.04 0.29 0.10 0.04 0.16 0.74 0.15 0.06
