DATA/Ex_dossier_pluie/24h/PH_20111105080000.asc
NCOLS 95
NROWS 110
XLLCENTER 939500
YLLCENTER 1831500
CELLSIZE 1000
NODATA_VALUE -999
[rows 36 to 71 of 110, columns 0 to 80 of 95]
2.58 3.67 4.03 5.97 8.53 11.55 9.92 10.68 6.59 7.54 10.56 11.83 7.06 5.70 3.47 3.18 3.02 3.29 2.92 5.28 5.19 6.47 8.29 10.05 11.58 11.46 6.06 4.54 2.34 2.53 2.33 2.88 4.95 11.20 4.31 3.09 3.61 5.59 9.44 8.20 8.77 6.13 5.44 7.49 8.50 6.60 3.85 2.87 2.37 3.23 3.18 0.83 0.13 0.06 0.51 0.57 0.24 0.25 0.46 1.08 1.26 1.54 1.15 2.04 1.98 1.56 2.38 2.76 2.44 2.72 0.99 0.57 0.91 1.40 0.55 1.02 1.79 2.60 2.16 2.20 3.30
1.95 2.46 3.02 3.27 3.65 4.62 5.23 7.87 3.22 3.57 5.11 9.77 7.75 8.51 2.87 3.03 3.79 4.00 4.62 7.61 5.57 7.12 6.83 9.22 12.03 8.18 5.97 5.32 2.80 2.52 3.57 5.96 8.21 10.78 7.49 5.21 5.94 6.83 8.46 9.71 8.03 7.41 6.04 6.74 7.94 7.87 5.07 3.03 2.32 3.18 3.19 1.13 0.82 0.12 0.09 0.11 0.09 0.28 0.73 0.79 1.08 1.15 1.45 1.21 2.37 2.72 1.66 2.00 2.48 2.28 1.14 1.48 2.89 3.46 1.00 1.79 3.16 3.67 6.56 8.66 6.27
2.78 4.32 2.36 2.83 2.78 3.92 4.46 4.38 2.49 2.64 3.51 9.45 11.85 3.02 3.01 3.06 2.93 6.62 9.37 8.57 8.96 7.54 6.56 7.74 8.49 8.77 5.26 4.46 3.89 2.72 3.29 4.63 7.89 11.57 10.48 9.72 11.32 11.06 9.67 11.11 10.08 6.50 5.00 5.70 8.10 8.48 5.40 3.24 2.70 3.54 2.68 2.77 0.95 0.40 0.10 0.32 0.11 0.82 0.73 0.74 0.96 1.01 1.10 1.38 3.03 2.98 2.93 3.64 2.00 2.86 2.13 2.01 1.14 0.92 3.42 4.64 6.29 4.76 4.39 4.31 4.22
3.56 2.29 2.24 2.14 4.24 3.38 3.76 3.13 1.90 2.66 2.85 4.00 4.15 2.90 2.99 3.38 3.75 10.42 9.80 7.53 7.38 8.38 6.88 6.51 8.55 9.04 8.67 8.51 6.63 6.78 5.23 5.60 7.05 10.59 12.98 12.00 12.76 10.95 9.68 11.22 11.26 9.12 5.01 4.96 7.48 6.18 6.47 4.76 3.25 3.59 3.41 2.25 1.40 0.75 0.57 0.29 0.33 1.01 0.60 0.74 0.91 0.98 1.29 2.02 2.97 3.69 2.85 4.45 2.22 3.00 2.57 3.29 3.32 4.68 4.87 5.15 3.91 2.38 3.42 4.50 4.89
4.51 3.07 2.29 2.32 2.48 4.56 2.84 2.96 3.15 2.60 2.55 4.49 3.22 3.01 3.29 3.39 3.35 7.90 8.82 7.36 6.38 5.95 7.19 7.89 8.95 12.76 14.33 12.01 6.53 9.24 8.83 9.52 12.24 10.74 12.55 12.45 12.79 11.67 9.86 9.89 6.87 10.43 6.97 5.65 6.76 6.78 6.25 5.85 4.25 4.80 3.67 3.40 1.84 1.19 0.98 1.16 0.84 0.60 0.41 0.40 0.59 1.43 2.79 3.40 2.51 2.82 2.70 2.44 2.21 1.98 2.31 4.14 7.99 6.57 5.82 7.39 4.97 4.66 3.90 4.68 3.85
5.85 4.30 2.18 2.34 2.31 2.13 4.76 4.30 2.69 1.61 2.73 3.95 2.85 2.17 3.03 2.09 5.02 7.50 7.55 7.43 7.94 7.11 4.53 6.17 8.10 8.53 12.19 12.46 11.55 8.90 13.77 9.81 11.85 13.99 12.90 12.58 11.33 12.43 10.64 10.12 9.64 10.51 11.58 8.76 7.47 7.50 7.06 4.93 4.88 4.42 4.24 3.04 2.98 1.71 1.00 1.19 0.70 0.84 0.41 0.29 0.48 1.63 2.08 2.03 2.32 1.77 3.71 4.29 2.17 5.40 2.10 2.98 7.23 4.99 4.70 5.24 4.51 5.12 4.34 6.13 5.16
7.47 5.85 2.64 2.36 2.41 2.27 4.37 4.33 4.53 4.43 5.40 3.17 2.56 3.20 5.72 6.51 6.21 6.77 6.89 7.76 8.04 6.95 7.29 7.19 7.35 7.14 9.29 12.47 9.94 9.41 9.11 10.32 9.15 10.29 11.34 11.14 10.26 11.02 11.59 11.06 9.71 10.93 9.68 9.92 6.68 6.64 7.60 5.71 5.30 5.01 4.87 3.28 2.98 1.95 1.73 1.53 0.90 0.71 0.46 0.49 0.96 1.47 1.38 1.58 1.30 2.17 1.69 4.23 5.59 7.26 2.32 2.89 8.40 5.57 4.11 3.93 5.99 4.52 5.85 6.41 5.60
3.94 4.99 2.75 2.22 2.35 2.25 2.31 4.84 5.51 2.49 3.01 5.04 2.30 5.41 6.20 6.71 8.30 9.60 6.63 4.81 7.68 7.59 6.42 9.40 9.41 11.58 11.00 13.27 11.18 12.26 13.52 11.98 13.29 10.91 12.39 12.98 13.32 11.94 13.90 14.74 12.21 10.73 12.39 10.25 8.85 6.83 6.99 6.19 5.82 5.61 4.51 4.14 3.55 2.50 2.14 1.84 0.97 0.65 0.68 1.08 1.05 1.43 1.69 2.69 4.23 4.08 4.62 4.96 6.84 6.45 7.02 4.46 3.76 7.51 5.81 4.46 5.45 4.69 6.14 7.34 8.50
1.65 2.72 3.50 2.54 2.00 2.00 2.05 4.47 4.98 2.42 2.42 4.87 3.56 4.67 5.06 6.67 6.64 9.10 9.35 8.28 10.66 8.71 10.38 11.63 10.59 12.52 12.71 13.48 12.57 14.69 13.44 12.91 13.59 13.29 14.51 13.47 13.81 11.84 12.53 13.43 14.10 13.69 12.22 12.12 10.25 6.69 7.44 7.26 6.61 6.69 7.04 5.86 4.94 3.51 2.88 2.43 1.16 1.04 1.17 0.99 1.00 1.17 1.47 2.61 4.56 4.14 3.47 5.10 7.55 8.93 10.63 2.54 2.59 5.12 5.42 5.15 5.93 5.73 5.92 6.85 9.69
1.90 3.93 3.66 3.22 1.94 2.08 2.10 3.76 4.69 3.86 3.31 2.95 3.24 3.77 5.42 6.78 7.32 7.73 6.92 7.47 6.65 6.61 11.02 11.73 12.78 11.67 12.68 15.23 16.70 17.23 17.04 15.11 13.72 12.55 12.50 13.92 15.59 13.15 11.66 13.81 14.50 16.05 14.98 11.61 11.74 8.16 7.06 7.75 8.05 7.52 7.88 7.00 7.66 4.82 4.30 3.78 2.18 1.75 1.45 1.14 1.23 1.60 2.05 3.36 2.18 2.31 2.45 6.65 7.03 6.36 7.22 6.36 2.44 4.08 6.91 5.87 6.21 5.49 5.20 7.26 11.53
2.00 2.81 4.14 4.58 3.26 2.48 1.63 2.11 3.51 4.21 3.91 4.20 3.76 4.43 4.94 5.84 6.13 6.49 5.22 5.42 5.45 6.30 5.97 9.44 11.29 11.90 12.38 12.15 15.04 18.15 15.08 14.06 12.40 12.47 12.76 13.95 15.18 13.94 13.39 14.24 14.83 16.23 16.48 13.83 12.49 10.96 8.83 8.96 9.13 7.28 7.23 8.26 8.45 5.97 4.64 4.17 3.69 2.24 1.64 1.24 1.67 2.40 2.88 2.67 2.35 2.72 1.85 3.60 5.34 6.77 7.58 3.52 2.84 8.38 9.61 8.66 7.69 8.75 7.00 8.35 8.77
2.11 2.69 4.99 2.85 2.07 1.86 1.86 1.95 4.43 4.48 4.64 4.72 4.38 4.12 5.05 5.19 5.66 5.79 5.25 4.70 5.60 5.17 5.94 6.30 8.20 10.71 10.89 12.01 15.40 17.33 15.61 13.85 12.96 12.81 13.12 14.28 14.66 15.58 16.54 15.39 14.11 15.48 17.97 17.65 15.09 13.48 10.70 10.08 9.58 7.77 7.76 9.28 10.36 7.55 5.04 4.98 3.92 2.91 2.22 2.00 1.97 1.95 2.57 2.39 2.48 2.44 3.36 3.22 3.19 6.07 6.77 4.35 5.45 8.41 8.87 9.76 10.06 9.22 8.17 7.31 4.33
2.12 2.47 5.37 2.74 1.94 1.93 2.04 1.77 2.08 3.82 4.81 4.83 5.33 5.31 5.78 5.83 5.67 6.72 6.13 5.25 5.86 5.92 5.71 6.42 7.02 7.56 9.81 14.09 15.21 17.95 15.00 12.81 13.19 14.28 14.99 16.50 15.24 15.81 17.71 17.27 15.08 16.42 18.47 19.16 19.70 18.93 16.82 12.71 10.54 9.13 10.54 9.87 8.06 8.37 6.28 5.61 5.40 3.29 2.87 2.32 2.86 2.03 2.40 2.36 1.46 2.56 2.55 3.54 2.43 5.00 4.94 6.50 6.45 8.36 7.89 8.68 9.05 10.44 8.67 9.44 5.02
3.55 5.29 5.36 1.82 1.89 1.86 2.02 1.91 1.97 3.54 6.13 5.97 6.48 6.28 5.23 4.31 6.78 6.65 7.21 6.94 7.29 7.74 8.33 8.39 9.04 8.19 9.05 10.15 18.01 20.94 17.19 14.86 13.90 14.42 14.31 14.12 17.49 16.15 17.06 17.35 17.63 18.82 18.54 21.06 21.89 22.23 20.23 14.74 11.05 8.96 12.58 9.20 11.11 11.32 7.16 5.33 4.11 3.80 3.08 2.68 3.23 2.80 1.43 1.44 1.37 1.74 1.96 2.30 3.06 4.24 5.93 5.57 6.74 7.27 7.36 7.38 10.92 13.83 8.63 8.20 7.84
4.84 5.21 5.79 1.92 1.97 2.22 3.83 3.42 3.63 3.82 5.80 6.44 5.24 3.81 3.29 3.23 6.09 7.19 6.97 6.97 7.81 8.00 8.75 8.72 9.57 9.89 12.47 13.86 19.17 20.68 20.08 20.05 16.77 14.32 13.78 13.76 15.60 19.03 16.84 16.81 18.66 18.38 18.97 21.45 22.58 23.62 19.67 14.90 10.04 10.70 12.42 14.02 12.83 11.88 9.20 7.14 4.90 5.12 3.70 3.10 4.56 3.17 1.25 1.18 1.64 2.36 2.20 2.24 2.67 4.32 5.07 6.62 7.53 7.35 7.45 6.46 7.18 10.79 11.10 7.40 9.27
5.63 6.35 5.87 1.97 2.26 5.69 5.39 3.50 4.96 5.33 5.21 5.14 4.76 2.39 2.35 3.26 6.13 7.28 7.22 6.78 7.22 8.27 8.05 10.06 10.77 11.59 13.24 15.79 14.79 14.90 16.80 18.14 18.19 16.43 15.97 17.82 16.55 17.20 16.91 17.71 20.36 18.95 18.82 20.19 19.64 21.93 20.11 12.36 0.97 9.94 12.66 17.34 12.67 12.92 14.13 14.28 9.16 8.78 5.49 4.44 5.66 3.19 1.72 1.71 2.42 2.25 2.61 2.91 3.09 3.54 5.66 6.13 6.01 8.25 8.56 7.69 8.39 10.46 13.67 8.93 9.08
4.17 4.43 4.31 4.03 3.83 5.09 4.86 2.99 2.57 4.21 5.19 4.93 5.32 2.91 3.79 4.16 5.20 7.11 7.14 7.51 7.72 8.49 8.86 9.80 9.09 9.84 10.16 12.55 16.11 16.16 16.73 17.63 17.43 16.11 15.96 18.41 18.04 17.63 14.97 15.65 21.23 20.16 17.20 20.37 18.79 18.30 15.91 8.12 0.00 8.54 14.90 11.55 11.75 12.28 19.31 19.26 14.00 11.80 7.63 5.02 5.90 3.37 1.98 1.71 3.46 2.24 1.50 2.37 2.36 2.01 3.93 5.47 7.04 9.18 9.11 9.70 11.22 11.48 14.01 10.79 8.95
4.98 4.73 5.27 5.85 5.63 5.30 3.11 1.89 1.93 1.80 5.39 5.38 5.66 3.93 3.15 2.83 5.56 5.92 7.18 7.58 7.57 8.12 9.81 9.47 9.02 9.00 8.86 11.31 12.31 16.32 17.80 17.96 16.24 15.25 16.42 17.92 19.85 21.19 18.91 17.91 19.71 19.27 19.76 22.30 20.56 20.53 18.13 13.56 0.63 16.10 18.18 11.57 10.41 11.38 16.58 20.11 15.66 10.65 10.46 7.07 5.54 3.67 3.96 3.63 3.11 1.94 1.66 2.39 2.16 2.32 2.90 5.07 6.55 8.09 8.92 13.14 9.83 11.29 11.36 11.44 9.83
5.10 5.07 5.96 6.74 7.28 2.75 1.69 1.82 1.86 2.04 3.98 6.73 5.85 5.98 5.90 4.44 5.86 6.24 8.17 7.16 5.37 8.59 8.15 8.62 9.81 10.58 10.07 11.70 13.55 16.14 18.05 17.81 16.71 17.69 20.26 19.74 20.25 22.60 22.84 19.54 19.37 17.84 17.43 20.72 18.39 22.18 25.82 21.49 19.97 20.20 21.37 15.55 13.11 11.72 14.70 17.85 16.22 11.93 8.82 5.98 3.42 3.27 4.36 3.94 1.19 1.37 1.58 2.09 2.48 2.43 4.10 5.01 6.15 9.39 8.92 11.78 11.63 13.09 12.05 10.77 10.10
4.03 3.48 3.71 3.65 4.44 1.62 1.87 1.95 1.90 2.09 1.57 3.83 1.98 3.09 3.90 5.96 7.81 6.89 5.73 5.85 6.98 8.80 9.21 9.17 9.40 10.00 10.82 10.49 11.62 14.24 18.11 19.49 18.15 15.59 17.30 19.29 21.25 23.12 24.68 23.51 21.87 20.19 20.13 22.86 22.75 27.20 30.83 26.09 23.58 21.26 20.28 18.41 16.14 15.82 12.31 12.47 15.56 13.45 10.54 6.35 2.94 2.93 5.43 3.65 0.78 0.96 1.32 2.29 3.59 3.63 5.09 4.81 7.92 10.40 10.66 10.12 10.99 12.80 12.82 10.75 9.44
3.93 4.27 4.79 5.12 4.90 1.53 1.53 1.78 1.90 2.40 4.63 5.92 3.33 3.03 2.20 3.18 3.52 5.14 7.02 8.23 8.78 10.34 10.06 11.32 10.01 9.67 11.22 10.94 12.21 15.84 18.02 21.64 18.14 18.34 15.79 17.29 20.52 23.54 25.86 22.50 20.61 21.93 23.71 24.14 21.32 26.75 30.56 28.23 27.03 22.16 18.14 20.74 18.67 16.33 12.26 10.13 12.53 13.77 12.34 6.28 3.65 4.23 6.01 2.47 0.61 1.15 1.31 2.28 3.42 3.74 5.14 4.18 6.25 8.85 8.92 9.35 7.98 9.92 10.11 10.23 8.60
4.36 4.77 4.85 5.25 4.53 4.90 1.79 1.66 2.22 2.66 2.01 5.43 6.07 4.83 5.14 4.41 6.21 7.88 8.18 7.56 8.45 9.00 12.32 12.27 11.56 11.03 11.74 13.25 13.91 14.42 17.39 20.06 18.71 18.52 16.58 17.10 20.23 22.35 26.57 24.34 23.81 22.43 23.14 25.27 22.29 24.55 25.35 24.20 25.72 21.72 17.44 18.74 22.23 14.91 12.29 10.46 11.92 15.58 14.81 7.94 4.86 4.52 7.27 1.54 0.61 1.13 1.56 2.73 3.46 3.95 4.00 3.95 5.30 7.74 7.99 11.86 10.47 7.81 8.43 9.22 8.86
5.05 4.69 5.35 3.63 1.92 1.86 3.48 2.80 2.84 1.95 2.43 4.31 5.30 4.77 5.96 6.80 8.42 7.12 6.83 5.72 5.31 8.56 9.75 11.96 8.87 9.69 13.65 14.19 13.46 12.74 15.11 17.93 20.67 25.04 20.22 17.54 21.20 25.57 27.04 23.60 23.05 22.39 23.16 25.56 27.45 24.48 22.69 26.09 24.47 23.50 23.69 21.84 18.19 -999 11.47 11.75 11.91 14.96 16.94 11.20 6.15 4.89 5.04 1.40 0.65 1.10 1.94 3.11 3.48 3.46 3.84 3.92 4.94 4.12 7.42 9.51 9.08 10.59 11.50 10.91 7.89
3.98 4.30 3.59 3.37 1.97 1.88 1.86 4.07 4.22 1.69 1.88 4.62 2.29 2.38 4.47 3.85 3.31 5.57 5.03 4.99 3.47 5.21 7.70 10.85 12.20 12.76 10.66 10.87 13.09 15.57 18.18 17.99 18.27 16.00 16.11 19.02 21.86 22.93 26.22 26.28 24.33 22.93 20.53 26.59 28.37 25.83 23.49 24.12 27.30 26.49 29.22 21.25 14.40 10.66 -999 9.17 10.73 12.08 14.11 11.63 6.29 5.36 3.67 0.96 0.81 1.31 2.41 2.95 3.37 3.73 4.20 3.42 4.32 5.83 7.04 10.25 9.03 10.26 11.48 11.23 9.72
2.90 3.18 3.43 2.83 1.77 1.81 1.73 2.85 2.40 2.72 2.99 4.82 3.03 2.49 7.04 7.17 7.75 7.71 9.36 5.76 4.02 5.59 6.34 10.62 11.57 11.59 12.74 12.72 14.68 15.46 17.85 18.59 20.42 17.21 13.15 12.28 14.75 18.53 22.72 22.37 24.85 25.85 22.72 21.31 24.90 27.79 24.03 26.44 29.10 30.23 28.46 21.01 14.08 12.29 11.87 -999 10.45 10.32 12.36 9.93 6.34 5.67 2.91 1.94 1.43 1.41 1.42 2.49 3.43 4.79 4.71 4.27 4.06 5.04 6.41 10.12 7.89 12.33 13.72 15.55 16.83
2.67 2.87 2.60 2.39 1.56 1.81 1.58 1.15 1.86 1.70 1.90 4.66 5.42 7.17 8.43 8.77 9.12 8.44 9.15 9.41 9.54 8.01 10.02 12.19 10.24 11.02 9.27 9.23 14.80 17.38 18.74 18.84 17.24 15.26 9.08 10.51 14.00 16.79 20.07 21.33 23.36 26.39 19.46 19.05 21.14 24.37 23.77 24.87 25.43 29.54 28.17 25.62 14.66 12.87 10.97 -999 -999 9.05 11.25 9.83 9.35 7.17 2.07 1.88 1.55 1.02 1.00 2.63 4.68 4.77 4.39 3.96 4.00 6.85 7.47 9.19 7.03 10.55 11.96 13.70 20.11
2.27 2.83 3.14 3.35 1.82 2.06 4.45 5.44 3.85 2.46 2.97 3.74 6.43 6.37 6.62 6.75 6.79 8.94 7.95 7.58 5.52 5.88 5.01 8.80 8.19 9.86 12.98 14.07 18.79 18.70 20.39 22.74 21.92 14.72 14.11 14.66 18.58 16.30 20.64 18.50 18.70 24.69 19.26 17.90 20.98 21.75 21.29 22.84 23.70 23.57 24.86 24.91 17.40 14.64 10.26 6.76 -999 -999 11.48 10.60 8.26 5.26 2.09 1.77 1.52 0.96 1.00 2.64 3.71 4.82 3.45 3.84 4.50 5.03 5.57 7.53 9.40 13.25 11.16 11.10 18.14
3.04 3.00 3.64 3.99 4.56 4.44 5.56 4.95 4.34 4.79 5.21 4.94 4.08 3.00 3.26 4.17 7.19 8.12 4.39 3.48 5.23 8.27 8.17 10.28 10.61 10.95 13.24 16.83 20.93 20.70 21.54 22.03 26.66 23.35 21.95 17.06 19.68 24.39 22.04 20.59 14.99 19.70 21.02 17.78 19.63 20.48 22.79 21.96 26.28 23.14 19.84 22.09 19.70 18.03 12.18 5.99 5.19 -999 -999 8.92 9.35 5.26 1.65 2.05 1.19 1.08 1.31 2.35 3.99 4.07 4.61 4.74 4.63 3.05 4.48 5.79 8.54 9.39 8.58 9.93 17.45
3.07 3.38 4.33 3.65 3.57 4.20 5.13 5.33 4.85 4.96 4.49 4.81 5.30 5.25 4.16 6.56 7.31 8.09 6.09 8.37 9.40 9.90 10.18 9.91 9.88 10.57 10.92 17.99 16.62 22.97 24.19 31.50 22.35 20.92 18.26 20.09 24.44 23.94 22.22 20.63 12.85 14.81 19.20 17.83 18.21 19.64 22.98 19.82 19.02 22.59 20.33 22.99 18.99 16.19 11.60 6.86 6.47 -999 -999 -999 8.24 4.83 1.93 2.99 1.77 1.00 2.10 3.16 3.43 3.17 5.33 5.68 3.97 2.64 3.63 5.18 8.09 9.93 7.16 9.12 13.90
2.99 3.45 3.40 3.99 5.41 4.36 4.78 5.61 8.03 6.64 6.23 6.14 6.62 7.27 7.56 7.99 9.19 8.61 8.74 9.41 10.22 10.52 11.60 12.32 11.35 13.35 14.99 14.57 12.52 18.83 23.62 20.74 17.71 17.97 21.22 21.30 24.25 23.65 23.79 18.73 15.84 14.37 19.52 20.85 17.97 17.17 20.53 23.58 15.26 16.58 20.41 21.73 19.16 14.76 10.51 7.84 8.16 9.26 -999 -999 -999 4.01 2.90 3.90 2.18 1.99 3.61 3.29 3.03 3.45 6.30 9.02 3.15 1.88 2.64 5.64 8.88 9.09 7.22 9.00 12.64
3.44 4.51 3.51 3.26 5.61 5.52 5.71 5.64 6.27 7.23 6.76 7.34 7.94 7.89 7.82 8.35 8.26 8.50 8.18 7.70 4.54 11.00 12.40 11.45 13.99 14.53 16.69 12.47 14.24 16.22 16.69 16.62 20.26 19.34 21.31 25.25 23.43 26.27 22.61 16.92 14.79 13.26 18.57 19.01 18.10 12.11 17.16 18.87 14.03 16.79 19.28 17.96 15.46 12.72 11.28 9.23 8.31 10.13 8.57 -999 -999 -999 3.51 4.92 2.69 2.42 3.53 2.21 1.98 4.53 6.62 7.28 3.10 2.45 3.21 4.54 5.74 7.70 10.48 12.81 11.13
2.56 2.85 4.09 4.93 4.76 3.78 4.74 6.02 6.78 7.54 7.98 7.52 7.73 7.86 7.95 6.47 7.10 6.04 7.46 8.15 8.41 9.05 11.20 15.18 14.25 14.80 13.38 16.80 12.29 12.42 16.69 19.80 22.84 20.60 22.84 21.60 22.42 23.86 21.36 19.83 16.61 16.88 15.76 17.46 16.94 12.96 13.60 17.82 14.88 14.67 17.17 15.66 14.69 14.85 9.86 8.46 8.44 8.26 6.66 -999 -999 -999 -999 4.84 2.25 2.72 2.81 1.93 1.27 2.92 5.95 5.99 2.58 2.91 3.47 3.66 5.45 8.63 11.10 14.45 11.54
5.63 4.86 4.43 4.25 4.65 4.21 5.88 7.35 7.13 7.92 7.52 7.71 6.12 5.73 6.87 6.34 3.02 3.14 8.01 10.62 10.27 12.57 12.85 13.37 14.94 15.74 15.01 15.18 13.52 14.52 17.25 20.97 19.19 24.25 21.77 25.58 29.05 22.01 22.08 19.76 17.29 16.96 14.51 18.70 15.57 15.59 13.93 13.30 16.06 14.46 13.61 12.78 14.14 15.31 11.61 7.23 8.59 6.46 5.35 3.77 -999 -999 -999 -999 1.49 2.10 2.32 0.71 1.24 2.22 4.95 5.02 3.07 2.89 3.24 3.82 5.07 7.75 8.69 9.43 8.76
5.24 5.13 5.21 5.26 4.29 4.47 6.59 6.82 6.86 5.47 5.65 6.17 6.99 6.07 6.15 6.80 6.22 8.27 8.51 10.52 11.28 12.46 12.55 15.08 17.45 17.89 14.43 15.59 15.62 16.39 20.76 19.23 17.91 15.77 17.13 24.44 22.05 22.20 17.34 26.95 16.44 12.93 11.77 14.58 14.81 19.38 17.93 13.41 13.97 14.45 10.94 10.97 12.44 16.57 12.00 6.38 5.81 5.03 5.94 6.33 6.18 -999 -999 -999 -999 2.86 1.38 1.18 2.04 4.03 4.13 3.74 3.72 3.26 2.98 3.41 5.84 8.52 9.67 11.32 11.01
5.38 6.51 5.08 4.03 3.92 3.29 4.29 4.78 3.02 2.27 2.30 4.93 6.09 7.17 5.57 6.95 7.62 8.13 9.59 10.80 10.19 12.29 12.93 13.63 14.76 14.64 12.24 14.42 13.65 15.22 13.46 15.86 13.49 12.41 18.57 16.75 20.65 20.71 21.24 24.35 18.60 13.64 11.90 13.99 14.82 14.75 22.16 17.06 11.11 13.03 9.57 10.04 12.16 11.71 11.17 6.15 4.05 4.75 6.52 8.56 8.70 -999 -999 -999 -999 -999 1.31 1.33 2.14 3.11 2.36 2.90 3.27 4.04 2.91 3.85 5.08 6.56 10.32 9.26 11.85
6.71 5.74 5.46 5.45 4.28 1.80 2.83 4.83 4.42 2.34 2.24 5.47 6.18 7.31 6.39 7.03 8.54 9.37 9.27 8.25 9.59 13.00 11.04 10.59 11.69 12.18 12.17 13.71 15.64 13.94 15.29 10.65 13.75 19.34 14.66 15.17 19.49 17.09 20.64 21.71 20.70 15.69 11.25 11.17 12.86 15.50 17.73 16.50 9.16 10.77 9.84 8.00 8.88 7.78 9.45 6.33 3.52 3.93 5.60 9.39 8.31 6.31 -999 -999 -999 -999 -999 0.98 1.45 2.49 1.88 2.08 3.68 3.67 3.16 4.90 5.89 5.74 7.34 5.94 9.73
