DATA/Ex_dossier_pluie/24h/PH_20111105130000.asc
NCOLS 95
NROWS 110
XLLCENTER 939500
YLLCENTER 1831500
CELLSIZE 1000
NODATA_VALUE -999
[rows 0 to 37 of 110, columns 0 to 83 of 95]
1.10 1.18 1.46 1.76 1.68 1.47 1.25 1.16 1.11 0.97 0.84 0.92 0.90 0.76 0.77 0.71 0.53 0.52 0.43 0.55 0.57 0.33 0.40 0.25 0.24 0.15 0.10 0.05 0.10 0.06 0.04 0.10 0.13 0.09 0.04 0.06 0.04 0.05 0.03 0.04 0.05 0.02 0.06 0.01 0.07 0.10 0.16 0.19 0.28 0.41 0.57 0.50 0.59 0.37 0.31 0.40 0.49 0.41 0.67 0.83 0.73 0.74 0.51 0.37 0.26 0.15 0.20 0.22 0.28 0.34 0.36 0.53 0.59 0.52 0.51 0.48 0.39 0.43 0.40 0.37 0.52 0.44 0.46 0.39
1.07 1.51 1.19 1.45 1.78 1.67 1.45 1.31 1.13 1.13 0.95 0.98 0.93 0.75 0.97 0.63 0.52 0.47 0.41 0.62 0.53 0.60 0.45 0.40 0.30 0.05 0.15 0.03 0.12 0.11 0.10 0.12 0.06 0.10 0.09 0.11 0.07 0.06 0.08 0.02 0.03 0.08 0.05 0.07 0.07 0.08 0.10 0.14 0.22 0.36 0.39 0.57 0.64 0.43 0.39 0.41 0.56 0.42 0.72 0.67 0.68 0.77 0.63 0.55 0.26 0.20 0.21 0.21 0.29 0.39 0.49 0.42 0.67 0.59 0.52 0.53 0.49 0.38 0.39 0.44 0.36 0.44 0.41 0.46
1.57 1.69 1.36 1.47 1.54 1.80 1.69 1.44 1.27 1.21 1.12 1.00 1.08 1.03 0.94 0.83 0.69 0.57 0.35 0.41 0.81 0.72 0.69 0.44 0.11 0.12 0.11 0.09 0.06 0.10 0.13 0.07 0.08 0.09 0.11 0.12 0.16 0.15 0.06 0.02 0.03 0.03 0.04 0.04 0.00 0.03 0.06 0.09 0.18 0.21 0.38 0.44 0.54 0.47 0.43 0.43 0.53 0.48 0.54 0.44 0.64 0.52 0.68 0.59 0.34 0.33 0.24 0.28 0.33 0.33 0.35 0.43 0.57 0.58 0.53 0.48 0.51 0.45 0.39 0.37 0.39 0.53 0.50 0.52
1.22 1.63 1.54 1.66 1.24 1.38 1.89 1.49 1.41 1.28 1.10 1.14 1.17 1.10 1.07 1.01 0.79 0.60 0.88 0.82 0.64 0.57 0.58 0.39 0.31 0.26 0.09 0.16 0.12 0.14 0.18 0.12 0.15 0.14 0.13 0.06 0.06 0.11 0.05 0.02 0.02 0.02 0.04 0.04 0.01 0.04 0.05 0.07 0.17 0.27 0.40 0.42 0.53 0.51 0.49 0.45 0.57 0.52 0.74 0.78 0.86 1.01 1.03 0.72 0.51 0.43 0.36 0.36 0.32 0.36 0.35 0.40 0.49 0.60 0.48 0.56 0.50 0.57 0.39 0.40 0.40 0.43 0.55 0.50
1.74 1.33 1.35 1.55 1.37 1.12 1.29 1.83 1.40 1.18 1.27 1.34 1.20 1.13 1.13 0.94 1.07 0.69 0.95 0.93 0.81 0.72 0.47 0.58 0.44 0.31 0.22 0.17 0.24 0.31 0.21 0.11 0.11 0.11 0.09 0.08 0.09 0.09 0.05 0.08 0.06 0.03 0.05 0.05 0.00 0.05 0.06 0.13 0.24 0.22 0.26 0.36 0.42 0.45 0.46 0.53 0.54 0.55 0.70 0.71 0.82 0.66 0.85 0.70 0.58 0.47 0.41 0.47 0.38 0.29 0.38 0.40 0.46 0.42 0.55 0.52 0.54 0.51 0.47 0.45 0.42 0.47 0.59 0.57
1.66 1.45 1.51 1.25 1.64 1.54 1.38 1.56 1.49 1.40 1.26 1.48 1.14 1.17 1.39 1.44 1.14 1.14 0.89 0.72 0.60 0.70 0.63 0.68 0.20 0.29 0.17 0.15 0.23 0.21 0.15 0.12 0.03 0.01 0.04 0.09 0.05 0.02 0.06 0.03 0.06 0.07 0.06 0.07 0.11 0.02 0.09 0.15 0.22 0.18 0.23 0.28 0.36 0.43 0.52 0.48 0.45 0.58 0.76 0.53 0.71 0.63 0.71 0.54 0.64 0.62 0.50 0.44 0.42 0.43 0.40 0.45 0.41 0.46 0.56 0.55 0.62 0.49 0.43 0.44 0.47 0.52 0.64 0.62
1.53 1.53 1.55 1.50 1.46 1.66 1.57 1.26 1.55 1.38 1.46 1.38 1.30 1.26 1.42 1.19 1.29 1.31 1.28 0.86 0.81 0.63 0.71 0.63 0.50 0.15 0.15 0.18 0.25 0.23 0.23 0.17 0.10 0.06 0.04 0.07 0.08 0.11 0.07 0.07 0.03 0.02 0.03 0.04 0.06 0.04 0.07 0.12 0.08 0.14 0.23 0.26 0.37 0.47 0.38 0.49 0.52 0.61 0.72 0.86 0.84 0.89 0.72 0.59 0.61 0.62 0.58 0.50 0.42 0.47 0.43 0.37 0.36 0.50 0.58 0.50 0.49 0.46 0.47 0.51 0.50 0.55 0.67 0.65
1.53 1.55 1.57 1.33 1.13 1.44 1.08 1.68 1.37 1.48 1.52 1.40 1.37 1.27 1.29 1.20 1.24 1.29 1.18 0.71 0.65 0.47 0.45 0.71 0.71 0.50 0.41 0.31 0.24 0.15 0.13 0.19 0.14 0.12 0.07 0.06 0.04 0.14 0.12 0.03 0.03 0.03 0.03 0.03 0.06 0.09 0.05 0.10 0.13 0.20 0.22 0.31 0.28 0.32 0.55 0.62 0.42 0.58 0.56 0.81 0.77 0.69 0.67 0.57 0.66 0.73 0.68 0.60 0.50 0.51 0.45 0.41 0.46 0.59 0.60 0.63 0.48 0.49 0.52 0.57 0.52 0.53 0.62 0.68
1.43 1.88 1.72 1.73 1.09 1.28 1.18 1.35 1.19 1.41 1.56 1.53 1.33 1.34 1.33 1.34 1.47 1.32 1.17 0.90 0.63 0.69 0.75 0.82 0.62 0.50 0.37 0.16 0.25 0.21 0.10 0.21 0.23 0.17 0.13 0.11 0.10 0.11 0.05 0.07 0.08 0.04 0.04 0.06 0.08 0.10 0.11 0.15 0.19 0.22 0.24 0.33 0.32 0.41 0.49 0.49 0.67 0.43 0.61 0.74 0.60 0.61 0.58 0.60 0.73 0.79 0.76 0.70 0.59 0.59 0.45 0.38 0.40 0.45 0.57 0.58 0.61 0.59 0.57 0.51 0.55 0.56 0.65 0.78
1.44 1.63 1.86 1.66 1.48 0.99 0.85 0.92 0.66 1.00 1.29 1.46 1.31 1.28 1.45 1.59 1.38 1.53 1.40 1.19 0.83 0.95 0.94 0.78 0.58 0.49 0.50 0.42 0.32 0.20 0.11 0.06 0.04 0.20 0.11 0.04 0.02 0.01 0.01 0.04 0.08 0.05 0.06 0.06 0.06 0.10 0.16 0.22 0.20 0.24 0.31 0.36 0.38 0.33 0.36 0.49 0.46 0.35 0.46 0.59 0.68 0.61 0.52 0.51 0.55 0.74 0.78 0.73 0.62 0.58 0.53 0.49 0.46 0.39 0.51 0.47 0.44 0.52 0.60 0.57 0.48 0.56 0.69 0.79
1.47 1.80 1.54 1.58 1.55 1.52 0.88 0.69 1.35 1.28 1.32 1.40 1.38 1.52 1.49 1.51 1.65 1.39 1.48 1.29 1.23 1.07 1.11 0.52 0.78 0.78 0.59 0.18 0.32 0.18 0.10 0.07 0.03 0.08 0.16 0.01 0.00 0.00 0.01 0.02 0.06 0.04 0.03 0.04 0.05 0.05 0.09 0.17 0.18 0.24 0.31 0.35 0.36 0.35 0.36 0.47 0.46 0.40 0.34 0.46 0.59 0.57 0.50 0.53 0.44 0.49 0.67 0.72 0.66 0.52 0.58 0.61 0.49 0.43 0.46 0.51 0.44 0.59 0.63 0.59 0.61 0.56 0.70 0.84
1.69 1.55 1.62 1.57 1.47 1.52 1.50 0.52 0.93 1.07 1.10 0.97 1.04 1.33 1.39 1.42 1.53 1.45 1.38 1.40 1.18 1.29 1.16 0.93 0.91 0.62 0.53 0.25 0.14 0.21 0.12 0.12 0.06 0.03 0.02 0.05 0.03 0.01 0.01 0.04 0.08 0.07 0.07 0.01 0.01 0.06 0.05 0.06 0.11 0.15 0.27 0.29 0.30 0.32 0.40 0.50 0.62 0.42 0.37 0.51 0.50 0.44 0.54 0.49 0.57 0.63 0.58 0.73 0.73 0.62 0.62 0.58 0.58 0.52 0.42 0.50 0.57 0.53 0.63 0.60 0.60 0.60 0.71 0.85
1.66 1.68 1.54 1.39 1.32 1.39 1.57 1.52 0.75 1.00 1.37 1.46 2.81 0.74 1.19 1.49 1.19 1.37 1.24 1.28 1.24 1.09 1.00 0.73 0.63 0.53 0.40 0.35 0.39 0.24 0.10 0.08 0.09 0.06 0.06 0.04 0.01 0.01 0.03 0.09 0.08 0.03 0.04 0.03 0.04 0.03 0.01 0.04 0.05 0.15 0.28 0.32 0.35 0.36 0.49 0.34 0.39 0.42 0.53 0.47 0.45 0.43 0.53 0.60 0.68 0.74 0.76 0.82 0.82 0.74 0.78 0.78 0.48 0.48 0.47 0.51 0.49 0.51 0.62 0.60 0.59 0.64 0.68 0.98
1.58 2.13 1.59 1.49 1.39 1.11 1.50 1.22 1.46 0.86 1.38 1.80 1.91 0.78 1.05 1.23 1.28 1.41 1.31 1.20 1.06 1.18 0.96 0.58 0.54 0.49 0.59 0.53 0.41 0.26 0.17 0.19 0.08 0.06 0.08 0.05 0.02 0.03 0.06 0.09 0.03 0.01 0.04 0.07 0.04 0.05 0.03 0.06 0.14 0.31 0.37 0.40 0.44 0.42 0.51 0.38 0.34 0.58 0.58 0.35 0.34 0.40 0.57 0.67 0.74 0.81 0.82 0.89 0.84 0.74 0.84 0.96 0.71 0.46 0.41 0.44 0.45 0.48 0.54 0.58 0.58 0.64 0.72 0.84
1.40 1.35 1.94 1.80 1.65 1.25 1.19 1.48 1.19 1.42 1.51 1.51 1.31 0.55 0.75 0.71 0.99 1.42 1.15 1.25 1.25 1.16 0.94 0.76 0.86 0.75 0.50 0.44 0.46 0.33 0.27 0.13 0.09 0.06 0.06 0.03 0.04 0.05 0.09 0.09 0.11 0.05 0.07 0.10 0.06 0.07 0.04 0.10 0.16 0.33 0.38 0.39 0.41 0.36 0.45 0.49 0.39 0.44 0.43 0.27 0.28 0.38 0.53 0.68 0.78 0.76 0.68 0.59 0.60 0.66 0.50 0.59 0.55 0.43 0.40 0.50 0.55 0.59 0.60 0.74 0.72 0.69 0.77 0.80
2.14 1.44 2.84 2.11 1.90 2.10 2.05 1.57 1.35 1.36 1.36 1.26 1.00 0.65 0.86 0.66 0.91 1.20 1.45 1.46 1.53 1.44 1.09 1.12 1.04 0.81 0.78 0.71 0.62 0.44 0.29 0.13 0.10 0.05 0.02 0.01 0.06 0.06 0.04 0.05 0.03 0.03 0.05 0.10 0.14 0.09 0.04 0.11 0.14 0.23 0.23 0.31 0.46 0.51 0.27 0.46 0.54 0.50 0.38 0.32 0.31 0.38 0.47 0.75 0.78 0.65 0.63 0.59 0.50 0.54 0.58 0.33 0.40 0.58 0.52 0.65 0.71 0.80 0.67 0.64 0.76 0.73 0.75 0.93
1.12 2.88 2.18 2.38 2.47 2.85 2.27 1.83 1.38 1.14 1.66 1.53 1.67 1.20 0.68 0.72 0.91 1.17 1.36 1.37 1.56 1.37 1.39 1.08 1.12 0.70 0.56 0.59 0.49 0.29 0.30 0.23 0.15 0.10 0.06 0.02 0.03 0.03 0.03 0.03 0.03 0.07 0.07 0.18 0.34 0.23 0.08 0.03 0.13 0.17 0.15 0.19 0.46 0.52 0.41 0.39 0.61 0.35 0.33 0.40 0.37 0.38 0.45 0.56 0.90 0.70 0.72 0.74 0.75 0.67 0.54 0.58 0.69 0.93 0.90 0.83 0.80 0.89 0.79 0.70 0.73 0.79 0.97 0.93
0.76 1.25 2.13 3.43 2.78 4.24 3.72 2.14 1.66 1.37 1.64 1.43 1.53 1.32 1.02 0.83 1.29 0.83 1.12 1.47 1.42 1.26 1.34 1.08 0.78 0.75 0.54 0.47 0.42 0.40 0.34 0.22 0.19 0.11 0.12 0.09 0.00 0.06 0.04 0.05 0.03 0.10 0.07 0.18 0.41 0.41 0.20 0.13 0.08 0.11 0.20 0.43 0.58 0.44 0.49 0.45 0.39 0.49 0.47 0.30 0.45 0.42 0.47 0.50 0.77 0.77 0.78 0.88 0.82 0.61 0.54 0.61 0.96 1.17 0.87 0.86 0.98 0.98 0.74 0.79 0.73 1.04 0.97 0.95
0.85 0.73 1.20 1.65 4.66 5.18 7.69 5.06 1.44 1.50 1.66 1.36 1.58 1.27 0.59 1.29 1.43 1.31 1.41 1.39 1.17 1.19 1.32 1.08 0.94 0.66 0.53 0.49 0.35 0.48 0.35 0.23 0.18 0.11 0.10 0.09 0.05 0.05 0.07 0.07 0.08 0.09 0.08 0.02 0.08 0.20 0.27 0.23 0.11 0.18 0.23 0.45 0.48 0.45 0.49 0.54 0.37 0.37 0.01 0.31 0.26 0.27 0.30 0.64 0.78 0.84 0.99 1.13 0.86 0.52 0.44 0.48 0.67 0.72 0.62 1.03 1.11 0.88 0.67 0.94 0.92 1.05 1.10 1.02
0.88 0.76 0.48 0.67 2.40 6.70 6.25 6.23 4.10 1.89 2.01 1.13 1.51 1.06 1.25 1.26 1.12 1.29 1.41 1.21 1.30 0.98 0.80 0.94 1.05 0.71 0.66 0.57 0.48 0.48 0.51 0.37 0.34 0.09 0.07 0.02 0.00 0.03 0.05 0.09 0.04 0.09 0.06 0.05 0.07 0.13 0.22 0.20 0.17 0.22 0.21 0.37 0.32 0.43 0.36 0.68 0.38 0.00 0.00 0.00 0.21 0.19 0.24 0.62 0.86 0.73 0.89 0.84 0.90 0.60 0.48 0.54 0.43 0.54 0.58 1.00 1.17 0.99 1.08 1.16 1.09 1.08 1.01 0.94
0.42 0.41 0.36 0.64 0.69 2.92 6.87 7.70 6.42 4.18 2.00 0.94 1.58 1.01 1.35 1.25 1.26 1.27 1.42 1.34 1.30 0.40 0.32 1.08 1.11 0.93 0.88 0.57 0.65 0.51 0.59 0.40 0.18 0.13 0.11 0.06 0.03 0.03 0.00 0.03 0.02 0.05 0.04 0.06 0.09 0.12 0.38 0.46 0.34 0.22 0.16 0.13 0.18 0.30 0.68 0.12 0.44 0.00 0.00 0.00 0.20 0.33 0.31 0.49 0.69 0.79 0.80 0.73 0.59 0.63 0.60 0.69 0.43 0.48 0.62 1.07 1.42 1.22 1.59 1.54 1.18 1.12 0.99 1.04
0.77 0.56 0.27 0.16 0.53 0.45 2.16 4.64 10.26 2.27 1.88 1.57 1.52 1.66 1.33 0.89 1.31 0.49 1.27 1.52 1.07 0.76 0.25 2.36 1.18 1.03 0.78 0.70 0.53 0.50 0.27 0.27 0.23 0.16 0.14 0.11 0.06 0.03 0.03 0.04 0.05 0.03 0.04 0.03 0.08 0.21 0.56 0.62 0.29 0.20 0.12 0.12 0.14 0.29 0.77 0.40 0.29 0.19 0.00 0.00 0.25 0.20 0.26 0.41 0.59 0.65 0.76 0.85 0.92 0.85 0.69 0.68 0.51 0.55 0.71 1.02 1.40 1.15 1.91 1.54 1.06 1.09 1.05 0.57
0.48 0.58 0.32 0.83 0.68 0.50 0.53 2.06 4.10 9.22 6.16 8.11 3.05 1.32 1.23 1.04 0.80 1.12 1.50 1.50 1.36 0.70 0.70 0.72 0.68 0.86 0.67 0.55 0.40 0.34 0.37 0.31 0.16 0.19 0.23 0.10 0.12 0.11 0.07 0.03 0.06 0.05 0.05 0.08 0.07 0.01 0.21 0.26 0.44 0.56 0.17 0.12 0.11 0.27 0.41 0.18 0.27 0.27 0.00 0.00 0.22 0.30 0.16 0.23 0.37 0.67 0.94 1.04 1.33 1.18 0.91 0.75 0.61 0.49 0.54 0.82 0.79 1.14 1.91 1.24 1.10 1.33 1.16 0.85
0.29 0.40 0.65 0.84 1.16 0.42 0.64 0.57 0.91 2.83 3.26 7.56 6.81 2.09 0.91 0.84 1.16 1.25 1.11 1.08 1.24 0.32 0.49 0.45 0.21 0.78 0.80 0.46 0.46 0.41 0.45 0.32 0.27 0.20 0.15 0.12 0.07 0.06 0.06 0.08 0.02 0.03 0.14 0.21 0.09 0.02 0.07 0.13 0.47 0.35 0.11 0.14 0.16 0.19 0.28 0.36 0.61 0.44 0.00 0.00 0.12 0.09 0.02 0.11 0.29 0.91 0.94 1.02 0.90 0.97 0.73 0.67 0.72 0.59 0.36 0.43 0.59 0.75 1.39 1.17 1.29 1.01 1.34 1.37
0.39 0.44 0.51 0.87 0.84 2.39 2.64 1.48 1.94 2.85 2.50 3.79 5.28 4.00 2.26 0.96 0.46 1.50 1.01 0.96 0.51 0.25 0.20 0.30 0.31 0.69 0.66 0.63 0.66 0.68 0.59 0.42 0.28 0.18 0.10 0.10 0.08 0.07 0.03 0.02 0.02 0.05 0.10 0.11 0.08 0.07 0.02 0.08 0.21 0.23 0.24 0.09 0.15 0.09 0.28 0.32 0.64 1.01 0.00 0.00 0.28 0.21 0.09 0.15 0.32 0.68 0.53 0.90 0.67 0.65 0.72 0.69 0.55 0.59 0.30 0.25 0.29 0.50 1.07 1.11 1.41 1.37 1.45 1.32
0.39 0.24 0.26 0.29 0.55 1.16 2.34 3.93 1.99 2.16 1.60 2.17 2.13 3.89 4.72 1.89 0.85 0.62 0.96 0.84 0.67 0.65 0.28 0.29 0.55 0.84 0.43 0.85 0.77 0.58 0.52 0.36 0.34 0.20 0.13 0.13 0.13 0.12 0.07 0.04 0.01 0.01 0.04 0.05 0.06 0.03 0.01 0.04 0.18 0.29 0.22 0.10 0.09 0.10 0.09 0.06 0.59 0.89 0.57 0.11 0.29 0.34 0.08 0.07 0.10 0.06 0.25 0.37 1.04 0.74 0.77 0.80 0.80 0.45 0.26 0.32 0.29 0.42 0.87 1.26 1.45 1.43 1.61 1.66
0.80 0.57 0.56 0.19 0.27 0.62 1.34 2.19 3.91 1.61 2.17 2.30 1.90 2.54 3.94 2.66 1.80 1.04 0.52 0.82 1.20 0.45 0.40 0.40 0.90 1.07 0.78 0.38 0.69 0.48 0.43 0.34 0.23 0.17 0.20 0.20 0.18 0.18 0.13 0.06 0.04 0.04 0.05 0.04 0.04 0.04 0.03 0.11 0.26 0.28 0.28 0.19 0.18 0.12 0.10 0.06 0.07 0.47 0.27 0.22 0.15 0.17 0.13 0.20 0.14 0.01 0.13 0.71 1.21 1.16 0.74 0.39 0.46 0.40 0.30 0.34 0.33 0.47 0.82 0.73 0.85 1.09 1.34 1.74
0.31 0.36 0.87 0.33 0.28 0.64 0.76 1.72 2.70 2.43 2.65 1.73 2.61 1.49 1.85 2.76 1.90 1.60 0.71 0.46 0.54 0.76 0.47 0.41 1.09 0.93 0.62 0.09 0.52 0.50 0.38 0.25 0.17 0.11 0.18 0.14 0.31 0.25 0.13 0.09 0.07 0.04 0.03 0.04 0.03 0.06 0.08 0.08 0.01 0.05 0.05 0.06 0.11 0.07 0.08 0.08 0.04 0.15 0.16 0.12 0.15 0.03 0.04 0.19 0.06 0.04 0.14 0.51 0.70 0.63 0.51 0.42 0.26 0.22 0.31 0.42 0.32 0.25 0.46 0.54 0.76 1.02 1.20 1.95
1.24 0.51 0.16 0.14 0.84 0.29 0.24 0.94 1.26 0.65 1.77 3.04 3.18 2.71 1.49 1.10 1.53 1.62 1.38 0.85 0.58 0.56 0.53 0.37 0.49 0.76 0.26 0.14 0.22 0.35 0.40 0.37 0.03 0.21 0.13 0.12 0.17 0.17 0.13 0.09 0.07 0.05 0.02 0.03 0.03 0.02 0.00 0.00 0.00 0.03 0.00 0.00 0.10 0.11 0.04 0.07 0.11 0.11 0.12 0.21 0.41 0.22 0.17 0.08 0.02 0.00 0.00 0.22 0.03 0.19 0.28 0.16 0.16 0.20 0.28 0.05 0.33 0.32 0.24 0.69 0.95 0.88 1.29 0.90
1.50 1.64 0.93 0.50 0.31 0.46 1.01 0.41 0.60 2.22 1.37 1.82 3.41 3.47 2.94 1.95 0.62 0.75 1.34 1.22 0.85 0.40 0.41 0.42 0.29 0.24 0.25 0.23 0.21 0.27 0.29 0.36 0.28 0.17 0.18 0.22 0.08 0.09 0.08 0.08 0.07 0.04 0.03 0.02 0.02 0.00 0.01 0.02 0.08 0.06 0.11 0.00 0.19 0.15 0.08 0.03 0.05 0.07 0.04 0.15 0.18 0.17 0.38 0.36 0.00 0.00 0.05 0.14 0.05 0.09 0.09 0.22 0.13 0.20 0.36 0.69 0.28 0.19 0.44 0.61 0.56 0.73 0.74 0.90
1.36 1.53 1.53 1.79 1.74 1.64 0.67 0.90 1.63 1.31 2.12 1.97 2.07 2.15 2.53 1.75 2.49 0.89 0.56 0.72 0.85 0.55 0.43 0.48 0.35 0.22 0.21 0.21 0.08 0.16 0.04 0.34 0.07 0.10 0.10 0.13 0.15 0.15 0.03 0.08 0.09 0.05 0.02 0.01 0.01 0.00 0.01 0.01 0.02 0.09 0.25 0.26 0.23 0.14 0.04 0.07 0.08 0.07 0.06 0.27 0.18 0.20 0.33 0.21 0.12 0.00 0.00 0.01 0.00 0.00 0.20 0.21 0.21 0.31 0.45 0.40 0.23 0.48 0.56 0.41 0.54 0.60 0.65 0.62
0.58 0.76 1.04 1.20 2.08 3.53 2.52 1.15 0.60 0.92 0.95 1.93 1.72 2.49 2.24 3.76 4.08 1.94 2.42 0.42 0.45 0.85 0.85 0.66 0.37 0.27 0.16 0.16 0.14 0.55 0.06 0.12 0.05 0.09 0.17 0.12 0.22 0.16 0.15 0.09 0.12 0.06 0.04 0.02 0.02 0.01 0.00 0.02 0.03 0.19 0.09 0.21 0.19 0.15 0.07 0.05 0.07 0.03 0.07 0.06 0.10 0.21 0.36 0.23 0.12 0.05 0.02 0.01 0.00 0.00 0.03 0.12 0.16 0.29 0.44 0.09 0.23 0.27 0.21 0.41 0.51 0.50 0.33 0.38
0.33 0.51 0.49 0.47 0.64 1.87 2.65 1.62 1.65 0.94 1.10 1.78 1.18 1.78 2.30 2.89 1.87 2.10 2.12 1.75 0.45 0.31 1.09 0.93 0.64 0.48 0.28 0.18 0.13 0.36 0.21 0.07 0.09 0.09 0.11 0.06 0.10 0.11 0.05 0.11 0.25 0.08 0.06 0.03 0.01 0.01 0.00 0.01 0.01 0.02 0.05 0.03 0.10 0.16 0.08 0.05 0.05 0.05 0.05 0.03 0.03 0.27 0.26 0.16 0.10 0.03 0.05 0.02 0.01 0.00 0.02 0.08 0.11 0.13 0.22 0.10 0.19 0.34 0.24 0.26 0.33 0.36 0.54 0.67
0.32 0.25 0.19 0.39 0.35 1.28 1.71 0.93 1.15 0.91 0.82 1.15 1.01 0.88 2.19 2.54 1.48 2.19 2.16 2.52 1.30 0.80 0.48 0.70 0.67 0.55 0.43 0.32 0.24 0.39 0.43 0.46 0.25 0.14 0.08 0.12 0.21 0.29 0.30 0.48 0.38 0.18 0.06 0.04 0.01 0.01 0.00 0.02 0.00 0.01 0.10 0.05 0.00 0.04 0.11 0.09 0.03 0.01 0.01 0.00 0.15 0.61 0.65 0.22 0.15 0.18 0.17 0.12 0.03 0.00 0.02 0.03 0.04 0.08 0.15 0.23 0.22 0.31 0.27 0.14 0.19 0.54 1.21 3.34
0.25 0.21 0.50 0.60 1.14 1.85 1.51 0.92 1.79 1.12 1.52 2.23 2.53 1.93 1.78 1.66 1.46 2.38 1.82 2.44 2.18 2.39 1.23 0.57 0.46 0.58 0.43 0.94 0.81 0.45 0.38 0.44 0.45 0.11 0.10 0.18 0.23 0.30 0.29 0.36 0.42 0.20 0.03 0.05 0.02 0.02 0.01 0.01 0.00 0.00 0.08 0.08 0.05 0.03 0.03 0.06 0.03 0.03 0.00 0.01 0.13 0.51 0.46 0.17 0.35 0.43 0.27 0.27 0.02 0.00 0.00 0.01 0.03 0.16 0.20 0.15 0.23 0.20 0.17 0.16 0.42 1.75 2.30 2.93
0.88 0.78 0.50 0.57 2.04 2.51 1.95 1.59 1.32 1.85 1.46 2.26 1.70 2.85 1.20 1.25 1.21 1.96 2.05 2.51 2.32 3.07 2.94 1.93 0.64 0.47 0.79 0.98 1.00 0.70 0.56 0.45 0.40 0.35 0.15 0.18 0.14 0.14 0.13 0.15 0.27 0.02 0.01 0.00 0.00 0.00 0.00 0.00 0.00 0.00 0.00 0.00 0.00 0.01 0.03 0.05 0.04 0.05 0.04 0.05 0.28 0.24 0.28 0.19 0.66 0.64 0.41 0.12 0.02 0.01 0.02 0.00 0.00 0.12 0.12 0.08 0.09 0.11 0.12 0.79 1.34 1.09 1.26 0.85
1.00 0.86 0.83 1.57 2.22 1.52 1.34 2.28 1.10 1.71 1.53 1.65 1.17 1.29 0.73 0.85 1.53 1.77 2.42 2.93 2.55 2.86 3.15 2.63 1.43 0.76 0.64 0.98 0.99 0.60 0.70 0.44 0.41 0.32 0.30 0.24 0.21 0.30 0.15 0.12 0.08 0.03 0.01 0.00 0.00 0.00 0.00 0.00 0.02 0.03 0.00 0.00 0.00 0.00 0.00 0.01 0.01 0.04 0.04 0.03 0.13 0.13 0.06 0.20 0.92 0.51 0.16 0.12 0.05 0.05 0.05 0.00 0.01 0.01 0.08 0.04 0.09 0.15 0.22 1.00 1.06 0.51 0.35 0.57
1.43 1.44 0.95 1.02 2.63 1.41 1.74 1.86 1.31 1.60 2.44 1.40 0.92 1.37 0.97 1.11 2.11 1.42 2.94 3.93 3.18 3.48 3.92 2.83 1.74 1.38 1.57 1.54 0.81 0.70 0.75 0.44 0.25 0.33 0.37 0.36 0.30 0.13 0.09 0.08 0.05 0.06 0.02 0.01 0.00 0.00 0.01 0.00 0.02 0.04 0.02 0.02 0.02 0.00 0.01 0.01 0.05 0.01 0.06 0.04 0.15 0.19 0.45 0.40 1.01 0.79 0.22 0.19 0.15 0.10 0.06 0.02 0.01 0.02 0.06 0.06 0.14 0.18 0.19 0.69 0.51 0.25 0.30 1.31
