DATA/Ex_dossier_pluie/24h/PH_20111105160000.asc
NCOLS 95
NROWS 110
XLLCENTER 939500
YLLCENTER 1831500
CELLSIZE 1000
NODATA_VALUE -999
[rows 0 to 37 of 110, columns 0 to 83 of 95]
0.00 0.00 0.00 0.00 0.01 0.01 0.00 0.00 0.00 0.00 0.00 0.00 0.00 0.00 0.00 0.00 0.00 0.00 0.00 0.00 0.00 0.00 0.01 0.00 0.00 0.00 0.00 0.00 0.00 0.00 0.00 0.00 0.01 0.02 0.01 0.01 0.02 0.02 0.05 0.05 0.03 0.04 0.08 0.11 0.12 0.11 0.14 0.20 0.27 0.23 0.17 0.24 0.38 0.54 0.61 0.69 0.71 0.91 0.99 0.83 0.87 1.12 1.22 1.05 1.14 1.23 1.45 1.32 1.64 1.96 2.07 2.06 2.08 2.05 2.10 2.23 2.19 2.31 2.12 1.73 1.93 2.04 1.99 1.91
0.00 0.00 0.00 0.00 0.00 0.00 0.00 0.00 0.00 0.00 0.00 0.00 0.00 0.00 0.00 0.00 0.02 0.01 0.00 0.00 0.00 0.00 0.00 0.00 0.00 0.01 0.01 0.00 0.00 0.00 0.00 0.01 0.01 0.02 0.02 0.00 0.01 0.03 0.03 0.02 0.05 0.06 0.08 0.11 0.12 0.10 0.14 0.18 0.26 0.11 0.24 0.25 0.38 0.53 0.64 0.76 0.83 0.83 0.87 0.86 0.88 0.94 1.00 1.05 1.00 1.11 1.27 1.31 1.51 1.91 1.95 2.00 1.99 1.88 1.95 2.20 2.45 2.51 1.92 1.65 1.97 1.85 1.79 1.74
0.00 0.00 0.00 0.00 0.00 0.01 0.00 0.00 0.00 0.01 0.01 0.00 0.01 0.01 0.01 0.00 0.03 0.02 0.00 0.00 0.00 0.00 0.00 0.00 0.00 0.01 0.02 0.01 0.01 0.01 0.04 0.04 0.04 0.03 0.03 0.02 0.02 0.00 0.00 0.02 0.01 0.03 0.04 0.08 0.10 0.12 0.12 0.13 0.21 0.24 0.16 0.19 0.39 0.48 0.64 0.74 0.85 0.71 0.88 0.83 0.85 0.97 0.81 0.89 0.89 1.04 1.16 1.22 1.41 1.66 1.84 1.93 1.81 1.87 1.91 2.07 2.34 2.13 1.93 1.79 1.82 1.78 1.86 1.87
0.02 0.04 0.01 0.00 0.00 0.00 0.00 0.00 0.00 0.00 0.01 0.01 0.03 0.04 0.04 0.03 0.01 0.02 0.00 0.02 0.01 0.00 0.00 0.00 0.00 0.00 0.03 0.04 0.03 0.04 0.03 0.08 0.08 0.06 0.05 0.02 0.01 0.03 0.02 0.01 0.02 0.01 0.03 0.05 0.12 0.11 0.10 0.12 0.15 0.19 0.23 0.15 0.31 0.49 0.61 0.73 0.80 0.66 0.63 0.67 0.78 0.90 0.88 0.83 0.83 0.97 1.04 1.14 1.40 1.43 1.56 1.83 1.85 1.88 1.98 2.09 2.19 2.12 1.62 1.82 1.81 1.73 1.75 1.80
0.05 0.04 0.00 0.00 0.00 0.00 0.00 0.00 0.00 0.00 0.00 0.00 0.03 0.05 0.05 0.02 0.05 0.04 0.04 0.02 0.02 0.01 0.00 0.00 0.00 0.00 0.02 0.05 0.06 0.07 0.07 0.09 0.11 0.06 0.05 0.05 0.04 0.01 0.00 0.00 0.01 0.00 0.02 0.03 0.08 0.08 0.07 0.10 0.12 0.22 0.26 0.24 0.26 0.28 0.33 0.45 0.58 0.62 0.56 0.56 0.61 0.61 0.80 0.79 0.81 0.92 0.99 1.10 1.24 1.32 1.53 1.63 1.74 1.78 2.02 2.04 1.90 1.59 1.97 1.88 1.77 1.85 1.76 1.68
0.02 0.00 0.00 0.00 0.00 0.00 0.00 0.00 0.00 0.00 0.00 0.00 0.03 0.04 0.04 0.03 0.03 0.06 0.07 0.05 0.03 0.03 0.01 0.00 0.00 0.00 0.00 0.05 0.07 0.09 0.09 0.09 0.12 0.07 0.05 0.07 0.05 0.03 0.02 0.02 0.00 0.00 0.00 0.00 0.00 0.04 0.04 0.06 0.10 0.17 0.24 0.19 0.28 0.16 0.34 0.38 0.45 0.51 0.54 0.52 0.71 0.63 0.65 0.65 0.79 0.80 0.85 1.03 1.15 1.31 1.40 1.57 1.69 1.69 1.86 2.01 1.95 1.80 1.77 1.82 1.73 1.77 1.69 1.68
0.01 0.00 0.00 0.00 0.00 0.00 0.00 0.00 0.00 0.00 0.00 0.00 0.02 0.04 0.07 0.05 0.04 0.05 0.07 0.07 0.05 0.03 0.02 0.03 0.03 0.00 0.00 0.02 0.11 0.11 0.06 0.09 0.12 0.08 0.05 0.08 0.04 0.02 0.03 0.00 0.02 0.01 0.01 0.00 0.02 0.05 0.05 0.06 0.05 0.04 0.15 0.18 0.21 0.21 0.25 0.32 0.42 0.37 0.40 0.49 0.62 0.64 0.53 0.51 0.66 0.72 0.73 0.89 1.01 1.15 1.29 1.43 1.62 1.79 1.85 1.85 1.54 1.78 1.75 1.71 1.75 1.58 1.64 1.56
0.00 0.00 0.00 0.00 0.00 0.00 0.00 0.00 0.00 0.00 0.00 0.00 0.00 0.04 0.07 0.08 0.07 0.08 0.08 0.04 0.04 0.03 0.01 0.05 0.05 0.02 0.00 0.02 0.10 0.02 0.02 0.12 0.12 0.10 0.06 0.08 0.03 0.04 0.04 0.03 0.02 0.04 0.02 0.00 0.02 0.03 0.05 0.05 0.05 0.08 0.09 0.10 0.14 0.13 0.23 0.26 0.34 0.31 0.31 0.44 0.62 0.57 0.46 0.47 0.50 0.56 0.58 0.68 0.82 1.00 1.05 1.23 1.41 1.64 1.68 2.01 1.58 1.62 1.59 1.77 1.65 1.65 1.55 1.47
0.00 0.00 0.00 0.00 0.00 0.00 0.00 0.00 0.00 0.00 0.00 0.00 0.00 0.02 0.03 0.06 0.06 0.09 0.07 0.03 0.02 0.02 0.03 0.04 0.05 0.02 0.00 0.01 0.00 0.00 0.00 0.10 0.12 0.10 0.08 0.10 0.06 0.02 0.03 0.03 0.03 0.05 0.06 0.02 0.03 0.01 0.01 0.02 0.06 0.09 0.09 0.13 0.11 0.11 0.14 0.24 0.32 0.39 0.47 0.49 0.46 0.44 0.40 0.27 0.52 0.42 0.49 0.61 0.67 0.78 0.93 1.07 1.24 1.55 1.41 1.45 1.49 1.46 1.53 1.62 1.76 1.65 1.55 1.46
0.00 0.00 0.00 0.00 0.00 0.00 0.00 0.00 0.00 0.00 0.00 0.00 0.00 0.00 0.01 0.04 0.05 0.08 0.05 0.05 0.02 0.03 0.01 0.01 0.02 0.03 0.02 0.02 0.00 0.00 0.00 0.00 0.00 0.00 0.06 0.08 0.07 0.01 0.03 0.04 0.03 0.07 0.06 0.04 0.04 0.01 0.00 0.00 0.02 0.07 0.14 0.15 0.09 0.07 0.13 0.22 0.41 0.34 0.23 0.46 0.43 0.40 0.30 0.31 0.32 0.42 0.51 0.57 0.62 0.85 0.83 0.90 1.13 0.93 1.47 1.46 1.49 1.56 1.57 1.60 1.70 1.51 1.52 1.50
0.00 0.00 0.00 0.00 0.00 0.00 0.00 0.00 0.00 0.00 0.00 0.00 0.00 0.00 0.00 0.02 0.03 0.04 0.06 0.04 0.02 0.00 0.00 0.00 0.01 0.02 0.03 0.05 0.00 0.00 0.00 0.00 0.05 0.41 0.14 0.01 0.04 0.00 0.02 0.03 0.04 0.10 0.12 0.05 0.04 0.03 0.00 0.01 0.01 0.04 0.15 0.11 0.08 0.04 0.11 0.20 0.30 0.33 0.28 0.42 0.29 0.30 0.22 0.26 0.29 0.38 0.40 0.49 0.56 0.67 0.68 0.84 1.07 1.39 1.53 1.40 1.43 1.52 1.56 1.55 1.50 1.42 1.50 1.49
0.00 0.00 0.00 0.00 0.00 0.00 0.00 0.00 0.00 0.00 0.00 0.00 0.00 0.00 0.00 0.00 0.02 0.05 0.06 0.03 0.00 0.00 0.00 0.01 0.01 0.02 0.03 0.05 0.02 0.00 0.00 0.00 0.00 0.09 0.03 0.25 0.03 0.01 0.00 0.02 0.03 0.05 0.09 0.05 0.05 0.06 0.01 0.02 0.03 0.09 0.11 0.13 0.05 0.03 0.05 0.16 0.29 0.28 0.25 0.37 0.24 0.26 0.20 0.28 0.20 0.32 0.38 0.45 0.40 0.56 0.71 0.70 0.88 0.84 1.10 1.27 1.36 1.52 1.49 1.51 1.39 1.53 1.55 1.35
0.00 0.00 0.00 0.00 0.00 0.00 0.00 0.00 0.00 0.00 0.00 0.00 0.00 0.00 0.00 0.01 0.03 0.05 0.04 0.04 0.01 0.00 0.00 0.00 0.00 0.02 0.02 0.03 0.01 0.00 0.00 0.00 0.00 0.01 0.01 0.05 0.03 0.00 0.01 0.01 0.02 0.06 0.04 0.05 0.06 0.08 0.02 0.01 0.02 0.09 0.15 0.15 0.08 0.04 0.08 0.15 0.19 0.24 0.31 0.28 0.22 0.20 0.29 0.29 0.29 0.25 0.31 0.44 0.41 0.45 0.64 0.66 0.91 0.81 0.92 1.11 1.27 1.38 1.38 1.48 1.48 1.57 1.51 0.93
0.00 0.00 0.00 0.00 0.00 0.00 0.00 0.00 0.00 0.00 0.00 0.00 0.00 0.00 0.00 0.01 0.00 0.02 0.03 0.02 0.01 0.01 0.00 0.00 0.00 0.00 0.00 0.00 0.00 0.01 0.01 0.07 0.00 0.00 0.00 0.05 0.03 0.02 0.01 0.02 0.03 0.21 0.01 0.04 0.06 0.08 0.00 0.00 0.01 0.11 0.18 0.16 0.06 0.05 0.08 0.16 0.16 0.23 0.26 0.25 0.22 0.17 0.25 0.23 0.27 0.27 0.31 0.38 0.39 0.42 0.56 0.70 0.70 0.67 0.78 1.04 1.23 1.32 1.23 1.49 1.55 1.51 1.32 0.96
0.01 0.01 0.00 0.00 0.00 0.00 0.00 0.00 0.00 0.00 0.00 0.00 0.04 0.00 0.00 0.00 0.00 0.00 0.04 0.01 0.01 0.01 0.00 0.00 0.00 0.00 0.01 0.02 0.01 0.01 0.02 0.01 0.00 0.00 0.00 0.05 0.03 0.02 0.01 0.05 0.06 0.03 0.00 0.03 0.07 0.07 0.00 0.01 0.00 0.04 0.09 0.12 0.04 0.03 0.07 0.15 0.14 0.20 0.34 0.28 0.22 0.24 0.26 0.31 0.35 0.36 0.35 0.31 0.39 0.50 0.54 0.51 0.56 0.60 0.74 0.93 1.13 1.24 1.29 1.35 1.51 1.31 1.26 1.21
0.01 0.01 0.00 0.00 0.00 0.01 0.00 0.00 0.00 0.00 0.00 0.08 0.06 0.00 0.00 0.00 0.00 0.06 0.14 0.01 0.00 0.28 0.00 0.00 0.00 0.00 0.00 0.01 0.01 0.02 0.01 0.00 0.00 0.00 0.00 0.08 0.01 0.00 0.00 0.40 0.00 0.00 0.00 0.00 0.01 0.05 0.00 0.01 0.02 0.02 0.03 0.05 0.02 0.05 0.05 0.12 0.14 0.23 0.25 0.20 0.19 0.20 0.23 0.23 0.30 0.33 0.36 0.33 0.45 0.57 0.55 0.50 0.58 0.56 0.68 0.80 0.91 1.15 1.22 1.30 1.14 1.05 1.31 1.14
0.02 0.00 0.00 0.00 0.00 0.02 0.02 0.00 0.00 0.00 0.00 0.69 2.39 0.00 0.00 0.00 0.00 0.00 0.00 0.00 0.00 0.00 0.00 0.01 0.02 0.00 0.00 0.00 0.00 0.02 0.01 0.00 0.00 0.00 0.00 0.00 0.00 0.00 0.00 0.00 0.00 0.00 0.00 0.00 0.00 0.01 0.01 0.01 0.02 0.03 0.02 0.02 0.00 0.02 0.07 0.10 0.15 0.28 0.29 0.21 0.16 0.19 0.22 0.26 0.29 0.33 0.32 0.37 0.46 0.51 0.59 0.51 0.57 0.59 0.64 0.80 0.91 1.02 1.26 0.88 1.07 1.19 1.17 1.19
0.01 0.01 0.01 0.00 0.01 0.02 0.02 0.00 0.00 0.01 0.00 4.17 0.31 0.00 0.00 0.00 0.00 0.00 0.01 0.00 0.00 0.00 0.00 0.01 0.01 0.01 0.00 0.00 0.00 0.00 0.00 0.00 0.00 0.00 0.00 0.00 0.00 0.00 0.00 0.00 0.00 0.00 0.00 0.00 0.00 0.00 0.00 0.01 0.01 0.02 0.02 0.03 0.03 0.01 0.08 0.10 0.03 0.11 0.22 0.19 0.20 0.21 0.17 0.35 0.37 0.34 0.32 0.44 0.54 0.55 0.46 0.42 0.48 0.58 0.62 0.70 0.95 1.04 0.98 0.98 0.85 0.98 1.14 1.22
0.01 0.01 0.00 0.01 0.02 0.03 0.02 0.00 0.00 0.01 0.00 0.00 0.29 0.00 0.00 0.00 0.00 0.00 0.00 0.00 0.00 0.00 0.00 0.00 0.00 0.01 0.00 0.00 0.00 0.00 0.00 0.00 0.00 0.00 0.00 0.00 0.00 0.00 0.00 0.00 0.00 0.00 0.00 0.00 0.00 0.00 0.00 0.00 0.00 0.00 0.02 0.01 0.02 0.03 0.10 0.04 0.08 0.06 0.07 0.16 0.18 0.18 0.27 0.32 0.39 0.40 0.29 0.38 0.58 0.38 0.33 0.47 0.58 0.64 0.59 0.63 0.84 0.87 1.00 0.88 0.96 0.99 1.05 1.06
0.02 0.03 0.00 0.01 0.00 0.01 0.02 0.01 0.01 0.03 0.00 0.00 0.55 0.00 0.00 0.00 0.00 0.00 0.00 0.00 0.00 0.00 0.00 0.00 0.00 0.00 0.00 0.00 0.00 0.00 0.00 0.00 0.00 0.00 0.00 0.01 0.00 0.00 0.00 0.00 0.00 0.00 0.00 0.00 0.00 0.00 0.00 0.00 0.00 0.00 0.00 0.00 0.02 0.06 0.07 0.04 0.07 0.15 0.00 0.04 0.21 0.30 0.29 0.31 0.31 0.43 0.42 0.45 0.52 0.38 0.47 0.49 0.66 0.62 0.61 0.64 0.76 0.69 0.97 0.87 0.95 0.93 0.90 0.98
0.00 0.02 0.00 0.00 0.00 0.01 0.00 0.01 0.05 0.01 0.02 0.00 0.00 0.00 0.00 0.00 0.00 0.00 0.00 0.00 0.00 0.00 0.00 0.00 0.00 0.00 0.00 0.00 0.00 0.00 0.01 0.00 0.00 0.00 0.01 0.00 0.00 0.00 0.00 0.00 0.00 0.00 0.00 0.00 0.00 0.00 0.00 0.00 0.00 0.00 0.00 0.00 0.01 0.01 0.02 0.07 0.01 0.00 0.00 0.00 0.21 0.32 0.35 0.39 0.32 0.48 0.53 0.40 0.39 0.40 0.52 0.60 0.62 0.65 0.71 0.69 0.59 0.73 0.76 0.94 0.94 0.84 0.84 0.90
0.02 0.00 0.00 0.01 0.00 0.01 0.00 0.03 0.08 0.04 0.01 0.01 0.00 0.02 0.01 0.00 0.00 0.00 0.00 0.01 0.01 0.00 0.00 0.00 0.00 0.00 0.00 0.01 0.00 0.00 0.00 0.00 0.00 0.00 0.01 0.01 0.00 0.00 0.00 0.00 0.00 0.00 0.00 0.00 0.00 0.00 0.00 0.00 0.00 0.00 0.00 0.00 0.00 0.00 0.00 0.01 0.01 0.01 0.04 0.04 0.16 0.32 0.37 0.30 0.44 0.51 0.54 0.37 0.32 0.41 0.51 0.57 0.59 0.62 0.64 0.63 0.56 0.62 0.70 0.94 1.01 0.82 0.89 0.48
0.02 0.02 0.02 0.03 0.01 0.02 0.00 0.06 0.04 0.09 0.06 0.04 0.02 0.05 0.01 0.00 0.00 0.00 0.01 0.01 0.00 0.00 0.00 0.00 0.00 0.00 0.00 0.01 0.00 0.00 0.00 0.00 0.00 0.00 0.00 0.00 0.00 0.01 0.01 0.00 0.00 0.00 0.00 0.00 0.00 0.00 0.00 0.00 0.00 0.00 0.00 0.00 0.00 0.00 0.01 0.01 0.00 0.03 0.15 0.00 0.03 0.18 0.31 0.35 0.47 0.62 0.58 0.41 0.38 0.48 0.53 0.56 0.60 0.65 0.55 0.49 0.46 0.55 0.60 0.69 0.77 0.87 0.70 0.55
0.04 0.04 0.02 0.02 0.08 0.02 0.02 0.05 0.05 0.09 0.08 0.04 0.05 0.02 0.01 0.00 0.00 0.01 0.00 0.00 0.00 0.00 0.00 0.00 0.00 0.00 0.00 0.00 0.00 0.00 0.00 0.00 0.00 0.00 0.00 0.01 0.01 0.01 0.01 0.00 0.00 0.00 0.00 0.00 0.00 0.00 0.00 0.00 0.00 0.00 0.00 0.00 0.00 0.00 0.00 0.00 0.00 0.00 0.00 0.00 0.00 0.00 0.00 0.33 0.52 0.63 0.56 0.46 0.47 0.47 0.53 0.61 0.56 0.47 0.58 0.52 0.38 0.43 0.50 0.58 0.72 0.56 0.91 0.68
0.04 0.03 0.01 0.04 0.09 0.09 0.13 0.05 0.11 0.10 0.03 0.02 0.04 0.05 0.03 0.01 0.00 0.03 0.04 0.00 0.01 0.00 0.00 0.01 0.01 0.00 0.00 0.00 0.00 0.00 0.00 0.00 0.01 0.00 0.00 0.00 0.01 0.01 0.00 0.00 0.00 0.00 0.00 0.00 0.00 0.00 0.00 0.00 0.00 0.00 0.00 0.00 0.00 0.00 0.00 0.00 0.00 0.00 0.00 0.00 0.00 0.00 0.00 0.07 0.41 0.36 0.42 0.63 0.62 0.53 0.55 0.55 0.34 0.50 0.46 0.53 0.50 0.40 0.40 0.42 0.51 0.68 0.83 0.91
0.01 0.02 0.02 0.05 0.11 0.07 0.15 0.25 0.06 0.02 0.03 0.06 0.04 0.07 0.03 0.03 0.05 0.05 0.03 0.01 0.00 0.00 0.00 0.00 0.01 0.00 0.00 0.00 0.00 0.00 0.00 0.00 0.00 0.00 0.00 0.01 0.00 0.01 0.01 0.00 0.00 0.00 0.00 0.00 0.00 0.00 0.00 0.00 0.00 0.00 0.00 0.00 0.00 0.00 0.00 0.00 0.00 0.00 0.00 0.00 0.00 0.00 0.00 0.07 0.14 0.00 0.27 0.49 0.53 0.61 0.60 0.36 0.37 0.44 0.40 0.47 0.60 0.39 0.33 0.39 0.48 0.64 0.87 0.93
0.03 0.00 0.02 0.02 0.05 0.16 0.22 0.15 0.20 0.12 0.08 0.04 0.12 0.11 0.05 0.03 0.09 0.04 0.02 0.00 0.00 0.01 0.03 0.02 0.00 0.00 0.00 0.00 0.00 0.00 0.00 0.00 0.00 0.00 0.00 0.00 0.01 0.00 0.02 0.01 0.01 0.01 0.00 0.00 0.00 0.00 0.00 0.00 0.00 0.00 0.00 0.00 0.00 0.00 0.00 0.00 0.00 0.00 0.00 0.00 0.00 0.01 0.04 0.11 0.06 0.00 0.13 0.58 0.37 0.36 0.50 0.51 0.45 0.42 0.39 0.46 0.54 0.38 0.31 0.23 0.39 0.57 0.54 0.56
0.02 0.01 0.02 0.02 0.07 0.12 0.15 0.24 0.23 0.14 0.10 0.09 0.16 0.17 0.06 0.12 0.13 0.04 0.01 0.01 0.01 0.02 0.03 0.02 0.00 0.00 0.00 0.00 0.00 0.00 0.00 0.00 0.00 0.00 0.00 0.01 0.02 0.02 0.04 0.03 0.03 0.01 0.00 0.00 0.00 0.00 0.00 0.00 0.00 0.00 0.00 0.00 0.00 0.00 0.00 0.00 0.00 0.00 0.00 0.00 0.01 0.00 0.00 0.05 0.04 0.16 0.11 0.22 0.26 0.49 0.65 0.50 0.55 0.43 0.38 0.46 0.40 0.23 0.43 0.28 0.38 0.40 0.53 0.66
0.06 0.03 0.00 0.00 0.04 0.06 0.17 0.30 0.15 0.29 0.20 0.11 0.22 0.20 0.07 0.13 0.08 0.05 0.02 0.00 0.03 0.03 0.03 0.01 0.00 0.00 0.02 0.01 0.00 0.00 0.00 0.00 0.00 0.00 0.00 0.01 0.02 0.03 0.04 0.03 0.01 0.00 0.00 0.00 0.00 0.00 0.00 0.00 0.00 0.00 0.00 0.00 0.00 0.00 0.00 0.00 0.00 0.00 0.00 0.00 0.00 0.00 0.00 0.04 0.10 0.00 0.07 0.17 0.28 0.60 0.55 0.64 0.58 0.47 0.43 0.40 0.33 0.43 0.48 0.41 0.38 0.36 0.45 0.09
0.17 0.07 0.06 0.09 0.10 0.08 0.07 0.13 0.26 0.23 0.13 0.25 0.27 0.20 0.14 0.14 0.14 0.09 0.03 0.02 0.04 0.02 0.00 0.00 0.00 0.00 0.00 0.01 0.00 0.00 0.00 0.00 0.00 0.00 0.00 0.02 0.01 0.04 0.02 0.01 0.00 0.00 0.00 0.00 0.00 0.00 0.00 0.00 0.00 0.00 0.00 0.00 0.00 0.00 0.00 0.00 0.00 0.00 0.00 0.00 0.00 0.00 0.02 0.10 0.05 0.00 0.09 0.19 0.28 0.54 0.58 0.66 0.56 0.52 0.57 0.54 0.37 0.53 0.51 0.46 0.41 0.22 0.17 0.12
0.26 0.15 0.05 0.12 0.16 0.09 0.09 0.14 0.24 0.22 0.23 0.28 0.25 0.21 0.24 0.19 0.20 0.10 0.05 0.06 0.00 0.01 0.00 0.00 0.00 0.06 0.04 0.02 0.00 0.00 0.00 0.00 0.00 0.00 0.00 0.03 0.05 0.03 0.02 0.00 0.00 0.00 0.00 0.00 0.00 0.00 0.00 0.00 0.00 0.00 0.00 0.00 0.00 0.00 0.00 0.00 0.00 0.00 0.00 0.00 0.00 0.01 0.05 0.09 0.14 0.13 0.36 0.25 0.26 0.50 0.42 0.42 0.53 0.51 0.59 0.59 0.57 0.69 0.53 0.45 0.16 0.19 0.07 0.17
0.20 0.08 0.04 0.07 0.15 0.09 0.07 0.39 0.19 0.14 0.38 1.11 0.31 0.28 0.26 0.17 0.06 0.17 0.08 0.02 0.01 0.00 0.00 0.00 0.03 0.07 0.05 0.01 0.00 0.00 0.00 0.00 0.00 0.01 0.03 0.06 0.05 0.03 0.02 0.00 0.01 0.02 0.01 0.00 0.00 0.00 0.00 0.00 0.00 0.00 0.00 0.00 0.00 0.00 0.00 0.00 0.00 0.00 0.00 0.00 0.00 0.00 0.05 0.10 0.13 0.14 0.18 0.22 0.24 0.75 0.48 0.64 0.64 0.52 0.78 0.37 0.48 0.45 0.40 0.13 0.14 0.32 0.13 0.26
0.10 0.08 0.08 0.11 0.07 0.09 0.25 0.33 0.16 0.13 0.17 0.30 0.08 0.30 0.32 0.27 0.45 0.23 0.10 0.06 0.02 0.01 0.01 0.02 0.05 0.00 0.00 0.00 0.00 0.00 0.00 0.01 0.02 0.02 0.03 0.05 0.04 0.02 0.01 0.03 0.03 0.01 0.01 0.00 0.00 0.00 0.00 0.00 0.00 0.00 0.00 0.00 0.00 0.00 0.00 0.00 0.00 0.00 0.00 0.00 0.00 0.01 0.03 0.08 0.09 0.09 0.16 0.30 0.48 0.44 0.43 0.51 0.59 0.52 0.43 0.43 0.34 0.26 0.10 0.11 0.19 0.32 0.11 0.14
0.16 0.13 0.15 0.10 0.15 0.13 0.27 0.21 0.14 0.10 0.15 0.29 0.14 0.37 0.36 0.34 0.38 0.11 0.05 0.15 0.06 0.03 0.01 0.00 0.00 0.00 0.00 0.00 0.01 0.01 0.01 0.01 0.01 0.02 0.04 0.01 0.04 0.02 0.02 0.04 0.04 0.02 0.00 0.00 0.00 0.00 0.00 0.00 0.00 0.00 0.00 0.00 0.00 0.00 0.00 0.00 0.00 0.00 0.00 0.00 0.00 0.01 0.00 0.02 0.04 0.06 0.14 0.30 0.54 0.53 0.58 0.66 0.55 0.43 0.50 0.46 0.23 0.10 0.13 0.18 0.23 0.14 0.07 0.08
0.20 0.26 0.25 0.18 0.25 0.26 0.18 0.15 0.15 0.19 0.09 0.11 0.09 0.13 0.30 0.39 0.44 0.11 0.13 0.16 0.08 0.01 0.01 0.01 0.00 0.00 0.00 0.00 0.02 0.01 0.01 0.01 0.01 0.00 0.00 0.02 0.02 0.03 0.03 0.04 0.03 0.00 0.00 0.00 0.00 0.00 0.00 0.00 0.00 0.00 0.00 0.00 0.00 0.00 0.00 0.00 0.00 0.00 0.00 0.01 0.00 0.00 0.00 0.00 0.02 0.03 0.09 0.22 0.41 0.61 0.58 0.60 0.50 0.43 0.52 0.42 0.18 0.17 0.20 0.22 0.09 0.14 0.14 0.08
0.22 0.24 0.36 0.28 0.23 0.23 0.20 0.14 0.11 0.17 0.06 0.12 0.12 0.31 0.24 0.21 0.29 0.24 0.25 0.29 0.13 0.06 0.03 0.01 0.00 0.00 0.00 0.06 0.02 0.01 0.01 0.00 0.01 0.01 0.00 0.00 0.00 0.06 0.04 0.04 0.01 0.00 0.00 0.00 0.00 0.00 0.00 0.00 0.00 0.00 0.00 0.00 0.00 0.00 0.00 0.00 0.00 0.00 0.00 0.00 0.00 0.00 0.00 0.00 0.01 0.03 0.08 0.15 0.27 0.50 0.58 0.60 0.46 0.41 0.36 0.28 0.17 0.43 0.37 0.21 0.19 0.08 0.06 0.04
0.35 0.27 0.29 0.14 0.29 0.23 0.12 0.20 0.07 0.23 0.13 0.16 0.15 0.19 0.26 0.26 0.33 0.34 0.14 0.18 0.08 0.02 0.07 0.01 0.00 0.00 0.04 0.06 0.02 0.01 0.00 0.00 0.01 0.03 0.00 0.00 0.00 0.00 0.05 0.02 0.00 0.00 0.00 0.00 0.00 0.00 0.00 0.00 0.00 0.00 0.00 0.00 0.00 0.00 0.00 0.00 0.00 0.00 0.00 0.00 0.00 0.00 0.00 0.00 0.02 0.00 0.05 0.12 0.28 0.42 0.34 0.23 0.16 0.10 0.05 0.04 0.07 0.19 0.11 0.19 0.06 0.04 0.03 0.11
0.29 0.22 0.31 0.38 0.25 0.27 0.21 0.13 0.29 0.32 0.29 0.17 0.19 0.24 0.21 0.29 0.24 0.28 0.15 0.05 0.22 0.17 0.08 0.03 0.02 0.01 0.04 0.02 0.01 0.00 0.00 0.01 0.03 0.05 0.05 0.00 0.00 0.00 0.00 0.00 0.01 0.00 0.00 0.00 0.00 0.00 0.00 0.00 0.00 0.00 0.00 0.00 0.00 0.00 0.00 0.00 0.00 0.00 0.00 0.00 0.00 0.00 0.00 0.00 0.00 0.00 0.05 0.07 0.21 0.29 0.12 0.08 0.09 0.04 0.06 0.06 0.07 0.09 0.11 0.06 0.06 0.04 0.04 0.02
