DATA/Ex_dossier_pluie/24h/PH_20111105000000.asc
NCOLS 95
NROWS 110
XLLCENTER 939500
YLLCENTER 1831500
CELLSIZE 1000
NODATA_VALUE -999
[rows 37 to 73 of 110, columns 0 to 82 of 95]
6.09 6.31 6.72 11.36 12.55 15.25 15.58 13.29 9.25 15.36 11.97 12.98 16.00 9.30 5.95 4.78 4.93 3.28 2.50 3.63 3.13 3.13 4.98 3.75 2.77 4.50 2.84 1.28 2.42 3.28 4.73 2.42 2.73 2.90 0.79 1.44 0.86 1.25 1.21 2.78 4.36 5.22 4.50 3.67 2.52 1.55 1.00 1.15 0.80 1.12 0.93 0.25 0.32 0.47 0.40 0.00 0.29 0.13 0.15 0.23 0.26 0.42 0.33 0.43 0.66 1.27 1.40 1.64 1.44 1.26 0.76 0.29 0.49 0.25 0.41 0.66 2.49 2.63 3.47 5.82 2.01 0.87 0.45
5.10 6.59 7.20 7.92 13.97 15.41 14.76 11.37 5.87 4.58 14.84 17.36 19.44 7.51 5.56 4.57 4.16 4.50 6.75 4.57 5.10 4.59 4.05 2.30 3.49 5.32 3.44 2.42 2.51 3.11 3.34 2.91 2.39 2.34 1.59 2.10 1.78 1.24 2.48 2.16 2.79 3.20 4.03 3.57 2.53 1.75 1.29 1.24 1.39 1.11 0.87 0.40 0.32 0.41 0.20 0.00 0.10 0.17 0.16 0.20 0.24 0.23 0.29 0.48 0.67 1.47 1.14 1.30 1.31 1.08 1.71 0.87 0.42 0.42 0.78 2.12 2.73 2.19 1.17 0.81 1.69 1.16 2.20
8.82 5.11 2.86 10.35 10.67 10.55 12.20 9.09 2.35 3.60 8.59 14.72 23.55 7.52 5.74 3.44 4.11 5.00 5.10 4.89 5.28 4.68 2.90 3.20 3.61 4.65 8.76 6.09 2.84 2.66 3.21 2.31 2.76 3.52 1.78 1.99 1.71 1.95 3.02 2.17 2.44 2.60 2.97 2.87 2.29 1.64 1.33 1.19 1.31 1.15 0.56 0.43 0.44 0.16 0.00 0.11 0.06 0.11 0.18 0.18 0.23 0.23 0.28 0.39 0.61 0.43 0.59 1.34 1.34 1.17 1.41 0.92 1.35 1.44 1.45 0.96 1.09 0.71 0.58 2.77 3.05 1.06 1.59
6.65 6.41 4.53 5.29 6.57 9.26 11.32 9.60 5.78 3.83 7.57 12.11 14.27 8.11 4.37 4.68 5.43 6.18 6.75 5.66 6.60 3.82 3.32 5.76 5.12 5.54 5.06 4.32 4.42 3.54 4.00 3.39 4.74 7.06 3.02 2.32 2.34 3.62 3.41 3.08 0.97 1.44 1.62 1.93 2.19 1.59 1.67 1.33 1.37 1.35 0.79 0.48 0.51 0.29 0.18 0.47 0.39 0.11 0.19 0.23 0.24 0.21 0.34 0.56 0.38 0.24 0.50 1.51 1.23 1.13 1.15 1.42 1.56 1.45 1.02 1.56 0.87 0.48 0.93 1.52 3.45 1.44 1.75
4.70 5.88 3.01 2.99 8.26 8.88 9.44 10.51 9.35 11.17 9.92 7.52 9.62 11.77 9.15 8.97 7.92 6.92 5.16 6.96 6.92 4.39 4.91 5.02 5.23 6.14 3.81 4.33 4.50 2.54 2.30 2.11 3.71 3.91 4.62 2.44 2.54 3.69 2.92 2.58 1.28 1.08 1.41 2.12 2.33 1.76 1.38 1.33 1.37 1.23 1.32 1.37 0.94 0.84 1.01 0.52 0.20 0.13 0.22 0.26 0.26 0.29 0.35 0.61 0.30 0.10 0.78 0.86 1.24 1.11 1.05 1.34 1.26 1.14 1.30 1.10 1.90 1.45 2.05 2.24 4.33 3.85 2.33
4.10 5.51 3.37 5.19 7.61 7.91 8.08 9.50 9.29 11.52 10.56 5.59 9.26 10.68 13.61 13.92 11.37 7.59 4.92 7.19 4.93 5.36 4.45 4.59 6.77 6.02 4.37 4.35 4.58 3.35 1.88 2.51 2.98 2.52 2.77 2.50 2.20 3.57 2.79 2.25 2.02 2.97 1.87 2.42 2.93 2.16 1.56 1.39 1.37 1.30 2.04 2.08 1.25 1.39 1.05 0.66 0.18 0.19 0.24 0.30 0.33 0.44 0.59 0.56 0.73 0.53 0.56 1.28 0.83 1.05 1.02 1.43 0.95 3.33 2.96 2.37 1.96 1.19 1.18 1.04 2.43 4.77 2.40
5.82 6.49 4.69 3.51 4.36 5.32 7.92 11.08 9.69 13.50 13.57 11.77 7.27 9.58 17.32 15.64 10.45 5.09 4.24 5.15 5.46 4.52 6.18 6.10 6.80 4.87 4.12 5.84 6.11 3.60 2.82 2.19 2.14 2.62 2.39 1.93 2.59 3.04 2.79 1.81 3.39 3.60 2.66 2.30 3.07 2.22 1.83 1.51 1.49 1.79 2.25 1.80 1.56 1.70 1.06 0.74 0.28 0.27 0.27 0.43 0.44 0.47 0.53 0.66 0.70 0.64 0.55 1.33 0.77 0.85 1.11 1.39 2.01 3.28 3.88 6.95 0.50 1.95 1.21 2.56 5.88 3.19 1.99
5.43 6.10 5.27 4.02 5.53 4.00 8.75 12.28 9.59 6.90 8.59 14.66 11.14 12.17 15.44 13.12 8.79 6.57 5.24 3.96 6.66 6.54 7.45 6.41 5.45 3.98 4.05 5.98 6.26 6.16 5.05 2.65 2.11 2.40 2.57 2.15 2.19 2.67 1.99 1.62 3.68 3.55 2.69 2.75 2.76 2.76 2.10 1.92 1.53 2.39 3.25 1.99 2.12 1.80 1.24 0.80 0.46 0.33 0.41 0.54 0.52 0.49 0.54 0.69 0.51 0.54 0.54 0.56 0.70 0.89 1.14 1.24 1.20 0.94 2.71 3.72 3.70 2.62 1.55 2.37 3.51 2.00 1.41
3.23 5.26 5.24 6.36 8.64 7.21 8.12 11.87 12.28 9.26 8.46 14.71 13.23 15.27 15.74 13.71 10.15 8.93 6.28 4.89 6.64 6.43 6.63 4.77 3.68 4.16 5.37 7.16 5.97 5.55 3.99 2.38 2.78 2.17 2.36 2.04 2.98 3.22 1.95 2.68 3.70 3.25 2.48 2.87 2.68 2.27 2.66 2.14 1.80 2.98 3.61 2.40 2.25 1.53 1.10 0.97 0.61 0.39 0.52 0.70 0.61 0.67 0.71 0.47 0.49 0.11 0.54 0.61 0.59 0.79 0.75 1.20 1.29 1.86 1.49 2.97 2.60 1.93 1.46 1.58 4.89 2.76 1.69
2.50 5.65 6.09 6.73 9.23 4.42 5.96 11.11 15.03 13.86 10.16 17.87 16.22 17.78 16.62 13.52 12.09 11.66 5.67 7.12 7.89 7.17 9.75 3.81 3.69 5.13 6.04 6.70 6.51 5.02 4.30 2.06 1.84 1.91 2.46 2.42 3.10 2.71 2.41 3.25 3.12 3.33 2.53 2.96 2.60 2.13 2.97 2.63 2.51 2.54 2.73 2.77 2.46 1.61 0.91 0.87 0.73 0.51 0.81 0.94 0.79 0.78 0.79 0.76 0.38 0.32 0.93 0.67 0.63 0.77 1.16 1.13 1.35 1.53 1.84 2.09 2.37 1.24 1.23 1.40 2.63 3.66 2.11
2.81 5.30 9.78 7.21 4.43 5.16 2.61 12.93 12.67 13.20 11.76 17.07 17.44 15.16 14.90 13.69 13.48 12.24 7.00 6.60 4.55 6.01 8.97 5.83 6.11 6.40 5.69 5.54 5.74 4.81 3.42 1.32 1.48 1.77 1.99 2.81 3.32 2.71 1.90 2.68 3.06 3.10 1.92 2.62 2.00 2.38 3.47 2.80 2.99 2.06 2.01 2.74 1.99 1.35 1.02 1.03 0.54 0.60 0.94 1.04 0.96 0.87 0.94 0.69 0.48 0.64 0.73 1.02 0.79 0.65 1.17 1.30 0.96 1.86 2.55 2.57 2.35 2.14 2.10 0.94 1.12 2.77 1.78
1.87 4.11 7.92 3.94 4.08 5.48 3.42 8.94 7.61 9.75 11.63 13.63 14.87 16.45 16.27 15.18 13.55 11.77 7.56 6.67 4.47 6.67 8.05 6.76 8.17 6.84 6.48 5.79 5.69 5.34 3.31 1.57 1.93 2.03 2.00 3.21 3.08 2.53 1.90 2.66 2.95 3.24 2.51 2.86 2.05 2.39 2.83 2.35 3.19 2.03 2.02 2.36 1.69 1.32 1.22 1.12 0.64 0.73 1.11 1.20 1.23 0.89 1.01 0.74 0.78 1.00 0.86 0.65 0.47 0.49 0.67 1.12 0.95 1.50 2.07 1.54 1.75 2.19 1.36 1.36 1.58 2.19 2.74
4.36 4.97 5.28 7.02 4.43 7.24 8.46 6.41 7.19 10.11 9.48 10.34 14.89 14.67 13.78 11.87 15.79 12.34 9.91 6.30 4.85 8.92 8.44 9.17 5.58 5.48 6.11 5.57 5.97 5.73 4.30 2.19 2.12 1.99 2.14 3.52 2.55 2.22 1.60 2.56 2.30 2.46 3.52 3.30 2.99 2.72 2.16 2.08 2.81 2.39 2.90 3.11 1.94 1.21 1.44 1.18 0.64 0.87 1.06 1.36 1.37 0.92 0.77 0.76 0.88 0.83 0.84 0.67 0.47 0.44 0.74 0.99 0.73 1.44 1.47 1.56 2.22 1.72 1.16 1.58 1.28 1.67 2.54
5.39 5.30 5.85 5.26 2.45 6.18 10.37 9.26 10.90 10.94 9.89 10.68 14.94 7.89 5.97 7.53 10.86 11.34 8.26 4.93 6.15 7.97 8.41 7.79 7.72 4.46 5.30 5.92 5.51 6.27 6.16 3.08 2.69 2.52 3.05 3.45 2.52 1.67 2.61 2.53 1.63 2.36 3.75 3.64 3.48 2.70 2.14 1.97 2.46 2.63 4.00 3.43 2.33 1.99 1.60 1.42 0.77 0.90 1.30 1.88 2.89 1.59 0.94 0.83 0.76 0.89 0.89 0.69 0.52 0.58 0.74 1.03 0.69 1.00 1.45 2.12 2.56 1.38 1.10 1.55 1.50 2.04 2.19
6.68 6.29 5.42 4.35 5.35 6.31 8.32 8.50 9.47 8.19 6.54 10.99 12.89 9.09 6.39 7.73 11.08 11.42 8.70 6.59 6.32 6.96 7.94 9.47 8.38 5.88 6.30 5.48 4.75 6.39 5.69 3.62 2.61 2.75 3.81 3.25 2.97 2.15 3.42 2.42 1.73 2.49 3.06 3.15 2.91 2.84 2.71 2.11 0.00 2.62 4.43 4.87 3.17 2.30 1.73 1.78 1.14 0.85 1.31 2.16 3.00 1.48 1.00 0.99 0.91 0.77 0.60 0.63 0.59 0.60 0.62 0.77 0.78 0.89 2.61 3.29 2.44 2.96 2.13 1.75 1.69 2.28 2.08
9.51 7.34 6.47 8.98 6.99 5.99 8.61 6.04 7.60 9.50 6.49 10.66 13.69 8.33 8.09 9.15 13.12 12.69 10.60 6.91 5.29 6.33 6.01 8.81 7.43 4.56 4.82 5.20 5.31 6.30 6.40 4.51 2.79 3.22 2.76 3.18 2.81 2.44 4.42 3.03 2.19 2.69 2.58 3.28 3.63 3.58 2.65 0.00 0.00 0.59 4.50 5.10 3.61 3.05 1.80 1.76 1.19 0.99 1.80 2.66 3.17 1.22 0.87 0.82 0.80 0.62 0.69 0.74 0.60 0.53 0.56 0.73 0.87 1.13 2.78 2.03 2.38 2.57 2.18 1.77 1.72 2.25 1.46
6.74 6.84 5.74 9.71 8.64 7.97 7.62 4.60 6.67 9.51 8.75 9.30 10.93 10.26 9.65 5.23 10.70 13.69 11.69 10.55 6.39 6.65 8.50 8.20 4.77 4.68 4.02 4.08 4.61 5.12 6.51 4.29 2.52 2.39 1.88 2.43 2.54 2.74 4.66 3.94 2.34 3.19 2.17 3.01 5.11 4.22 4.04 3.03 0.01 2.90 3.72 3.80 3.77 3.26 1.92 1.78 1.31 1.31 2.66 2.54 3.83 1.43 1.25 1.04 0.88 0.78 0.74 0.70 0.46 0.63 0.66 0.89 1.08 1.85 2.21 1.43 2.62 1.66 1.39 1.42 1.68 2.04 1.49
10.04 11.98 8.39 11.45 12.52 13.92 5.47 5.25 6.06 12.01 12.74 10.70 10.06 16.23 8.29 5.60 9.49 13.13 10.17 9.19 7.55 7.47 8.34 6.11 4.86 4.88 4.51 4.38 4.19 4.97 7.09 4.48 2.51 2.08 1.76 2.13 2.58 3.00 4.55 3.68 2.29 3.63 2.07 3.16 5.94 4.26 4.57 3.97 3.71 3.74 3.00 3.33 3.47 2.54 1.98 2.18 1.22 1.26 2.63 2.68 2.66 1.37 1.40 1.35 1.09 0.93 1.02 1.09 0.76 0.92 0.69 0.86 0.95 1.20 1.19 1.66 3.28 1.60 1.62 1.41 1.95 1.64 1.70
5.71 7.11 7.82 13.83 14.34 12.97 4.15 5.05 6.69 4.40 7.48 7.04 6.03 12.54 9.34 7.43 9.27 10.75 9.09 7.65 10.24 8.96 9.69 8.15 7.54 5.57 6.02 5.35 5.77 5.67 7.93 3.84 3.11 2.14 2.16 1.92 2.39 3.26 3.73 3.00 2.29 3.56 2.58 3.18 4.38 3.79 4.04 4.13 3.84 4.09 3.35 3.59 3.41 3.17 2.41 2.61 1.32 1.28 2.89 3.52 3.06 1.65 1.42 1.19 0.94 0.92 1.31 1.30 1.10 0.89 0.77 0.97 1.04 1.10 0.77 3.32 3.45 2.65 2.01 1.48 2.15 1.79 1.98
6.48 7.38 8.06 7.53 7.37 5.63 4.67 4.75 3.60 8.52 7.51 12.43 11.19 8.54 6.14 5.81 7.34 9.30 8.61 7.00 9.00 9.39 10.13 9.09 9.89 6.78 6.05 5.79 6.02 7.55 7.17 5.18 3.77 2.82 2.91 2.02 2.29 3.04 3.18 2.40 3.18 3.48 3.00 2.75 2.97 4.10 3.29 3.77 3.22 4.11 3.95 5.93 3.72 3.46 2.32 2.57 1.16 0.90 2.50 4.35 4.06 2.33 1.32 0.98 0.66 0.84 1.24 1.15 1.46 1.44 0.95 1.18 1.08 1.35 1.35 2.38 2.11 2.88 1.93 1.59 2.04 1.91 2.05
9.69 9.62 8.48 9.22 10.65 13.27 9.24 6.20 6.83 9.73 7.44 9.68 10.19 14.06 10.17 8.35 8.59 7.17 7.14 7.93 8.74 9.79 11.40 9.47 10.38 9.13 7.06 7.44 6.40 6.28 6.36 6.36 4.83 3.70 3.56 2.38 2.63 2.02 2.65 2.56 4.91 3.15 3.47 3.10 2.60 3.68 3.30 3.03 2.98 3.74 4.38 7.22 7.09 3.77 2.45 2.85 1.28 1.25 2.13 3.30 5.57 1.96 1.34 1.20 0.92 0.84 1.02 0.88 0.92 1.00 1.48 1.58 2.03 2.05 2.04 2.11 1.69 1.75 1.89 1.31 1.22 1.27 1.48
11.58 10.03 9.95 7.94 7.72 9.27 5.48 6.81 9.70 12.72 8.31 9.73 13.26 14.84 11.25 9.01 12.49 8.77 8.90 10.00 10.29 8.98 9.58 10.63 9.19 9.34 8.17 8.22 6.38 5.92 4.53 5.65 5.40 3.35 2.66 3.17 2.97 2.10 2.29 3.44 5.40 4.01 3.86 3.66 3.10 3.39 4.19 3.42 3.13 3.91 4.25 6.99 5.70 -999 2.84 2.94 1.72 1.08 1.83 2.82 4.41 1.61 1.32 0.86 0.84 1.05 1.14 0.98 1.04 1.28 1.61 1.73 1.85 1.52 3.25 1.95 2.03 2.32 1.62 1.54 1.61 1.33 1.43
8.69 8.29 5.57 6.13 3.42 6.06 8.46 10.36 10.89 9.89 11.04 13.32 15.13 18.43 11.08 8.42 7.73 3.30 7.49 5.55 6.57 8.66 8.82 12.57 11.80 9.79 7.56 5.44 6.09 4.45 3.85 5.08 6.86 3.31 2.80 2.54 3.33 1.83 2.51 4.73 5.26 4.92 4.81 4.22 3.61 3.93 5.21 3.73 3.66 4.49 3.86 4.68 4.90 5.19 -999 2.38 1.85 1.61 2.67 3.77 3.36 1.32 0.91 1.03 1.05 1.07 1.06 1.12 1.24 1.52 2.69 2.86 2.12 1.65 1.61 1.19 2.01 2.37 1.55 1.41 1.09 1.29 1.55
10.94 12.83 9.46 6.91 3.47 4.78 8.56 10.27 11.75 11.62 9.08 10.10 10.89 18.77 11.93 10.21 11.47 6.27 7.86 9.54 2.48 3.60 8.53 11.71 12.14 9.24 4.44 2.92 4.73 4.84 4.06 4.72 6.74 3.41 2.57 1.55 2.91 2.46 3.11 4.99 5.38 6.26 3.96 3.44 3.73 4.34 5.89 4.10 4.63 4.84 3.35 3.46 4.56 3.63 2.95 -999 1.79 1.80 3.40 4.34 3.41 1.11 0.81 0.88 1.15 1.10 1.36 0.98 1.73 1.25 1.39 2.02 1.63 1.61 1.05 1.04 1.36 1.36 1.57 1.12 0.93 1.16 1.39
6.00 10.56 7.94 8.84 4.07 4.32 6.17 12.45 8.15 8.12 7.79 12.20 13.98 14.86 8.92 8.41 7.37 5.74 7.84 8.49 3.13 4.76 7.27 12.37 8.31 5.59 4.86 3.63 4.61 4.25 3.91 5.88 4.52 2.78 2.35 1.45 1.81 2.89 3.18 4.22 5.87 5.44 3.76 3.16 3.51 4.73 4.74 3.98 4.52 4.58 3.27 3.71 4.23 3.22 2.79 -999 -999 1.88 3.01 4.67 2.31 1.53 0.97 1.01 0.92 0.83 0.99 1.51 2.30 1.65 1.44 3.20 2.44 1.92 1.07 1.09 1.09 1.69 1.50 1.29 0.90 1.04 1.18
7.08 8.33 7.71 8.54 7.26 8.87 12.14 15.18 12.46 11.59 7.73 11.26 10.88 9.87 8.67 13.23 7.41 6.07 6.41 5.48 3.86 4.11 5.33 10.81 8.39 5.15 5.17 6.17 5.50 3.97 3.92 5.85 5.20 4.83 3.72 2.52 1.32 2.16 2.51 3.32 3.72 4.28 3.20 2.53 3.44 4.34 3.72 3.72 4.24 4.12 3.00 4.18 3.52 3.20 2.60 3.20 -999 -999 2.88 3.24 2.54 1.48 1.10 0.93 0.77 1.04 1.05 1.04 1.69 2.12 1.48 2.13 3.30 2.84 2.10 1.62 1.07 1.78 1.29 1.04 1.03 1.28 1.48
6.11 7.68 10.48 13.40 12.74 13.10 13.18 14.65 16.56 12.92 10.58 12.01 12.58 8.83 7.40 14.87 6.25 5.12 7.82 3.90 5.37 5.83 7.85 10.91 6.80 5.18 6.90 8.74 6.91 5.53 4.10 4.88 5.60 4.36 5.10 2.67 1.16 2.47 3.16 2.90 2.74 3.51 2.90 2.57 3.26 2.99 3.10 3.72 3.41 3.50 3.14 3.73 3.47 3.73 3.01 3.28 2.53 -999 -999 3.64 4.15 1.46 1.18 0.91 0.67 0.87 1.14 1.39 1.35 1.79 3.50 2.57 3.42 2.64 2.31 1.88 1.34 1.78 1.30 1.10 1.06 0.93 1.13
6.63 4.80 4.66 7.23 7.29 9.38 16.12 15.12 16.63 16.27 14.23 10.53 8.57 7.40 10.86 9.21 5.62 5.42 7.06 7.82 9.52 9.86 11.26 8.69 9.14 5.68 7.18 8.37 8.48 4.98 2.92 3.94 5.73 5.11 6.20 2.94 1.24 2.35 2.29 2.14 2.16 3.70 3.27 2.73 3.29 2.87 3.05 2.88 2.32 2.96 3.18 3.24 3.82 3.45 2.91 3.07 1.76 -999 -999 -999 3.75 1.40 1.06 0.79 0.80 0.86 1.19 1.11 0.74 1.52 3.42 3.07 3.02 2.19 2.23 2.18 1.30 1.51 1.61 1.22 1.22 1.18 1.52
11.95 4.28 4.88 8.39 9.89 11.73 14.81 16.95 16.77 12.22 11.69 11.50 7.89 6.66 9.54 10.12 5.05 5.06 8.59 7.80 11.99 11.39 9.10 8.93 7.11 6.04 7.74 7.10 6.52 4.18 3.20 2.54 3.90 3.99 6.55 2.14 1.14 1.75 1.29 1.11 2.56 3.59 4.69 4.23 3.92 3.24 3.67 2.82 2.27 3.20 3.52 2.90 3.72 3.12 3.23 2.91 1.63 1.40 -999 -999 -999 1.21 0.95 0.66 0.72 1.15 1.37 1.26 0.63 0.86 2.98 3.94 2.63 1.63 2.29 2.49 1.55 1.39 1.45 1.31 1.29 1.47 1.55
6.29 8.59 5.89 8.48 13.06 16.83 13.91 14.76 13.55 12.96 13.21 9.62 8.22 6.33 6.88 8.04 6.64 6.35 6.36 7.10 8.36 12.42 6.66 6.34 6.46 5.47 7.51 9.76 6.30 5.09 3.80 1.55 2.46 2.08 4.17 1.30 1.23 1.86 1.17 1.01 2.13 3.38 5.38 5.25 5.00 3.36 4.13 2.71 2.71 4.24 3.11 2.54 3.62 2.69 2.66 2.70 1.51 1.34 2.66 -999 -999 -999 0.76 0.66 0.68 0.91 1.66 1.03 0.76 0.86 2.00 2.80 2.31 2.07 4.06 2.33 1.56 1.34 1.57 1.83 1.42 1.08 1.13
6.00 9.60 8.61 11.51 10.81 10.14 13.52 15.48 15.23 12.78 14.55 16.31 12.22 8.55 7.78 6.96 6.32 6.61 6.14 3.75 7.37 10.90 8.69 6.60 5.49 6.01 9.86 8.33 5.45 4.90 2.17 1.41 1.48 1.80 1.81 1.46 1.79 1.51 1.22 1.46 2.06 3.11 5.26 4.44 4.39 3.51 4.34 2.87 3.26 4.31 2.88 2.18 2.63 2.25 2.85 3.20 1.88 1.75 3.18 -999 -999 -999 -999 0.51 0.75 1.07 0.92 0.90 1.14 0.98 1.75 2.00 2.58 3.43 5.09 2.99 1.94 1.20 1.39 1.84 1.68 1.39 1.09
6.70 9.53 10.63 7.62 11.17 11.48 12.57 17.46 17.75 15.16 14.67 14.68 12.62 12.54 6.67 5.52 7.66 5.55 4.16 2.81 5.51 8.54 8.64 6.00 4.94 7.74 7.19 4.17 3.20 2.47 1.69 0.78 0.90 1.64 1.91 2.40 2.23 1.51 1.44 1.73 1.57 2.68 3.82 3.81 3.43 3.82 3.97 3.05 3.25 3.09 2.72 2.51 2.26 2.09 3.00 2.91 1.35 2.01 2.92 2.34 -999 -999 -999 -999 0.76 0.97 0.74 0.60 1.11 1.29 1.46 1.94 2.93 3.28 3.93 3.78 3.39 2.16 2.20 1.68 1.62 1.54 1.29
6.45 7.69 11.80 11.08 16.28 17.13 21.22 23.07 21.84 20.36 17.01 14.53 11.85 10.67 7.86 7.28 7.93 6.92 3.91 1.60 2.86 4.80 6.78 3.98 5.42 6.22 6.28 4.78 5.11 3.28 1.54 1.22 1.81 3.33 3.53 4.14 2.82 1.36 1.45 1.35 1.59 1.53 2.30 2.31 2.42 3.52 3.12 2.70 2.46 2.61 2.62 2.63 2.45 2.41 2.90 2.83 1.46 1.96 1.96 2.24 2.52 -999 -999 -999 -999 0.81 0.95 1.01 0.94 1.34 1.66 1.98 3.15 2.53 2.94 4.11 4.15 3.07 2.32 2.38 2.05 1.27 1.14
6.15 9.24 7.62 15.98 17.94 18.46 16.01 16.31 16.05 12.03 19.02 19.20 15.39 8.38 6.38 5.40 6.52 6.71 4.95 3.81 2.10 2.68 3.44 6.38 7.67 5.31 3.57 5.20 7.67 5.57 3.06 2.21 3.72 4.79 4.64 4.56 2.89 1.27 0.96 1.05 0.97 1.23 1.97 1.47 1.80 2.00 2.31 2.23 1.81 2.24 3.18 3.36 3.42 2.46 2.86 2.44 1.52 1.13 1.56 2.52 2.41 -999 -999 -999 -999 -999 0.82 0.86 0.80 0.90 1.66 2.09 3.06 1.99 2.57 4.40 2.78 2.56 2.58 2.76 2.37 1.39 1.19
7.35 7.16 9.57 10.14 11.13 8.11 7.88 13.87 16.10 8.64 13.36 27.12 20.74 10.63 8.52 8.82 6.96 6.67 6.80 4.61 3.20 2.65 4.13 5.55 3.99 3.26 4.31 6.01 10.86 10.48 4.12 3.04 4.60 3.55 3.42 4.24 2.37 0.98 0.79 0.68 0.79 1.26 1.49 1.45 1.67 1.76 2.01 1.84 1.62 2.17 3.62 3.44 3.01 2.79 2.54 2.87 1.63 1.26 2.09 2.85 2.18 1.70 -999 -999 -999 -999 -999 0.61 0.60 0.95 1.53 1.40 1.45 1.76 3.82 3.27 2.36 2.11 1.93 2.59 2.63 2.20 1.35
7.52 9.92 7.87 10.19 9.81 8.65 12.58 14.91 17.10 18.31 21.47 21.02 17.73 17.97 11.64 8.97 11.32 7.36 6.84 5.09 4.15 2.63 5.85 4.15 2.45 4.24 6.10 7.80 11.95 10.14 4.79 3.56 3.36 2.36 3.64 3.42 1.09 0.97 0.71 0.54 0.96 1.37 1.75 2.01 2.47 2.47 2.13 1.85 1.85 2.80 3.74 2.98 2.83 2.03 2.98 3.14 1.53 1.67 2.94 4.00 1.25 1.42 0.63 -999 -999 -999 -999 -999 0.55 0.71 1.53 1.41 1.32 1.81 3.93 2.57 2.01 1.58 1.69 2.01 1.65 1.62 1.66
5.89 8.48 11.42 6.93 10.04 12.87 11.85 15.61 19.18 14.93 18.59 18.40 22.93 19.83 12.57 7.46 8.91 10.56 4.69 2.05 2.64 4.56 5.88 4.65 4.35 4.08 5.86 7.69 9.09 7.53 3.73 2.76 1.74 1.39 1.96 3.06 0.80 0.91 0.65 0.78 1.13 1.44 1.89 2.84 2.80 2.80 2.48 1.88 2.01 3.32 3.75 2.81 2.27 1.74 3.16 2.75 1.52 2.00 3.89 3.42 1.87 1.02 0.75 -999 -999 -999 -999 -999 -999 0.62 1.12 1.43 1.74 1.95 2.26 2.32 2.25 1.45 1.63 1.06 1.48 1.17 1.03
