DATA/Ex_dossier_pluie/24h/PH_20111105150000.asc
NCOLS 95
NROWS 110
XLLCENTER 939500
YLLCENTER 1831500
CELLSIZE 1000
NODATA_VALUE -999
[rows 38 to 75 of 110, columns 0 to 83 of 95]
0.16 0.13 0.07 0.06 0.02 0.05 0.05 0.05 0.07 0.08 0.10 0.06 0.05 0.03 0.00 0.00 0.01 0.03 0.01 0.00 0.00 0.00 0.00 0.00 0.00 0.00 0.00 0.00 0.00 0.00 0.00 0.07 0.00 0.01 0.02 0.03 0.03 0.06 0.02 0.03 0.04 0.02 0.02 0.03 0.03 0.03 0.01 0.00 0.02 0.00 0.00 0.08 0.01 0.00 0.00 0.00 0.10 0.23 0.30 0.28 0.37 0.44 0.70 0.17 0.66 0.47 0.47 0.31 0.21 0.57 0.47 0.14 0.14 0.34 0.19 0.21 0.21 0.33 0.30 0.38 1.04 0.85 0.80 0.85
0.27 0.27 0.09 0.05 0.10 0.02 0.05 0.07 0.16 0.09 0.11 0.04 0.04 0.00 0.01 0.02 0.04 0.00 0.00 0.01 0.00 0.01 0.00 0.00 0.00 0.00 0.00 0.00 0.00 0.00 0.00 0.02 0.01 0.01 0.01 0.01 0.03 0.04 0.01 0.01 0.03 0.01 0.01 0.01 0.01 0.00 0.00 0.00 0.00 0.03 0.03 0.04 0.06 0.00 0.00 0.00 0.10 0.17 0.29 0.13 0.24 0.21 0.41 0.53 0.68 0.53 0.53 0.34 0.43 0.37 0.48 0.36 0.09 0.13 0.26 0.28 0.17 0.31 0.40 0.44 0.49 0.95 1.35 1.22
0.21 0.26 0.15 0.13 0.12 0.01 0.05 0.05 0.10 0.04 0.01 0.01 0.02 0.01 0.05 0.02 0.03 0.05 0.01 0.00 0.00 0.00 0.00 0.00 0.00 0.00 0.00 0.00 0.00 0.00 0.00 0.00 0.01 0.01 0.01 0.01 0.01 0.01 0.01 0.00 0.00 0.00 0.00 0.00 0.00 0.00 0.00 0.00 0.00 0.01 0.02 0.06 0.16 0.00 0.04 0.06 0.08 0.13 0.14 0.16 0.20 0.35 0.48 0.68 0.55 0.63 0.48 0.41 0.49 0.44 0.45 0.42 0.56 0.21 0.23 0.38 0.55 0.52 0.55 0.90 1.25 0.97 0.97 0.79
0.27 0.21 0.15 0.09 0.07 0.04 0.04 0.09 0.16 0.02 0.03 0.04 0.02 0.02 0.05 0.04 0.01 0.00 0.02 0.00 0.00 0.00 0.00 0.00 0.01 0.00 0.00 0.00 0.00 0.00 0.01 0.00 0.01 0.01 0.01 0.01 0.01 0.01 0.01 0.00 0.00 0.00 0.00 0.00 0.00 0.00 0.00 0.00 0.00 0.00 0.00 0.04 0.15 0.04 0.04 0.05 0.04 0.07 0.08 0.14 0.31 0.57 0.80 0.60 0.65 0.40 0.27 0.25 0.26 0.59 0.72 0.56 0.20 0.18 0.32 0.39 0.68 0.89 1.01 0.81 0.42 0.60 0.97 1.00
0.44 0.16 0.05 0.10 0.07 0.02 0.04 0.09 0.04 0.05 0.03 0.01 0.03 0.04 0.05 0.04 0.02 0.00 0.00 0.00 0.00 0.00 0.02 0.01 0.01 0.00 0.00 0.00 0.00 0.01 0.01 0.00 0.01 0.02 0.01 0.01 0.00 0.00 0.00 0.00 0.00 0.00 0.00 0.00 0.00 0.00 0.00 0.00 0.00 0.00 0.00 0.00 0.04 0.09 0.03 0.04 0.04 0.05 0.09 0.19 0.33 0.93 0.80 0.45 0.26 0.22 0.19 0.60 0.22 0.61 0.37 0.46 0.71 0.32 0.80 1.65 1.09 0.31 0.55 0.63 0.47 0.49 0.65 0.71
0.65 0.56 0.15 0.06 0.05 0.10 0.12 0.08 0.05 0.07 0.04 0.01 0.07 0.10 0.02 0.00 0.01 0.00 0.00 0.00 0.02 0.00 0.02 0.01 0.00 0.00 0.00 0.00 0.00 0.00 0.00 0.00 0.00 0.00 0.00 0.01 0.00 0.00 0.00 0.00 0.01 0.00 0.00 0.00 0.00 0.00 0.00 0.00 0.00 0.00 0.00 0.00 0.00 0.01 0.00 0.03 0.06 0.07 0.12 0.25 0.48 0.63 0.31 0.34 0.27 0.59 0.88 0.45 0.80 0.76 0.30 0.39 0.71 1.05 0.94 0.93 0.28 0.22 0.38 0.66 0.97 1.46 1.76 1.49
0.55 0.52 0.15 0.07 0.18 0.15 0.05 0.04 0.04 0.03 0.05 0.03 0.05 0.03 0.00 0.00 0.00 0.00 0.01 0.00 0.01 0.04 0.01 0.01 0.00 0.00 0.01 0.00 0.00 0.00 0.00 0.00 0.00 0.00 0.01 0.00 0.00 0.00 0.00 0.00 0.01 0.00 0.00 0.00 0.00 0.00 0.00 0.00 0.00 0.00 0.00 0.00 0.00 0.00 0.00 0.01 0.02 0.02 0.13 0.19 0.15 0.36 0.39 0.36 0.35 0.56 0.76 0.64 0.81 0.45 0.29 0.22 0.39 0.28 0.56 0.75 0.46 0.76 1.63 2.56 3.46 1.79 1.53 1.35
0.72 0.42 0.13 0.11 0.27 0.10 0.14 0.06 0.08 0.02 0.03 0.01 0.04 0.02 0.04 0.00 0.00 0.01 0.05 0.00 0.02 0.03 0.02 0.00 0.01 0.01 0.00 0.01 0.00 0.00 0.00 0.00 0.00 0.00 0.01 0.01 0.00 0.00 0.00 0.00 0.00 0.00 0.00 0.00 0.00 0.00 0.00 0.00 0.00 0.00 0.00 0.00 0.00 0.00 0.00 0.00 0.01 0.01 0.05 0.06 0.09 0.34 0.16 0.21 0.37 0.41 0.44 0.42 0.33 0.32 0.20 0.17 0.27 0.28 0.53 0.51 1.41 1.56 2.31 3.43 2.96 1.37 2.28 2.42
0.10 0.35 0.05 0.12 0.37 0.18 0.20 0.04 0.06 0.01 0.03 0.03 0.00 0.02 0.00 0.03 0.02 0.02 0.02 0.02 0.00 0.01 0.03 0.01 0.01 0.01 0.01 0.00 0.02 0.00 0.00 0.00 0.00 0.00 0.00 0.00 0.00 0.00 0.00 0.00 0.00 0.01 0.00 0.00 0.00 0.00 0.00 0.00 0.00 0.00 0.00 0.00 0.00 0.00 0.00 0.00 0.00 0.00 0.00 0.01 0.05 0.10 0.07 0.11 0.19 0.25 0.42 0.40 0.24 0.14 0.21 0.16 0.21 0.25 0.39 0.53 2.02 1.61 1.11 0.72 1.11 1.70 1.80 3.07
0.03 0.24 0.05 0.14 0.14 0.36 0.37 0.02 0.09 0.05 0.02 0.01 0.01 0.02 0.02 0.02 0.04 0.03 0.00 0.00 0.01 0.03 0.00 0.00 0.02 0.02 0.02 0.01 0.00 0.00 0.00 0.00 0.00 0.00 0.01 0.00 0.00 0.00 0.00 0.00 0.00 0.00 0.00 0.00 0.00 0.00 0.00 0.00 0.00 0.00 0.00 0.00 0.00 0.00 0.00 0.00 0.00 0.01 0.00 0.00 0.01 0.02 0.01 0.05 0.22 0.14 0.34 0.36 0.18 0.12 0.17 0.07 0.09 0.19 0.49 0.77 1.35 0.94 0.36 2.23 1.35 1.02 2.23 3.28
0.03 0.09 0.08 0.22 0.32 0.43 0.04 0.04 0.08 0.09 0.07 0.01 0.02 0.03 0.02 0.01 0.04 0.03 0.03 0.01 0.03 0.01 0.01 0.02 0.03 0.02 0.04 0.01 0.00 0.01 0.00 0.00 0.00 0.00 0.00 0.01 0.00 0.00 0.00 0.00 0.00 0.00 0.00 0.00 0.00 0.00 0.00 0.00 0.00 0.00 0.00 0.00 0.00 0.00 0.00 0.00 0.00 0.00 0.00 0.00 0.00 0.00 0.01 0.05 0.03 0.06 0.07 0.08 0.07 0.11 0.19 0.29 0.19 0.18 0.69 1.10 0.95 0.67 0.31 4.90 2.64 2.44 1.53 2.14
0.04 0.10 0.16 0.10 0.17 0.16 0.02 0.04 0.11 0.10 0.04 0.00 0.04 0.03 0.01 0.16 0.11 0.02 0.01 0.00 0.00 0.02 0.02 0.04 0.06 0.03 0.02 0.01 0.02 0.01 0.01 0.01 0.01 0.01 0.00 0.01 0.00 0.00 0.01 0.00 0.00 0.00 0.00 0.00 0.00 0.00 0.00 0.00 0.00 0.00 0.00 0.00 0.00 0.00 0.00 0.00 0.00 0.00 0.00 0.00 0.00 0.00 0.00 0.00 0.01 0.11 0.09 0.05 0.03 0.12 0.17 0.10 0.13 0.43 0.38 0.72 0.84 0.44 0.97 3.47 1.33 1.95 1.11 1.52
0.07 0.08 0.10 0.07 0.17 0.26 0.04 0.09 0.16 0.18 0.07 0.03 0.01 0.00 0.00 0.03 0.01 0.00 0.03 0.01 0.01 0.02 0.06 0.01 0.08 0.05 0.06 0.01 0.04 0.02 0.01 0.01 0.00 0.02 0.01 0.01 0.00 0.00 0.00 0.00 0.00 0.00 0.00 0.00 0.00 0.00 0.00 0.00 0.00 0.00 0.00 0.00 0.00 0.00 0.00 0.00 0.00 0.00 0.00 0.00 0.00 0.00 0.00 0.00 0.01 0.05 0.19 0.16 0.08 0.11 0.14 0.06 0.08 0.97 0.46 0.49 0.20 0.72 1.47 1.32 1.12 3.51 0.97 2.22
0.04 0.03 0.06 0.09 0.12 0.09 0.04 0.12 0.18 0.20 0.09 0.03 0.00 0.03 0.00 0.01 0.03 0.01 0.02 0.01 0.03 0.05 0.03 0.08 0.08 0.02 0.02 0.08 0.07 0.03 0.02 0.01 0.02 0.03 0.03 0.02 0.00 0.00 0.00 0.00 0.00 0.00 0.01 0.01 0.00 0.00 0.00 0.00 0.00 0.00 0.00 0.00 0.00 0.00 0.00 0.00 0.00 0.00 0.00 0.00 0.00 0.00 0.00 0.00 0.00 0.01 0.12 0.11 0.10 0.24 0.18 0.04 0.05 0.32 0.25 0.16 0.35 2.76 2.08 0.53 1.66 0.85 3.30 4.36
0.04 0.06 0.03 0.02 0.10 0.07 0.18 0.19 0.12 0.33 0.07 0.02 0.00 0.05 0.00 0.05 0.02 0.08 0.04 0.05 0.03 0.05 0.12 0.09 0.06 0.01 0.05 0.03 0.04 0.05 0.03 0.03 0.09 0.10 0.06 0.03 0.01 0.01 0.03 0.00 0.00 0.00 0.01 0.00 0.00 0.00 0.00 0.00 0.00 0.00 0.00 0.00 0.00 0.00 0.00 0.00 0.00 0.00 0.00 0.00 0.00 0.00 0.00 0.00 0.00 0.00 0.05 0.07 0.11 0.30 0.22 0.09 0.07 0.06 0.13 0.19 0.25 0.64 0.28 0.34 0.47 2.86 2.92 0.87
0.04 0.01 0.05 0.07 0.05 0.07 0.04 0.10 0.03 0.15 0.11 0.01 0.03 0.03 0.05 0.06 0.00 0.03 0.08 0.04 0.06 0.11 0.10 0.12 0.10 0.05 0.05 0.02 0.05 0.06 0.10 0.16 0.17 0.14 0.09 0.03 0.03 0.03 0.04 0.01 0.00 0.00 0.01 0.01 0.00 0.00 0.00 0.00 0.00 0.00 0.00 0.00 0.00 0.00 0.00 0.00 0.00 0.00 0.00 0.00 0.00 0.00 0.00 0.00 0.00 0.01 0.01 0.01 0.06 0.20 0.34 0.20 0.17 0.17 0.16 0.15 0.28 0.17 0.42 0.25 0.42 3.41 0.42 0.40
0.03 0.03 0.04 0.02 0.03 0.04 0.10 0.09 0.12 0.16 0.10 0.06 0.05 0.10 0.07 0.01 0.00 0.04 0.05 0.07 0.04 0.12 0.04 0.05 0.08 0.05 0.04 0.08 0.14 0.32 0.25 0.16 0.24 0.18 0.12 0.06 0.04 0.08 0.07 0.03 0.01 0.01 0.01 0.01 0.00 0.00 0.00 0.00 0.00 0.00 0.00 0.00 0.00 0.00 0.00 0.00 0.00 0.00 0.00 0.00 0.00 0.00 0.00 0.00 0.00 0.00 0.02 0.00 0.01 0.05 0.15 0.27 0.18 0.15 0.15 0.21 0.12 0.35 0.54 0.70 0.17 0.84 0.20 0.19
0.04 0.02 0.04 0.05 0.03 0.04 0.04 0.08 0.05 0.09 0.15 0.08 0.04 0.12 0.03 0.01 0.01 0.04 0.03 0.03 0.04 0.19 0.14 0.30 0.30 0.19 0.20 0.22 0.40 0.47 0.32 0.11 0.09 0.09 0.09 0.07 0.12 0.14 0.11 0.03 0.04 0.03 0.00 0.00 0.00 0.00 0.00 0.00 0.00 0.00 0.00 0.00 0.00 0.00 0.00 0.00 0.00 0.00 0.00 0.00 0.00 0.00 0.00 0.00 0.00 0.00 0.00 0.00 0.01 0.04 0.08 0.13 0.09 0.09 0.24 0.24 0.35 0.19 0.74 0.54 0.28 0.47 0.27 0.13
0.03 0.03 0.02 0.04 0.08 0.05 0.05 0.04 0.07 0.05 0.04 0.02 0.14 0.17 0.02 0.01 0.01 0.03 0.12 0.06 0.08 0.19 0.39 0.59 0.34 0.18 0.21 0.39 0.35 0.34 0.16 0.08 0.06 0.07 0.10 0.11 0.21 0.32 0.12 0.03 0.05 0.05 0.02 0.00 0.00 0.00 0.01 0.00 0.00 0.00 0.00 0.00 0.00 0.00 0.00 0.00 0.00 0.00 0.00 0.00 0.00 0.00 0.00 0.00 0.00 0.00 0.00 0.00 0.00 0.00 0.01 0.01 0.03 0.13 0.14 0.11 0.14 0.23 0.28 0.15 0.54 0.86 0.83 0.18
0.03 0.04 0.08 0.04 0.05 0.02 0.05 0.05 0.04 0.04 0.11 0.05 0.25 0.10 0.02 0.02 0.02 0.01 0.03 0.05 0.08 0.19 0.54 0.70 0.27 0.27 0.34 0.39 0.48 0.30 0.10 0.06 0.07 0.17 0.23 0.16 0.16 0.27 0.15 0.06 0.08 0.13 0.06 0.01 0.01 0.01 0.01 0.00 0.00 0.00 0.00 0.00 0.00 0.00 0.00 0.00 0.00 0.00 0.00 0.00 0.00 0.00 0.00 0.00 0.00 0.00 0.00 0.00 0.00 0.00 0.00 0.00 0.01 0.05 0.04 0.03 0.13 0.27 0.17 0.41 1.27 0.71 0.31 0.13
0.02 0.02 0.11 0.03 0.04 0.03 0.08 0.06 0.04 0.05 0.14 0.00 0.15 0.05 0.02 0.02 0.01 0.02 0.04 0.07 0.20 0.42 0.77 0.38 0.17 0.24 0.38 0.54 0.63 0.21 0.15 0.15 0.16 0.56 0.32 0.15 0.13 0.15 0.17 0.12 0.26 0.31 0.09 0.03 0.01 0.01 0.01 0.00 0.00 0.00 0.00 0.00 0.00 -999 0.00 0.00 0.00 0.00 0.00 0.00 0.00 0.00 0.00 0.00 0.00 0.00 0.00 0.00 0.00 0.00 0.00 0.00 0.00 0.01 0.00 0.03 0.14 0.16 0.16 1.79 1.11 0.54 0.31 0.41
0.02 0.02 0.04 0.05 0.04 0.02 0.04 0.05 0.05 0.11 0.09 0.00 0.02 0.01 0.10 0.02 0.02 0.04 0.04 0.03 0.48 0.59 0.31 0.30 0.16 0.18 0.37 0.52 0.38 0.27 0.27 0.31 0.31 0.45 0.22 0.11 0.08 0.07 0.19 0.22 0.26 0.44 0.14 0.04 0.02 0.02 0.02 0.00 0.00 0.00 0.00 0.00 0.00 0.00 -999 0.00 0.00 0.00 0.00 0.00 0.00 0.00 0.00 0.00 0.00 0.00 0.00 0.00 0.00 0.00 0.00 0.00 0.00 0.00 0.00 0.02 0.06 0.07 0.60 1.14 0.67 0.17 1.09 1.32
0.00 0.01 0.02 0.02 0.01 0.01 0.04 0.04 0.01 0.01 0.01 0.04 0.01 0.08 0.06 0.01 0.04 0.02 0.01 0.08 1.15 0.59 0.24 0.24 0.20 0.32 0.63 0.75 0.37 0.55 0.31 0.46 0.46 0.36 0.08 0.13 0.08 0.30 0.40 0.21 0.24 0.31 0.12 0.13 0.09 0.03 0.03 0.01 0.00 0.01 0.00 0.00 0.00 0.00 0.00 -999 0.00 0.00 0.00 0.00 0.00 0.00 0.00 0.00 0.00 0.00 0.00 0.00 0.00 0.00 0.00 0.00 0.03 0.00 0.00 0.03 0.03 0.04 0.30 0.40 0.22 0.46 2.86 1.07
0.04 0.04 0.02 0.03 0.02 0.01 0.03 0.05 0.04 0.00 0.04 0.02 0.01 0.01 0.03 0.03 0.06 0.02 0.02 0.18 0.68 0.44 0.15 0.24 0.49 0.95 1.00 0.42 0.36 0.48 0.35 0.28 0.36 0.10 0.15 0.25 0.24 0.30 0.50 0.28 0.20 0.16 0.18 0.21 0.39 0.09 0.04 0.01 0.01 0.01 0.00 0.00 0.00 0.00 0.00 -999 -999 0.00 0.00 0.00 0.00 0.00 0.00 0.00 0.00 0.00 0.00 0.00 0.00 0.00 0.00 0.00 0.00 0.00 0.00 0.01 0.02 0.03 0.21 0.28 0.21 1.51 1.32 0.57
0.03 0.05 0.03 0.03 0.04 0.04 0.01 0.03 0.02 0.00 0.00 0.01 0.00 0.03 0.04 0.07 0.08 0.03 0.14 0.11 0.19 0.49 0.31 0.43 0.94 0.67 0.51 0.38 0.36 0.38 0.27 0.24 0.32 0.32 0.88 1.09 0.46 0.34 0.54 0.27 0.15 0.08 0.20 0.31 0.34 0.15 0.07 0.02 0.01 0.01 0.00 0.00 0.00 0.00 0.00 0.00 -999 -999 0.00 0.00 0.00 0.00 0.00 0.00 0.00 0.00 0.00 0.00 0.00 0.00 0.00 0.00 0.00 0.00 0.00 0.00 0.00 0.04 0.17 0.16 0.23 3.08 1.55 0.31
0.06 0.01 0.03 0.03 0.02 0.05 0.02 0.03 0.05 0.02 0.02 0.02 0.05 0.00 0.11 0.29 0.19 0.22 0.32 0.10 0.16 0.59 0.30 0.41 0.73 0.88 0.36 0.26 0.33 0.42 0.39 0.28 0.53 0.65 0.66 0.48 0.38 0.50 0.31 0.19 0.13 0.07 0.27 0.34 0.21 0.11 0.10 0.02 0.01 0.01 0.00 0.00 0.01 0.01 0.01 0.00 0.01 -999 -999 0.00 0.01 0.00 0.00 0.00 0.00 0.00 0.00 0.00 0.00 0.00 0.00 0.00 0.00 0.00 0.00 0.00 0.00 0.02 0.03 0.05 0.19 1.61 0.90 0.14
0.04 0.01 0.02 0.00 0.04 0.08 0.04 0.01 0.04 0.03 0.02 0.01 0.04 0.05 0.16 0.59 0.31 0.52 0.45 0.15 0.26 0.24 0.32 0.48 0.80 0.37 0.14 0.26 0.44 0.80 0.45 0.44 0.82 0.54 0.39 0.32 0.30 0.31 0.27 0.17 0.11 0.21 0.38 0.38 0.20 0.09 0.08 0.03 0.01 0.03 0.03 0.01 0.00 0.01 0.02 0.00 0.01 0.00 -999 -999 0.00 0.00 0.00 0.00 0.00 0.00 0.00 0.00 0.00 0.00 0.00 0.00 0.00 0.00 0.00 0.00 0.00 0.01 0.03 0.04 0.25 0.43 0.31 0.11
0.01 0.02 0.05 0.06 0.07 0.05 0.01 0.00 0.03 0.02 0.01 0.02 0.04 0.04 0.10 0.60 0.29 0.23 0.40 0.21 0.11 0.07 0.38 0.56 0.83 0.25 0.24 0.47 0.62 0.82 0.45 0.53 0.34 0.35 0.36 0.26 0.34 0.33 0.28 0.20 0.12 0.28 0.32 0.34 0.12 0.08 0.10 0.08 0.02 0.02 0.02 0.03 0.00 0.02 0.02 0.01 0.00 0.05 -999 -999 -999 0.00 0.00 0.00 0.00 0.00 0.00 0.00 0.00 0.00 0.00 0.00 0.00 0.00 0.00 0.00 0.00 0.00 0.02 0.04 0.18 0.21 0.24 0.86
0.09 0.02 0.01 0.06 0.02 0.09 0.03 0.01 0.02 0.02 0.02 0.02 0.04 0.08 0.51 0.96 0.15 0.11 0.22 0.17 0.18 0.04 0.23 0.89 0.89 0.23 0.39 0.62 0.82 0.75 0.36 0.36 0.34 0.61 0.38 0.30 0.43 0.63 0.35 0.17 0.16 0.26 0.23 0.19 0.10 0.07 0.26 0.08 0.02 0.05 0.07 0.03 0.01 0.03 0.02 0.00 0.00 0.00 0.05 -999 -999 -999 0.00 0.00 0.00 0.00 0.00 0.00 0.00 0.00 0.00 0.00 0.00 0.00 0.00 0.00 0.01 0.00 0.00 0.01 0.03 0.09 0.23 1.77
0.00 0.01 0.01 0.02 0.07 0.20 0.14 0.05 0.02 0.04 0.03 0.03 0.02 0.04 0.53 0.54 0.05 0.09 0.08 0.24 0.18 0.09 0.25 0.84 0.74 0.19 0.41 0.55 0.79 0.56 0.32 0.40 0.37 0.64 0.45 0.77 0.71 0.62 0.52 0.13 0.17 0.16 0.14 0.22 0.09 0.08 0.18 0.04 0.03 0.02 0.10 0.03 0.01 0.02 0.02 0.01 0.00 0.00 0.00 0.00 -999 -999 -999 0.00 0.00 0.00 0.00 0.00 0.00 0.00 0.00 0.00 0.00 0.00 0.01 0.01 0.01 0.01 0.00 0.00 0.02 0.08 0.13 1.61
0.00 0.01 0.01 0.13 0.17 0.14 0.04 0.03 0.02 0.08 0.05 0.04 0.02 0.01 0.09 0.20 0.07 0.00 0.09 0.59 0.17 0.14 0.28 0.87 0.52 0.14 0.41 0.64 0.56 0.74 0.34 0.60 0.47 0.80 0.52 1.03 0.63 0.60 0.51 0.25 0.17 0.13 0.09 0.17 0.07 0.12 0.17 0.08 0.04 0.03 0.15 0.02 0.02 0.01 0.02 0.01 0.00 0.00 0.00 0.00 -999 -999 -999 -999 0.00 0.00 0.00 0.00 0.00 0.00 0.00 0.00 0.00 0.01 0.01 0.01 0.02 0.07 0.09 0.00 0.01 0.06 0.14 0.13
0.07 0.02 0.04 0.16 0.09 0.07 0.08 0.06 0.05 0.15 0.02 0.01 0.01 0.01 0.04 0.06 0.03 0.01 0.06 0.38 0.28 0.15 0.19 0.83 0.35 0.21 0.44 1.14 0.74 0.66 0.34 0.59 0.55 0.93 0.61 0.85 0.61 0.71 0.39 0.45 0.26 0.10 0.08 0.04 0.04 0.13 0.18 0.11 0.05 0.01 0.10 0.02 0.02 0.01 0.01 0.01 0.00 0.01 0.01 0.01 0.01 -999 -999 -999 -999 0.00 0.00 0.00 0.00 0.00 0.00 0.00 0.01 0.00 0.01 0.01 0.01 0.02 0.02 0.00 0.02 0.04 0.11 0.08
0.03 0.04 0.04 0.09 0.11 0.25 0.09 0.08 0.09 0.15 0.06 0.01 0.01 0.06 0.03 0.04 0.01 0.01 0.05 0.21 0.16 0.16 0.57 1.13 0.31 0.72 1.05 1.33 0.96 0.54 0.39 0.52 0.72 0.86 0.66 0.53 0.61 0.56 0.74 0.77 0.47 0.31 0.14 0.05 0.07 0.14 0.11 0.07 0.03 0.01 0.60 0.09 0.03 0.00 0.01 0.02 0.02 0.06 0.05 0.07 0.02 0.00 -999 -999 -999 -999 0.00 0.00 0.00 0.00 0.00 0.00 0.00 0.01 0.02 0.03 0.04 0.06 0.02 0.02 0.02 0.05 0.13 0.09
0.04 0.04 0.04 0.06 0.08 0.03 0.00 0.03 0.08 0.10 0.10 0.04 0.05 0.04 0.03 0.02 0.02 0.01 0.04 0.07 0.46 0.77 0.96 0.68 0.92 1.09 1.62 1.70 1.26 0.63 0.69 0.76 0.78 0.56 0.72 0.72 0.47 0.64 0.68 0.75 0.21 0.27 0.24 0.04 0.07 0.15 0.05 0.04 0.01 0.03 0.29 0.03 0.02 0.03 0.04 0.03 0.06 0.07 0.10 0.06 0.06 0.04 -999 -999 -999 -999 -999 0.00 0.00 0.00 0.00 0.00 0.01 0.03 0.02 0.03 0.05 0.04 0.02 0.03 0.04 0.06 0.06 0.08
0.03 0.02 0.01 0.04 0.04 0.02 0.02 0.07 0.14 0.18 0.13 0.04 0.01 0.01 0.00 0.01 0.02 0.03 0.03 0.09 1.00 0.75 0.72 0.47 0.64 0.87 2.75 1.96 1.32 1.23 1.24 1.06 0.78 0.45 0.87 0.60 0.46 0.92 0.79 0.71 0.23 0.16 0.13 0.09 0.07 0.10 0.03 0.01 0.02 0.05 0.09 0.09 0.02 0.00 0.04 0.06 0.06 0.08 0.09 0.07 0.03 0.02 0.01 -999 -999 -999 -999 -999 0.00 0.00 0.00 0.00 0.01 0.01 0.01 0.02 0.01 0.03 0.01 0.05 0.06 0.06 0.04 0.08
0.06 0.05 0.01 0.01 0.02 0.03 0.01 0.16 0.20 0.25 0.14 0.07 0.08 0.18 0.01 0.02 0.02 0.11 0.05 0.06 0.50 0.39 0.36 0.40 0.81 1.98 2.83 1.42 2.20 2.49 1.95 1.40 1.47 0.75 0.91 0.47 1.01 0.87 0.76 0.59 0.30 0.15 0.15 0.12 0.11 0.04 0.01 0.02 0.04 0.07 1.40 0.55 0.01 0.00 0.05 0.08 0.07 0.10 0.08 0.04 0.03 0.02 0.02 0.00 -999 -999 -999 -999 -999 0.00 0.00 0.00 0.01 0.02 0.03 0.00 0.01 0.01 0.07 0.13 0.11 0.06 0.05 0.13
0.06 0.05 0.02 0.05 0.09 0.03 0.04 0.38 0.40 0.40 0.26 0.07 0.14 0.06 0.05 0.01 0.08 0.06 0.21 0.18 0.40 0.41 0.32 0.58 1.72 3.51 2.27 1.17 1.25 1.72 1.71 1.73 1.96 0.83 0.64 0.49 1.33 0.68 0.59 0.32 0.42 0.26 0.35 0.13 0.19 0.02 0.02 0.04 0.05 0.03 0.79 0.51 0.02 0.00 0.07 0.03 0.05 0.03 0.02 0.08 0.07 0.09 0.06 0.03 -999 -999 -999 -999 -999 -999 0.00 0.00 0.00 0.01 0.00 0.00 0.01 0.02 0.02 0.11 0.00 0.01 0.05 0.11
0.02 0.07 0.04 0.07 0.17 0.07 0.16 0.29 0.46 0.40 0.30 0.08 0.09 0.26 0.13 0.03 0.02 0.20 0.53 0.60 0.77 0.66 0.30 0.62 1.90 3.28 2.55 1.09 0.90 1.11 2.61 2.27 0.78 0.66 0.60 0.96 0.86 0.50 0.49 0.28 0.35 0.35 0.33 0.13 0.15 0.07 0.07 0.07 0.03 0.01 0.18 1.13 0.10 0.03 0.04 0.04 0.03 0.04 0.06 0.06 0.08 0.12 0.07 0.05 0.03 -999 -999 -999 -999 -999 -999 0.00 0.00 0.00 0.01 0.01 0.02 0.03 0.04 0.02 0.00 0.02 0.08 0.10
