DATA/Ex_dossier_pluie/24h/PH_20111105090000.asc
NCOLS 95
NROWS 110
XLLCENTER 939500
YLLCENTER 1831500
CELLSIZE 1000
NODATA_VALUE -999
[rows 0 to 36 of 110, columns 0 to 82 of 95]
2.23 2.10 2.14 2.11 2.17 2.15 2.05 2.32 2.32 2.38 2.71 2.62 2.53 2.27 1.63 1.88 2.25 1.89 1.27 1.97 2.42 2.35 2.48 2.23 2.49 2.64 6.69 2.22 2.18 2.47 2.51 2.41 2.13 2.55 2.31 2.42 2.65 2.52 2.92 2.80 2.59 2.73 1.88 2.42 2.22 1.95 1.81 1.69 1.51 1.60 1.60 1.59 1.54 1.47 1.19 1.40 1.36 1.46 1.56 1.83 1.87 2.19 1.87 1.80 1.26 1.16 0.94 0.86 0.97 1.11 1.07 1.04 1.15 1.28 1.19 1.29 1.27 1.24 1.31 1.34 1.06 0.62 0.62
2.06 2.24 2.17 2.03 2.34 2.32 2.26 2.32 2.53 2.69 2.47 2.41 2.46 2.60 2.28 1.51 2.18 1.88 1.63 2.16 2.30 2.41 2.20 2.05 2.54 2.60 3.75 4.11 2.08 1.98 2.56 2.39 2.18 2.34 2.38 2.46 2.53 2.51 2.85 2.82 2.78 2.41 1.53 2.35 2.45 2.15 1.97 1.70 1.57 1.52 1.46 1.56 1.68 1.59 1.52 1.48 1.21 1.25 1.33 1.65 1.70 2.09 1.82 1.63 0.75 0.99 0.95 1.00 1.23 0.93 1.33 1.05 1.17 1.10 0.92 0.89 1.38 1.42 1.54 1.48 0.99 0.48 0.52
2.00 2.21 2.28 2.09 2.18 2.31 2.31 2.43 2.43 2.63 2.47 2.53 2.44 2.34 2.37 1.86 1.89 2.35 1.90 1.52 2.03 2.47 2.38 2.27 2.22 2.59 2.69 6.38 2.19 2.23 2.66 2.50 2.11 2.26 2.47 2.33 2.51 2.55 2.70 2.88 2.79 1.91 2.19 2.41 2.37 2.30 2.04 1.89 1.69 1.73 1.60 1.80 1.94 1.57 1.61 1.34 1.28 1.50 1.43 1.63 1.57 1.99 1.93 1.44 0.62 1.32 1.03 1.09 1.25 1.06 1.05 1.14 1.14 1.11 0.98 1.14 1.18 1.66 1.72 1.41 0.98 0.90 0.82
2.01 2.14 2.16 2.34 2.30 2.50 2.50 2.56 2.57 2.36 2.62 2.59 2.64 2.70 2.73 2.22 1.93 1.64 2.08 1.66 2.10 2.18 2.55 2.37 2.30 2.47 2.59 4.73 2.87 2.02 2.62 2.18 2.42 2.13 2.46 2.37 2.60 2.57 2.76 2.94 2.75 2.19 2.32 2.41 2.59 2.29 2.07 1.84 1.71 1.81 1.72 1.87 1.78 1.74 1.34 1.49 1.43 1.51 1.45 1.75 1.98 1.78 1.87 1.23 1.22 1.26 0.85 1.09 1.12 1.08 1.17 1.20 1.13 1.23 1.33 1.27 1.25 1.33 1.61 1.07 0.96 1.01 0.61
2.15 2.17 2.35 2.38 2.33 2.16 2.66 2.60 2.61 2.64 2.67 2.78 2.49 2.82 2.67 2.69 2.59 1.44 2.11 1.64 1.74 2.13 2.53 2.37 2.26 2.41 2.50 2.65 6.79 2.13 2.50 2.25 2.37 2.32 2.51 2.32 2.45 2.65 2.59 2.99 2.81 2.50 1.90 2.46 2.52 2.24 1.97 1.76 1.66 1.95 1.71 1.83 1.83 1.58 1.48 1.42 1.49 1.56 1.57 1.77 2.02 1.71 1.67 1.13 1.14 1.18 1.02 1.37 1.18 1.19 1.28 1.28 1.13 1.25 1.34 1.23 1.38 1.43 1.50 1.14 0.87 1.13 0.71
2.27 2.02 2.23 2.54 2.58 2.41 2.66 2.88 2.58 2.48 2.55 2.65 2.62 2.73 2.74 2.75 2.68 2.08 1.66 1.56 1.86 2.12 2.35 2.42 2.27 2.11 2.41 2.48 7.93 2.23 2.08 2.13 2.42 2.45 2.56 2.46 2.42 2.54 2.48 3.30 2.83 2.41 1.59 2.14 2.34 2.30 1.88 1.81 1.77 1.97 1.89 1.85 1.79 1.36 1.31 1.44 1.65 1.48 1.60 1.68 1.96 1.70 1.61 1.15 1.33 1.34 1.37 1.26 1.20 1.43 1.36 1.27 1.26 1.00 1.20 1.40 1.38 1.34 1.42 1.33 0.82 0.91 0.96
2.41 1.98 2.35 2.51 2.53 2.65 2.80 2.74 2.80 2.45 2.48 2.62 2.79 2.57 2.79 2.64 2.61 2.74 2.10 1.73 1.96 1.63 1.99 2.36 2.52 2.55 1.87 2.24 3.03 5.78 1.80 2.21 1.99 2.30 2.47 2.98 2.34 2.57 2.30 2.64 2.80 2.67 2.25 2.07 2.40 2.26 2.05 1.84 1.91 1.98 1.88 1.73 1.79 1.46 1.47 1.67 1.80 1.49 1.66 1.69 1.80 1.67 1.31 1.35 1.45 1.36 1.53 1.40 1.46 1.21 1.23 1.18 0.91 1.24 1.22 1.43 1.59 1.01 1.27 1.39 1.23 1.07 0.96
2.53 2.65 2.27 2.08 2.47 2.75 2.94 2.65 2.72 2.37 2.21 2.59 2.61 2.68 2.66 2.64 2.39 2.65 2.38 1.87 1.92 2.20 1.07 2.25 2.93 2.40 2.07 2.37 2.34 6.40 2.15 1.92 2.09 2.02 2.24 2.44 2.38 2.52 2.32 2.77 2.85 2.32 1.70 2.38 2.30 2.26 2.09 2.08 1.99 2.03 1.96 1.88 1.90 1.51 1.38 1.53 1.84 1.55 1.77 1.71 1.57 1.43 1.22 1.33 1.25 1.36 1.27 1.37 1.16 1.32 1.33 1.18 1.30 1.15 1.59 1.20 1.33 1.29 0.95 1.17 1.24 1.11 1.05
2.38 2.30 1.97 2.02 2.51 2.55 2.80 2.92 2.92 2.75 2.73 2.18 2.39 2.63 2.88 2.66 2.51 2.40 2.46 2.29 1.64 2.06 1.80 1.71 2.42 2.52 2.14 1.97 2.31 5.41 4.00 2.15 2.11 1.99 2.20 2.37 2.38 2.41 2.62 2.70 3.27 2.72 2.16 1.99 2.21 2.18 2.14 2.12 2.01 1.94 1.91 1.90 1.83 1.63 1.41 1.48 1.80 1.57 1.66 1.70 1.48 1.48 1.18 1.34 1.13 1.12 1.20 1.38 1.31 1.44 1.22 0.89 1.13 1.15 1.32 1.25 0.93 1.16 1.15 1.33 1.70 1.43 1.38
2.38 2.10 2.41 2.01 2.02 2.26 2.42 2.87 3.00 2.71 2.63 2.42 2.58 2.49 2.62 2.89 2.69 2.44 2.46 2.65 2.16 2.16 1.82 1.73 1.87 2.45 2.28 1.97 2.19 2.19 7.70 2.26 2.46 1.73 2.10 2.41 2.46 2.40 2.75 2.64 3.11 2.66 1.42 1.74 2.04 2.27 2.16 2.01 1.88 1.94 1.79 1.81 1.72 1.62 1.51 1.59 1.53 1.49 1.57 1.73 1.54 1.37 1.24 1.31 1.25 1.33 1.11 1.34 1.40 1.45 1.15 1.28 1.30 1.27 1.35 0.99 0.82 1.13 1.17 1.31 1.44 1.43 1.20
2.21 2.36 2.44 1.97 2.27 2.33 2.23 2.48 2.83 2.83 2.68 2.68 2.56 2.36 2.50 2.62 2.82 2.56 2.54 2.35 2.48 1.82 1.69 1.61 1.64 2.39 2.29 2.35 2.33 2.36 3.18 2.17 2.34 4.31 2.16 2.20 4.14 2.48 2.58 3.17 3.64 2.60 2.07 1.38 1.96 2.07 1.94 1.92 1.79 1.92 1.93 1.73 1.74 1.64 1.46 1.48 1.52 1.63 1.81 1.62 1.57 1.14 1.17 1.12 1.18 1.33 1.31 1.47 1.47 1.40 1.32 1.38 1.26 1.40 1.09 0.86 0.85 1.05 1.35 1.48 1.59 1.40 1.32
2.42 2.29 2.45 2.34 2.18 2.20 2.42 2.40 2.69 2.84 2.79 2.51 2.76 2.67 2.43 2.44 2.80 2.63 2.52 2.57 2.41 1.95 1.79 1.89 1.44 1.88 2.10 2.44 2.23 2.01 2.24 2.23 2.01 1.91 2.19 2.64 2.42 2.33 2.59 2.64 3.35 2.42 1.87 1.68 1.94 2.06 2.00 2.05 1.87 1.96 2.01 1.79 1.48 1.50 1.41 1.48 1.38 1.77 1.89 1.78 1.49 0.89 1.05 0.97 1.29 1.19 1.31 1.46 1.30 1.43 1.37 1.19 1.32 1.21 0.88 0.92 1.04 1.36 1.55 1.71 1.54 1.48 1.38
2.05 2.02 2.26 2.27 2.33 2.40 1.98 1.97 2.30 2.63 2.65 3.04 2.95 2.65 2.67 2.62 2.51 2.73 2.49 2.46 2.44 2.41 1.73 1.61 1.71 1.84 2.13 2.49 2.45 2.85 2.22 5.83 1.80 1.71 1.80 2.11 2.23 2.49 2.34 2.28 3.22 2.26 2.03 1.63 1.93 2.07 1.86 1.88 1.81 1.95 2.01 1.81 1.50 1.44 1.37 1.55 1.44 1.75 1.88 1.62 1.24 0.83 0.99 1.07 1.29 1.21 1.23 1.21 1.02 1.17 1.28 1.26 1.24 0.98 0.87 0.97 1.21 1.21 1.36 1.63 1.78 1.80 1.46
1.89 2.09 1.63 1.91 2.17 2.04 1.99 2.16 2.03 2.23 2.41 2.55 3.38 2.69 2.69 2.60 2.19 2.65 2.61 2.66 2.39 2.22 2.31 1.61 1.70 1.71 1.96 2.17 2.46 2.12 2.62 3.86 1.74 2.38 2.17 2.30 2.22 2.39 2.33 2.34 2.24 2.35 2.39 1.57 2.02 1.97 1.76 1.71 1.74 1.88 1.94 1.71 1.51 1.32 1.43 1.58 1.47 1.75 1.71 1.52 1.05 0.87 0.85 1.28 1.38 1.31 1.24 1.01 1.13 1.27 1.15 1.39 1.20 1.06 0.91 1.01 1.12 1.20 1.34 1.48 1.82 1.98 1.50
1.64 1.55 1.23 1.60 2.23 1.83 1.85 1.37 2.21 2.36 2.51 2.99 2.88 2.87 2.51 2.52 2.53 2.43 2.52 2.48 2.47 2.44 2.19 2.10 1.77 1.58 1.28 2.24 2.28 2.14 2.84 2.75 2.98 2.65 2.19 1.96 2.18 2.37 2.25 2.12 2.09 2.48 2.40 1.83 2.06 1.88 1.73 1.69 1.64 1.70 1.82 1.51 1.43 1.22 1.25 1.66 1.61 1.71 1.59 1.27 0.86 0.99 1.16 1.18 1.21 1.38 1.47 1.15 1.36 1.51 1.74 1.62 1.10 1.09 0.97 1.04 1.22 1.19 1.32 1.61 1.62 1.65 1.91
1.72 1.92 1.21 1.80 2.12 2.14 1.77 1.99 1.61 1.83 1.25 1.86 2.24 2.11 2.70 2.06 2.60 2.70 2.56 2.61 2.37 2.78 2.25 2.30 1.74 1.61 1.69 1.25 2.14 2.46 1.93 2.45 3.99 2.04 1.98 1.67 1.83 1.86 1.83 1.86 1.98 2.37 2.46 1.62 1.90 1.84 1.75 1.77 1.69 1.70 1.66 1.55 1.11 1.26 1.26 1.67 1.66 1.47 1.37 1.20 0.91 1.12 1.00 1.16 1.14 1.15 1.32 1.28 1.36 1.70 1.95 1.70 1.31 0.98 0.93 1.10 1.14 1.18 1.47 1.82 1.74 1.86 1.79
1.98 2.19 1.51 0.99 1.32 2.72 1.88 1.83 1.72 1.29 1.70 2.61 2.90 1.59 2.20 2.14 2.70 2.54 2.51 2.28 2.44 2.47 2.38 2.14 2.13 1.72 1.47 1.11 2.13 2.51 1.79 2.38 2.44 2.07 1.88 1.66 1.61 1.68 1.68 1.93 2.04 2.20 2.13 1.71 1.68 1.82 1.69 1.72 1.70 1.73 1.57 1.51 1.48 1.55 1.46 1.47 1.64 1.45 1.39 0.93 1.00 0.95 0.97 0.86 0.88 0.93 0.94 1.08 1.25 1.60 1.55 1.22 1.40 1.20 1.05 1.14 1.22 1.30 1.39 1.40 1.55 1.69 1.68
2.24 2.14 1.39 1.48 1.10 1.47 2.13 1.90 1.50 1.12 2.37 3.15 3.17 1.08 1.30 2.28 2.67 2.53 2.55 2.22 2.62 2.47 2.15 2.12 2.05 2.10 1.36 1.49 1.86 2.56 2.17 1.53 2.27 4.09 1.82 1.64 1.70 1.64 1.83 2.11 1.94 1.92 2.10 2.00 0.99 1.65 1.80 1.83 1.67 1.71 1.69 1.42 1.46 1.77 1.49 1.44 1.94 1.74 1.42 1.12 1.00 1.16 1.10 1.04 1.23 1.27 1.03 1.25 1.26 1.27 1.15 1.08 1.46 1.27 1.23 1.29 1.31 1.49 1.41 1.45 1.28 1.28 1.93
1.97 2.91 2.05 1.74 4.05 1.33 1.21 2.24 2.61 1.58 2.86 3.38 3.09 1.06 0.83 2.72 3.06 2.39 2.32 2.38 1.76 2.48 2.11 2.25 2.19 2.07 1.77 1.62 1.16 1.93 2.11 1.74 2.16 2.88 2.83 1.39 1.74 1.67 1.53 2.28 2.02 2.11 1.82 2.24 1.47 1.83 1.95 1.71 1.53 1.69 1.79 1.54 1.47 1.59 1.68 1.78 1.80 1.56 1.56 1.37 1.45 1.51 1.21 1.09 1.41 1.29 1.07 1.44 1.61 1.22 1.10 1.48 1.79 1.60 1.46 1.68 1.48 1.27 1.44 1.38 1.23 1.85 1.96
2.37 2.35 2.79 2.57 2.14 4.10 1.98 1.24 1.81 3.28 2.83 3.18 3.04 1.38 2.01 2.28 2.07 2.31 2.26 1.98 2.48 2.50 2.51 2.05 2.40 2.13 1.86 1.62 1.44 1.69 2.43 2.07 1.59 2.36 4.94 3.22 1.55 1.26 0.80 1.99 1.94 1.57 1.98 1.91 1.86 1.58 1.93 1.79 1.66 1.90 2.30 1.72 1.35 1.36 1.50 1.51 1.74 1.08 0.64 0.96 1.18 1.54 1.10 1.44 1.29 0.94 1.11 1.13 1.19 0.96 1.17 1.60 1.86 1.68 1.85 1.73 1.48 1.36 1.44 1.24 1.33 1.71 2.28
2.33 2.73 2.26 2.49 2.87 1.41 2.59 2.23 1.10 2.36 1.90 2.94 2.65 1.32 1.53 2.30 2.47 2.41 2.04 2.52 2.47 0.63 2.09 2.46 2.05 2.37 2.09 1.98 1.08 1.28 1.88 2.02 1.59 1.90 3.94 3.67 2.76 1.35 0.78 1.91 1.97 1.87 1.69 1.83 2.13 1.67 1.96 1.96 1.89 2.17 6.53 1.90 1.81 1.49 1.45 1.50 1.35 0.83 0.89 0.86 1.05 1.27 1.27 1.19 1.17 1.06 0.85 1.09 0.83 0.86 0.98 1.17 1.42 1.58 1.90 1.45 1.43 1.23 1.12 1.27 1.41 1.69 1.81
2.73 2.79 2.25 2.30 2.25 2.56 2.50 1.50 3.09 2.53 2.69 2.60 3.95 3.78 2.48 2.12 1.07 0.63 1.53 2.53 2.30 1.51 0.92 2.21 3.09 2.11 1.93 2.00 1.37 1.46 1.34 1.73 1.97 1.49 2.45 4.54 2.84 1.85 1.45 1.53 2.01 2.03 1.70 1.80 1.87 2.02 2.03 1.92 2.12 2.28 2.34 1.59 1.67 1.27 1.51 1.29 1.30 1.29 0.31 0.68 1.02 1.08 1.19 1.32 1.23 0.97 0.98 1.08 1.07 0.93 1.06 1.11 1.26 1.90 1.89 1.81 1.33 1.42 1.41 1.24 1.64 1.46 1.53
1.95 2.45 2.47 2.43 2.23 2.49 2.45 2.61 1.35 4.10 1.46 1.36 5.49 7.43 8.63 5.86 2.75 1.79 2.36 2.32 2.40 2.48 2.64 1.03 1.39 1.88 2.23 2.00 1.97 1.13 1.05 1.89 2.02 1.65 1.91 4.16 2.45 2.16 1.21 0.62 1.35 1.80 1.87 1.83 2.04 2.17 2.28 1.99 2.18 2.43 2.22 1.69 1.61 1.27 1.41 1.34 1.36 1.29 0.60 0.59 1.32 1.28 1.41 1.29 1.04 1.10 1.24 1.20 1.26 1.35 1.50 1.45 1.74 1.89 1.98 1.73 1.54 1.67 1.59 1.45 1.42 1.46 1.65
2.08 2.22 2.32 3.35 2.37 2.41 2.30 2.16 2.49 2.87 3.15 4.45 1.52 7.45 11.70 9.53 5.60 3.03 2.47 1.73 2.21 1.90 3.20 2.88 4.37 1.89 2.11 2.40 1.91 1.88 1.08 1.82 1.94 1.91 1.92 1.79 1.89 1.71 1.48 0.74 1.53 2.03 1.76 1.80 1.97 2.21 2.10 1.98 2.02 2.04 2.02 1.75 1.90 1.29 1.45 1.41 1.41 1.30 0.50 0.04 0.49 1.26 1.26 1.38 1.13 1.25 1.07 1.20 1.38 1.32 1.47 1.70 1.84 1.24 1.98 1.83 1.80 1.69 1.64 1.35 1.42 1.56 1.69
2.20 2.34 2.29 2.16 2.65 2.30 2.06 2.06 2.27 3.01 2.85 2.24 5.90 2.13 5.44 10.72 7.80 7.93 3.03 3.61 1.34 1.39 1.48 3.54 2.72 1.37 1.94 1.89 1.99 2.10 1.82 1.94 2.07 2.00 1.87 1.81 2.17 1.10 1.27 1.55 0.80 3.13 2.68 2.17 1.62 2.04 1.53 1.97 1.94 1.74 1.98 1.68 2.16 1.55 1.63 1.42 1.00 0.83 0.54 0.10 0.69 1.38 1.30 1.26 1.34 1.53 1.12 1.24 1.23 1.22 1.11 1.33 1.24 1.31 1.52 1.55 1.50 1.27 1.27 1.49 1.52 1.61 1.69
2.20 2.35 2.38 2.24 2.24 2.23 2.52 1.59 2.34 2.65 2.79 2.88 2.45 6.87 4.37 4.55 10.16 8.44 8.85 3.15 4.46 1.87 1.15 0.83 3.63 2.28 2.00 2.55 1.92 1.98 2.13 1.92 2.08 2.19 1.97 1.78 1.73 1.62 1.43 1.53 1.62 1.86 5.28 2.66 1.27 0.98 1.60 1.92 1.98 1.90 1.71 1.91 2.35 1.71 1.10 1.17 1.02 0.82 0.64 0.49 0.91 0.87 0.31 0.65 1.02 0.72 2.04 1.01 1.11 1.10 1.26 1.00 0.93 0.64 1.05 1.31 1.18 1.01 1.00 1.47 1.61 1.35 1.56
1.75 1.78 1.99 2.14 2.11 1.70 1.61 2.14 2.08 2.30 1.64 2.49 3.00 1.13 4.99 7.36 6.07 11.56 7.73 8.53 5.98 3.97 1.03 1.11 1.64 1.95 1.88 2.40 2.81 1.80 2.09 1.89 2.02 2.05 2.03 1.42 1.44 1.76 1.70 1.47 1.84 1.92 2.55 4.82 0.96 0.45 1.96 1.64 2.26 2.20 2.16 1.98 2.44 1.96 1.66 0.57 0.57 0.44 0.61 0.40 0.83 0.76 0.65 0.63 0.98 0.75 1.01 0.91 1.01 1.08 0.98 1.05 0.86 0.60 0.90 1.40 1.73 1.48 1.09 1.38 0.53 1.15 1.17
1.27 1.46 1.57 1.78 2.11 1.41 1.57 1.38 1.45 2.39 2.37 2.93 2.36 1.66 1.55 4.65 11.10 8.35 10.65 6.58 8.17 7.39 5.60 0.95 1.87 1.86 2.16 2.72 2.70 1.11 1.68 2.03 1.93 1.65 2.12 1.68 1.65 1.88 1.62 1.50 2.32 2.79 5.46 3.28 2.46 0.71 1.14 1.97 2.12 2.51 2.23 1.75 2.34 2.55 1.54 1.03 0.56 0.34 0.29 0.56 0.80 0.71 0.61 1.06 1.01 0.79 0.68 0.91 1.01 1.26 1.01 0.78 0.79 0.85 0.84 1.01 1.30 1.33 1.21 0.66 1.37 1.12 1.24
1.33 0.99 1.31 1.58 1.68 1.67 1.87 1.29 1.53 1.81 1.95 2.23 2.63 2.53 4.77 4.32 3.75 13.13 13.29 10.10 6.43 5.74 7.01 3.77 1.10 2.00 1.20 3.20 2.00 3.54 1.82 1.74 1.88 1.53 0.42 1.57 2.89 3.24 1.81 1.77 3.08 4.75 5.88 5.10 3.62 2.08 1.81 1.43 1.50 2.36 1.34 1.77 2.21 1.62 1.21 0.67 0.68 0.51 0.77 0.70 0.70 0.72 0.72 1.02 0.67 0.72 0.88 1.00 1.24 1.00 1.04 0.90 0.99 0.78 0.83 0.92 0.96 0.50 1.00 0.90 1.64 1.54 1.36
3.06 2.02 1.05 1.07 1.48 1.46 1.72 1.72 1.84 1.79 2.30 1.84 2.79 2.42 2.87 4.25 5.78 3.48 10.46 11.78 11.82 5.77 5.33 6.06 3.69 1.01 1.37 2.48 3.03 2.74 5.30 1.38 0.76 1.69 1.21 1.59 3.16 3.00 2.41 2.60 2.76 5.40 8.26 5.59 5.26 2.52 2.38 2.81 2.86 2.90 1.69 1.15 1.67 0.92 1.37 0.56 0.58 0.73 1.36 0.58 0.46 0.49 0.55 0.50 0.56 0.35 0.66 0.94 0.78 0.86 1.19 0.97 0.81 0.72 0.84 0.52 0.55 0.57 0.60 1.30 1.44 1.44 1.85
1.84 6.23 2.17 1.56 1.05 1.07 0.86 1.01 1.48 1.59 1.19 1.00 1.40 1.53 2.38 2.08 2.26 4.80 4.00 6.97 11.62 8.56 3.57 3.11 5.30 3.24 1.33 2.03 3.05 3.32 2.44 5.83 1.84 1.81 2.74 1.98 3.31 3.11 3.40 3.64 3.45 5.71 7.59 7.50 8.05 2.64 2.44 2.80 2.77 3.29 3.32 2.40 1.99 2.76 1.06 1.42 1.05 0.81 0.64 0.90 0.31 0.79 0.71 0.44 0.37 0.50 0.81 0.65 0.58 0.33 1.29 0.95 0.67 0.61 0.36 0.36 0.42 0.59 0.52 0.62 0.52 0.86 0.63
4.95 3.94 2.37 4.72 2.15 1.61 1.20 0.76 0.68 1.54 1.64 1.20 1.27 1.59 1.67 1.59 2.04 2.29 1.92 4.03 4.16 5.77 6.84 4.54 2.48 5.28 1.67 1.64 2.23 3.10 3.80 3.30 4.11 2.16 2.46 2.88 2.63 3.47 2.89 3.27 8.48 4.73 5.43 6.95 9.42 4.90 3.05 3.87 9.36 2.81 4.94 1.97 2.36 3.49 1.68 1.74 0.74 1.21 1.84 1.14 0.97 0.96 0.54 0.62 0.53 0.66 0.86 0.83 0.47 0.88 1.12 0.82 0.74 0.77 0.44 0.58 0.53 0.43 0.65 0.42 0.39 0.57 0.70
5.39 6.91 5.19 2.86 2.30 4.91 3.57 2.30 1.75 1.41 1.63 0.90 0.91 1.77 2.05 1.85 1.71 2.06 1.47 1.64 2.26 3.56 5.39 5.39 4.14 3.26 4.23 1.90 1.20 1.68 2.86 3.32 3.21 2.61 2.87 3.38 2.76 3.50 3.41 4.63 5.59 5.79 6.23 7.15 8.12 13.59 5.58 8.17 5.01 2.65 5.35 0.97 2.43 3.19 2.48 2.77 1.39 1.52 1.18 1.23 1.23 0.86 0.56 0.87 0.61 0.88 0.80 1.07 1.12 1.47 1.40 1.09 0.76 0.70 0.44 0.46 0.53 0.57 0.35 0.53 0.64 0.62 0.76
2.24 2.98 3.76 5.42 5.98 1.88 2.25 2.44 2.61 1.23 1.47 1.26 1.01 1.07 0.92 1.72 1.34 1.41 1.82 2.23 1.68 2.23 4.42 3.95 5.51 4.68 3.55 3.71 2.66 1.64 3.47 3.25 4.41 4.97 3.22 2.87 4.65 6.62 5.21 5.04 5.50 4.74 7.41 9.18 7.82 9.78 7.68 8.04 7.12 2.60 6.01 1.42 3.99 4.76 3.53 3.32 1.66 1.97 0.46 0.59 1.37 1.05 1.02 1.03 1.08 1.25 0.62 0.89 1.31 1.24 1.11 0.87 0.53 0.58 0.50 0.49 0.48 0.48 0.44 0.72 0.84 0.63 0.42
1.48 1.96 2.76 2.55 2.76 2.41 4.54 5.24 3.71 3.02 3.93 2.33 1.61 1.17 1.34 1.06 1.58 1.63 1.51 1.89 1.73 1.86 4.19 3.34 4.27 5.87 5.80 2.19 2.49 2.85 3.31 3.66 3.40 3.78 6.32 2.77 4.48 4.95 7.39 3.55 3.88 7.16 7.55 9.45 8.49 8.63 10.46 9.17 13.34 8.57 8.29 1.14 7.73 5.78 5.23 2.97 2.19 1.87 0.82 0.87 1.91 1.81 1.40 1.22 1.46 1.32 0.45 0.60 0.96 1.02 0.72 0.53 0.82 0.83 0.54 0.39 0.48 0.46 0.53 0.46 0.29 0.37 0.61
1.32 1.65 1.52 1.71 2.25 2.46 2.74 2.60 2.38 2.37 4.16 2.88 2.96 2.61 1.55 1.50 1.29 1.62 1.83 2.03 2.37 1.71 1.90 2.23 2.57 2.43 1.59 2.90 1.67 1.92 1.70 1.81 2.92 4.94 4.04 4.26 3.77 6.22 5.34 3.36 4.36 8.75 6.90 6.87 8.04 9.13 11.02 13.56 17.22 10.22 13.18 1.84 2.52 5.30 5.58 2.60 1.89 1.77 2.00 1.82 1.84 1.53 1.84 1.47 2.60 0.49 0.46 0.71 1.05 0.85 0.57 0.67 0.88 0.83 0.51 0.40 0.37 0.38 0.29 0.22 0.34 0.30 0.36
1.67 1.50 1.81 1.50 1.54 2.07 1.66 1.98 2.36 1.19 2.30 2.70 3.52 3.05 1.34 1.22 1.45 1.80 1.57 1.57 2.02 2.71 2.22 1.84 2.16 2.17 1.84 1.33 1.44 1.77 1.80 1.97 2.92 3.29 4.05 3.39 2.35 6.05 4.15 5.61 5.81 6.81 9.28 7.74 7.91 8.99 11.26 15.30 19.33 17.70 22.96 4.48 1.60 5.81 5.19 2.70 2.21 1.37 2.49 1.97 1.65 1.77 2.50 2.07 0.96 0.70 0.72 0.88 1.11 0.97 1.61 0.54 0.73 0.57 0.51 0.31 0.37 0.37 0.17 0.26 0.39 0.34 0.20
