DATA/Ex_dossier_pluie/24h/PH_20111105080000.asc
NCOLS 95
NROWS 110
XLLCENTER 939500
YLLCENTER 1831500
CELLSIZE 1000
NODATA_VALUE -999
[rows 72 to 107 of 110, columns 0 to 80 of 95]
4.66 7.35 6.72 4.46 3.27 3.31 4.17 4.09 5.18 3.11 5.53 8.57 9.38 8.50 8.14 8.73 9.24 8.14 7.75 9.34 8.84 8.10 6.91 9.46 10.19 11.53 13.01 13.62 12.32 15.89 13.85 10.93 11.89 11.76 13.54 16.28 14.03 18.28 19.89 16.92 19.75 15.07 13.41 9.52 10.63 14.61 15.71 10.87 10.07 9.42 10.33 7.79 7.49 6.56 6.26 5.97 3.56 2.47 5.71 8.21 6.49 5.19 4.28 -999 -999 -999 -999 -999 1.33 1.47 1.63 2.49 4.78 3.98 3.66 3.48 4.75 7.11 7.42 6.86 8.27
5.06 4.64 4.04 4.60 4.19 3.31 4.86 5.76 5.19 4.98 7.21 7.63 8.46 7.37 7.34 7.10 6.42 7.04 10.65 7.55 7.34 5.75 6.86 11.59 10.46 9.14 11.62 12.27 13.19 14.00 12.10 12.54 8.61 7.98 10.27 12.76 14.61 14.16 14.98 18.63 17.92 15.13 11.49 7.85 8.53 9.45 10.15 9.44 10.30 11.47 9.26 7.90 5.79 4.72 4.44 7.08 4.41 2.69 6.60 7.34 4.05 2.78 8.76 -999 -999 -999 -999 -999 -999 1.23 1.57 2.00 3.55 5.34 4.71 3.91 3.76 6.03 7.62 8.66 9.43
4.49 5.07 4.66 3.29 5.26 5.37 5.19 6.99 4.79 4.52 5.08 5.10 5.97 7.04 6.31 5.44 4.52 5.22 6.35 6.15 4.81 7.19 9.71 8.29 7.05 7.86 9.07 11.95 12.90 11.38 16.09 10.67 9.27 9.26 10.17 11.86 16.60 17.43 16.34 21.35 16.97 14.98 10.59 6.19 7.05 7.18 7.61 8.54 11.45 12.52 7.84 8.07 4.33 3.01 3.39 7.75 6.49 5.64 6.00 6.94 3.16 1.80 4.09 5.37 -999 -999 -999 -999 -999 -999 2.39 2.28 2.35 4.02 5.14 2.53 3.21 5.87 5.62 8.31 11.43
3.74 4.36 4.30 6.42 4.59 5.66 5.00 5.41 4.40 5.25 4.69 4.47 5.21 3.30 2.80 3.83 4.36 5.95 4.32 3.39 5.38 5.94 6.04 5.63 7.26 6.39 6.58 10.62 9.55 10.38 9.70 6.74 7.91 10.33 10.73 13.00 16.00 13.86 12.97 16.79 15.67 15.24 12.52 6.36 5.57 5.93 5.93 7.05 9.63 10.93 7.33 7.01 4.07 2.63 2.29 6.68 6.30 5.76 6.88 3.83 1.42 1.43 2.77 2.18 2.37 -999 -999 -999 -999 -999 -999 2.90 3.31 2.69 3.46 2.19 2.87 4.54 5.27 7.52 8.61
3.59 6.85 5.62 6.18 6.40 5.22 4.83 5.40 4.23 3.60 4.71 2.28 2.12 2.05 2.15 2.73 3.75 2.50 2.63 4.10 4.27 4.00 4.33 4.95 5.58 5.63 8.43 10.26 11.52 12.67 6.57 6.57 9.92 10.72 9.48 11.94 15.06 10.35 10.65 13.70 15.88 16.35 11.80 7.16 5.49 4.39 5.83 5.00 8.76 9.16 7.22 6.64 5.34 2.71 1.78 3.81 5.84 4.78 3.40 1.71 0.92 1.48 2.17 1.53 2.87 -999 -999 -999 -999 -999 -999 -999 3.05 2.41 2.86 2.34 2.86 4.21 4.17 5.44 7.59
3.94 4.12 4.70 5.47 4.85 5.61 3.32 2.52 2.21 2.96 2.27 1.51 1.88 2.33 2.46 3.75 2.60 2.39 3.24 3.33 3.43 3.90 3.57 5.02 5.36 6.00 8.40 10.13 10.32 6.99 5.73 6.65 14.52 15.53 13.40 10.76 12.87 10.95 10.65 9.45 14.98 13.02 13.13 7.47 4.81 3.59 4.69 4.52 5.85 7.51 6.08 5.56 5.36 2.62 1.48 3.34 4.60 4.98 3.96 1.06 0.93 1.09 1.20 1.50 2.66 2.69 -999 -999 -999 -999 -999 -999 -999 2.69 3.10 2.85 2.11 2.98 3.29 3.72 5.17
4.54 3.95 4.75 4.46 3.49 3.67 3.11 2.59 1.30 1.15 1.25 1.48 1.44 2.82 2.93 2.79 2.68 2.70 2.16 3.55 3.93 3.54 5.23 6.05 5.80 4.86 6.88 10.40 5.69 4.60 5.91 11.37 12.86 14.16 16.56 12.93 9.22 7.37 10.02 9.86 10.97 10.42 11.84 9.60 4.23 2.30 3.60 3.42 3.38 6.43 6.69 3.69 3.30 3.06 1.82 2.24 4.78 4.91 4.17 0.82 0.78 2.35 0.68 1.28 1.93 2.96 0.51 -999 -999 -999 -999 -999 -999 -999 6.78 2.76 0.75 1.34 0.98 2.13 2.87
4.31 3.76 4.99 3.03 2.72 3.35 2.96 1.71 1.51 1.19 1.39 1.67 1.58 1.57 3.09 3.35 2.29 2.06 2.55 3.42 3.91 4.00 4.84 6.37 5.26 4.86 8.21 7.59 2.58 3.64 6.32 9.65 9.83 16.35 12.76 13.91 10.09 9.86 8.36 10.43 12.10 7.96 9.74 6.40 3.99 2.83 2.92 2.78 2.36 5.11 3.31 2.23 2.35 1.51 0.88 1.17 3.10 4.58 3.55 1.91 0.39 2.03 0.70 0.79 0.84 1.21 0.23 -999 -999 -999 -999 -999 -999 -999 -999 1.61 0.59 0.53 0.44 1.10 1.89
3.92 2.90 2.70 2.15 2.66 2.33 3.38 2.28 2.86 1.73 1.97 2.86 1.53 3.68 2.24 3.00 1.91 2.68 3.10 3.56 3.85 3.19 4.18 4.50 3.93 4.14 6.52 2.93 1.46 3.81 6.32 7.46 8.63 7.49 8.42 10.20 10.40 13.52 9.30 10.58 11.07 6.63 7.36 8.16 3.50 2.24 2.31 1.45 1.64 3.56 2.51 2.72 3.05 1.08 0.84 1.76 1.10 3.50 2.32 0.81 0.27 0.65 0.60 0.45 0.95 0.61 0.37 0.41 -999 -999 -999 -999 -999 -999 -999 -999 0.71 0.47 0.37 0.57 0.95
2.81 3.59 2.80 2.37 2.90 2.82 3.19 3.71 2.27 2.50 2.80 2.07 2.09 1.97 2.80 3.19 2.53 2.73 2.30 3.20 4.33 2.53 3.61 2.81 3.05 5.55 2.93 1.98 2.08 6.28 6.77 4.69 9.69 7.92 7.29 10.17 8.08 8.03 6.69 10.70 10.56 8.04 4.74 4.86 2.67 2.09 1.82 1.09 1.58 2.19 3.32 1.83 2.80 1.06 0.32 1.18 0.30 3.30 1.03 0.51 0.27 0.19 0.33 0.43 0.80 0.83 0.66 0.37 0.14 -999 -999 -999 -999 -999 -999 -999 -999 0.66 0.64 0.25 0.45
4.27 2.48 1.80 2.37 3.46 2.66 1.81 2.30 4.32 2.84 2.16 1.86 1.86 1.96 1.85 3.94 1.66 1.65 2.24 4.98 4.06 4.47 1.69 1.56 4.11 3.21 2.03 2.02 2.51 6.41 5.63 3.05 6.48 5.66 5.56 6.86 10.53 6.74 6.89 10.90 9.13 5.15 4.87 5.21 3.25 2.13 1.13 0.98 0.98 1.70 1.79 1.73 1.55 1.37 0.16 0.36 0.09 1.29 0.81 0.64 0.27 0.11 0.19 0.29 0.24 0.44 0.72 0.49 0.08 0.00 -999 -999 -999 -999 -999 -999 -999 -999 0.43 0.41 0.29
3.00 2.97 1.96 1.22 2.67 5.48 1.47 2.62 2.31 1.90 2.59 2.12 2.01 1.67 2.21 1.58 2.08 2.24 3.76 3.24 5.53 2.57 1.68 2.91 2.93 1.57 1.02 1.93 4.66 3.99 3.21 6.25 5.77 5.70 7.43 6.44 7.58 8.79 7.38 7.48 9.15 8.41 4.99 4.89 3.36 2.23 1.42 1.01 0.78 0.42 1.43 0.56 1.38 2.30 0.28 0.15 0.08 0.23 0.70 0.41 0.28 0.16 0.12 0.14 0.13 0.33 0.33 0.24 0.10 0.07 -999 -999 -999 -999 -999 -999 -999 -999 -999 0.46 0.34
4.42 3.75 1.90 2.00 2.66 2.57 1.20 1.27 1.93 2.34 2.30 3.00 3.31 2.32 1.64 1.89 3.99 6.03 3.50 3.26 3.19 2.76 4.06 3.65 1.49 1.02 1.88 2.40 4.33 2.98 3.45 5.63 6.65 6.61 7.21 6.56 3.45 5.25 9.29 6.36 5.42 4.27 4.32 4.56 2.49 1.11 0.97 0.51 0.49 0.21 0.30 0.36 0.51 0.51 0.30 0.17 0.13 0.11 0.20 0.20 0.24 0.06 0.03 0.11 0.07 0.17 0.22 0.06 0.03 0.01 0.03 -999 -999 -999 -999 -999 -999 -999 -999 -999 0.23
3.65 2.83 2.48 2.45 1.72 1.44 0.87 3.19 1.72 2.61 2.83 3.48 3.17 2.18 2.34 1.80 5.53 4.52 3.78 2.55 3.47 2.68 4.15 2.45 1.52 1.46 1.26 3.53 2.95 2.05 3.91 2.55 3.07 6.01 4.38 4.21 6.22 5.96 4.31 6.58 6.40 5.35 5.68 4.49 2.33 0.58 0.80 0.39 0.21 0.16 0.21 0.27 0.23 0.37 0.37 0.03 0.04 0.01 0.03 0.12 0.16 0.18 0.03 0.06 0.04 0.09 0.03 0.10 0.06 0.01 0.04 0.00 -999 -999 -999 -999 -999 -999 -999 -999 -999
2.65 2.26 1.33 1.24 1.09 1.08 0.97 2.13 2.69 3.38 3.68 3.57 3.10 3.76 2.41 3.21 3.32 4.14 3.29 2.47 2.71 5.42 7.14 1.69 1.28 1.18 1.08 1.69 1.39 1.14 1.67 1.56 3.76 4.89 3.59 3.25 3.51 4.31 7.42 7.35 4.87 6.81 7.74 5.50 2.03 0.76 0.94 0.50 0.45 0.22 0.34 0.22 0.55 0.29 0.41 0.02 0.02 0.01 0.00 0.02 0.33 0.18 0.03 0.00 0.00 0.03 0.03 0.05 0.05 0.05 0.00 0.00 -999 -999 -999 -999 -999 -999 -999 -999 -999
1.27 2.44 0.67 1.38 1.31 1.46 1.41 1.80 4.03 4.42 4.15 3.52 2.94 2.68 2.94 3.09 2.49 3.65 2.26 3.37 3.27 5.62 5.24 1.63 1.35 1.18 0.98 1.53 1.52 2.07 1.18 2.45 2.21 2.56 4.20 3.65 2.61 2.56 4.43 7.79 5.08 6.11 9.39 9.25 3.21 1.04 0.87 0.46 0.56 0.36 0.19 0.18 0.15 0.23 1.16 0.27 0.01 0.01 0.01 0.02 0.06 0.09 0.01 0.02 0.01 0.03 0.05 0.11 0.11 0.04 0.00 0.05 0.05 -999 -999 -999 -999 -999 -999 -999 -999
2.05 0.67 0.99 1.25 1.01 1.51 1.75 1.82 2.18 2.65 2.71 4.12 3.57 2.44 2.16 2.91 1.35 1.08 2.58 2.15 3.22 4.09 4.45 1.68 1.25 1.40 1.09 1.21 1.18 1.56 1.09 2.83 2.50 5.85 3.79 3.55 4.78 3.62 5.91 6.15 6.35 7.85 7.69 7.49 3.02 1.47 1.12 0.32 0.27 0.20 0.15 0.08 0.15 0.15 0.61 0.05 0.02 0.02 0.00 0.01 0.02 0.05 0.03 0.06 0.01 0.05 0.09 0.15 0.02 0.01 0.00 0.02 0.04 0.00 -999 -999 -999 -999 -999 -999 -999
0.65 1.95 2.22 1.22 1.50 1.54 1.22 1.56 2.14 3.27 3.35 3.58 2.46 1.95 3.36 2.37 2.08 2.03 1.65 2.62 1.18 3.83 2.21 1.71 1.98 1.55 1.07 1.16 0.99 0.85 1.68 2.06 2.96 7.09 3.35 4.39 4.15 3.62 3.65 4.86 3.70 5.67 6.13 6.75 4.00 3.59 1.36 0.16 0.06 0.33 0.16 0.28 0.11 0.07 0.09 0.05 0.02 0.01 0.01 0.00 0.01 0.01 0.02 0.03 0.00 0.00 0.04 0.06 0.01 0.01 0.04 0.00 0.02 0.00 -999 -999 -999 -999 -999 -999 -999
0.75 0.93 1.17 0.97 1.45 1.32 1.23 1.62 1.20 1.44 2.47 2.34 3.02 2.68 1.29 1.78 2.16 1.26 2.03 1.97 2.68 1.63 1.45 1.30 1.76 1.52 0.90 0.77 0.71 1.14 1.61 1.63 3.30 4.54 2.80 4.29 4.08 3.31 4.56 3.39 3.36 3.84 6.91 4.86 2.89 4.45 1.65 0.31 0.09 0.22 0.20 0.24 0.16 0.15 0.07 0.10 0.03 0.02 0.02 0.00 0.00 0.00 0.01 0.00 0.01 0.02 0.00 0.05 0.01 0.06 0.01 0.00 0.01 0.00 0.00 -999 -999 -999 -999 -999 -999
0.86 0.74 0.85 0.64 0.99 1.86 1.41 1.42 2.47 1.66 1.43 2.16 1.97 1.95 2.39 1.81 1.19 1.94 1.39 2.44 1.23 2.09 0.89 1.21 2.11 1.66 0.73 0.94 0.71 1.04 0.96 1.27 3.89 2.22 3.47 4.15 3.78 3.57 3.85 3.85 4.13 4.03 5.37 4.00 3.34 3.83 2.32 1.30 0.32 0.13 0.16 0.21 0.18 0.13 0.09 0.09 0.07 0.03 0.03 0.01 0.00 0.00 0.00 0.00 0.02 0.00 0.00 0.04 0.08 0.07 0.02 0.00 0.00 0.00 0.01 0.00 -999 -999 -999 -999 -999
1.10 1.01 0.85 1.17 1.88 1.87 0.71 1.33 2.57 2.24 1.45 2.77 1.88 2.12 1.97 2.71 1.39 1.26 1.69 1.39 1.17 0.84 0.87 2.14 3.69 1.15 0.84 1.22 0.75 0.81 1.51 1.43 3.17 2.85 6.48 4.97 4.90 5.73 6.37 4.26 4.46 6.74 6.25 3.15 3.78 2.29 1.95 1.48 0.58 0.44 0.16 0.24 0.19 0.14 0.04 0.06 0.10 0.05 0.02 0.02 0.02 0.01 0.01 0.00 0.00 0.00 0.00 0.00 0.07 0.03 0.00 0.00 0.00 0.00 0.02 0.02 -999 -999 -999 -999 -999
1.21 0.84 1.26 0.85 1.22 1.31 0.89 1.47 1.65 1.53 2.73 2.38 1.87 2.77 3.68 0.82 2.13 1.47 0.97 1.09 0.92 0.54 0.87 2.50 2.74 1.33 0.82 0.74 0.78 0.94 3.38 1.95 1.70 2.32 5.40 5.43 4.83 5.24 4.88 5.40 3.27 4.34 6.67 2.09 3.75 3.73 2.49 0.49 2.11 0.38 0.21 0.16 0.10 0.08 0.15 0.06 0.11 0.07 0.05 0.03 0.04 0.03 0.00 0.00 0.00 0.00 0.00 0.00 0.01 0.00 0.02 0.02 0.00 0.00 0.01 0.01 0.00 -999 -999 -999 -999
0.98 0.68 1.43 0.89 0.96 1.53 1.53 1.79 2.01 2.79 2.59 3.76 1.36 2.61 1.28 1.34 0.75 1.08 0.84 0.95 0.48 0.77 0.73 3.36 3.25 2.09 0.84 0.56 0.83 1.73 2.07 2.18 1.81 1.85 2.49 3.02 4.41 5.79 3.95 5.88 3.92 2.56 3.88 4.29 3.76 3.24 1.76 2.45 1.36 0.30 0.37 0.14 0.20 0.10 0.06 0.12 0.07 0.10 0.05 0.03 0.03 0.03 0.00 0.00 0.00 0.00 0.00 0.00 0.00 0.01 0.00 0.01 0.00 0.00 0.00 0.00 0.00 0.00 -999 -999 -999
0.74 0.76 1.43 1.20 1.41 2.14 1.64 1.23 2.13 2.28 2.89 1.14 1.36 2.05 2.89 2.06 1.23 1.00 1.02 0.97 0.77 0.65 0.84 1.53 1.37 4.10 0.56 0.63 0.74 2.04 1.42 1.53 1.14 1.77 1.82 3.52 8.06 7.03 5.37 5.71 3.94 4.15 2.28 2.98 2.12 1.56 1.36 2.69 1.58 1.30 0.22 0.46 0.17 0.05 0.07 0.12 0.09 0.06 0.07 0.05 0.02 0.01 0.01 0.00 0.00 0.00 0.00 0.00 0.00 0.00 0.03 0.00 0.00 0.00 0.00 0.00 0.00 0.02 -999 -999 -999
0.77 1.24 0.79 1.65 2.07 1.92 2.95 1.99 1.99 2.05 1.82 0.94 1.38 1.91 1.41 1.48 1.57 2.02 0.84 0.58 1.04 1.24 0.89 0.65 1.16 1.10 0.40 0.53 0.60 0.82 0.91 0.84 1.07 1.25 2.49 2.76 9.15 6.17 6.52 7.76 4.87 3.69 2.68 1.22 1.78 1.09 0.69 1.19 1.95 0.80 0.29 0.27 0.15 0.14 0.09 0.18 0.12 0.04 0.02 0.05 0.02 0.01 0.00 0.00 0.00 0.00 0.00 0.00 0.00 0.00 0.00 0.00 0.00 0.00 0.00 0.00 0.00 0.03 0.02 -999 -999
0.80 0.75 0.89 1.16 1.15 1.36 1.56 2.55 2.19 1.96 1.99 1.44 1.39 1.59 1.08 1.23 0.64 0.99 0.62 0.64 0.49 0.93 0.89 1.08 0.44 0.52 0.96 0.37 0.74 0.55 0.68 1.10 0.68 0.94 1.32 1.35 3.81 5.19 6.92 6.86 9.44 9.62 6.34 2.48 3.45 1.69 1.16 2.73 2.79 1.32 0.47 0.32 0.18 0.20 0.12 0.14 0.08 0.07 0.03 0.03 0.02 0.02 0.01 0.01 0.00 0.00 0.00 0.00 0.00 0.00 0.00 0.00 0.00 0.00 0.00 0.00 0.00 0.02 0.00 0.00 -999
0.59 0.84 0.99 0.76 1.23 1.14 1.25 1.84 1.62 1.43 1.44 2.74 1.60 1.04 2.11 1.02 0.85 0.75 0.62 0.68 0.54 0.91 0.84 0.26 0.28 0.49 0.88 0.36 0.52 0.45 0.74 1.03 1.09 1.18 0.85 1.20 2.37 4.22 6.62 5.86 9.40 10.04 7.57 3.51 3.86 1.61 0.69 2.01 2.68 2.02 1.49 0.35 0.20 0.14 0.19 0.22 0.06 0.06 0.01 0.03 0.03 0.04 0.04 0.00 0.00 0.00 0.00 0.00 0.00 0.00 0.00 0.00 0.00 0.00 0.00 0.00 0.00 0.01 0.03 0.01 -999
0.79 0.69 0.76 0.74 1.64 1.50 2.32 1.69 0.73 0.98 0.89 2.21 1.02 1.30 1.16 1.22 1.11 0.76 0.69 0.36 0.65 0.54 0.82 0.07 0.21 0.47 0.40 0.50 0.26 0.46 0.59 0.87 2.00 1.48 1.04 0.67 1.53 3.17 4.60 5.38 7.36 10.11 10.54 6.44 8.78 0.81 1.01 2.15 2.33 4.58 2.62 0.71 0.44 0.50 0.16 0.25 0.17 0.12 0.05 0.05 0.03 0.01 0.00 0.00 0.00 0.00 0.00 0.00 0.00 0.00 0.00 0.00 0.00 0.00 0.00 0.00 0.00 0.02 0.01 0.00 0.00
0.65 0.57 0.82 1.43 1.22 1.62 1.83 1.06 0.27 0.52 0.72 0.39 0.98 0.82 1.21 1.36 1.88 0.35 0.69 0.53 0.43 0.28 0.10 0.08 0.16 0.58 0.58 0.59 0.16 0.22 0.28 0.29 0.89 0.98 0.84 0.46 0.50 1.12 2.42 2.88 6.57 7.85 9.87 7.33 4.60 0.81 1.86 3.65 3.32 3.09 2.15 0.36 0.73 0.17 0.16 0.13 0.25 0.17 0.13 0.03 0.03 0.01 0.00 0.00 0.00 0.00 0.00 0.00 0.00 0.00 0.00 0.00 0.00 0.00 0.00 0.00 0.00 0.00 0.00 0.00 0.00
0.48 1.21 1.03 0.96 1.09 0.51 0.88 0.38 0.18 0.61 0.47 0.36 0.59 0.79 0.57 6.30 1.33 0.65 0.21 0.56 0.20 0.14 0.09 0.06 0.10 0.16 0.45 0.16 0.67 0.12 0.21 0.16 0.54 0.95 0.56 0.38 0.54 0.60 0.86 1.09 3.39 3.57 6.44 9.70 6.27 2.54 3.01 7.74 7.68 5.42 2.62 0.62 0.65 0.41 0.38 0.40 0.30 0.19 0.07 0.01 0.01 0.00 0.00 0.00 0.00 0.00 0.00 0.00 0.00 0.00 0.00 0.00 0.00 0.00 0.00 0.00 0.00 0.00 0.00 0.00 0.00
0.32 0.76 1.25 1.11 0.85 0.91 0.37 0.42 0.67 0.52 0.56 0.45 0.43 0.53 1.60 1.98 1.53 0.82 0.92 0.14 0.22 0.14 0.13 0.10 0.19 0.12 0.54 0.40 1.04 0.88 0.34 0.29 0.25 0.53 0.31 0.30 0.42 0.46 0.57 0.58 1.95 2.27 6.60 6.72 5.19 2.87 4.57 5.54 3.87 4.78 5.69 0.59 0.81 0.56 0.26 0.42 0.25 0.19 0.10 0.02 0.01 0.00 0.00 0.00 0.00 0.00 0.00 0.00 0.00 0.00 0.00 0.00 0.00 0.00 0.00 0.00 0.00 0.00 0.00 0.01 0.01
0.51 0.42 0.79 0.48 0.53 0.56 0.37 0.25 0.43 0.58 0.36 0.72 0.51 0.26 0.63 1.41 1.15 0.73 0.85 0.18 0.12 0.10 0.29 0.06 0.14 0.36 0.22 0.09 0.47 0.23 0.37 0.44 0.23 0.34 0.23 0.43 0.77 0.92 0.85 0.25 1.23 2.42 3.87 4.29 4.16 2.81 8.90 5.55 1.93 2.06 3.42 1.36 1.84 1.18 0.27 0.33 0.04 0.23 0.01 0.05 0.02 0.00 0.00 0.00 0.00 0.00 0.00 0.00 0.00 0.00 0.00 0.00 0.00 0.00 0.00 0.00 0.00 0.00 0.00 0.00 0.00
0.40 0.64 0.44 0.23 0.28 0.45 0.45 0.36 0.56 0.53 0.18 0.34 0.48 0.40 0.26 0.51 0.97 0.68 0.23 0.16 0.06 0.03 0.14 0.18 0.39 0.77 0.46 0.33 0.44 0.16 0.18 0.24 0.17 0.13 0.13 0.25 0.45 0.77 0.63 0.69 0.53 1.13 3.10 2.78 2.47 2.01 7.00 3.87 2.09 2.22 3.34 2.52 2.59 1.21 0.59 0.27 0.07 0.18 0.10 0.07 0.00 0.00 0.00 0.00 0.00 0.00 0.00 0.00 0.00 0.00 0.00 0.00 0.00 0.01 0.00 0.00 0.00 0.00 0.00 0.00 0.00
0.47 0.77 0.56 0.27 0.25 0.28 0.44 0.18 0.25 0.29 0.17 0.21 0.20 0.25 0.15 0.17 0.81 0.61 0.56 0.15 0.04 0.04 0.07 0.14 0.51 0.30 0.45 0.69 0.33 0.16 0.32 0.06 0.06 0.01 0.19 0.22 0.06 0.05 0.15 0.17 0.16 0.80 2.83 3.49 3.50 5.88 5.33 5.59 2.75 3.07 5.51 3.74 5.59 1.90 0.49 0.49 0.53 0.06 0.15 0.09 0.00 0.00 0.00 0.00 0.00 0.00 0.00 0.00 0.00 0.00 0.00 0.00 0.00 0.01 0.00 0.00 0.00 0.00 0.00 0.00 0.00
0.28 0.33 0.20 0.27 0.24 0.25 0.30 0.16 0.23 0.38 0.23 0.23 0.28 0.15 0.12 0.11 0.25 0.46 0.78 0.37 0.07 0.09 0.06 0.12 0.27 0.32 0.41 0.11 0.20 0.15 0.38 0.07 0.07 0.04 0.18 0.24 0.02 0.02 0.00 0.12 0.07 0.12 0.85 4.14 3.32 6.70 4.38 4.03 2.20 1.98 4.33 2.08 2.49 1.33 0.67 0.88 2.67 0.07 0.06 0.14 0.01 0.00 0.00 0.00 0.00 0.00 0.00 0.00 0.00 0.00 0.00 0.00 0.00 0.01 0.00 0.00 0.00 0.00 0.00 0.00 0.00
0.29 0.31 0.14 0.29 0.19 0.43 0.35 0.40 0.34 0.35 0.31 0.14 0.11 0.12 0.21 0.31 0.14 0.23 0.32 0.22 0.14 0.08 0.10 0.13 0.36 0.37 0.30 0.22 0.14 0.19 0.19 0.13 0.33 0.29 0.13 0.12 0.03 0.01 0.01 0.02 0.08 0.18 0.86 4.54 3.79 4.12 6.56 4.78 3.78 3.51 2.91 2.08 2.35 2.11 1.60 1.29 2.48 0.11 0.18 0.09 0.02 0.00 0.00 0.00 0.00 0.00 0.00 0.00 0.00 0.00 0.00 0.00 0.00 0.00 0.00 0.00 0.00 0.00 0.00 0.00 0.00
